39_Ice_Skating_Ice_Skating_39_169
24
336 833 23 43 0.38897058
329 820 40 70 0.3115858
449 645 30 59 0.25805452
897 702 47 66 0.17966205
349 676 20 34 0.13677233
234 780 21 39 0.116876006
233 796 12 22 0.10147013
549 684 25 41 0.09904016
209 806 31 61 0.097749874
356 669 25 46 0.09664783
199 828 14 25 0.09086724
515 613 81 119 0.062208593
200 831 20 37 0.05911347
896 697 68 98 0.04977824
455 662 21 47 0.04639005
35 728 15 31 0.04503532
374 651 23 37 0.04141205
889 689 36 65 0.04084555
388 838 16 30 0.032332264
364 825 43 64 0.028367072
535 662 43 70 0.023741515
882 700 47 80 0.022931883
277 1226 50 100 0.022437125
334 657 21 38 0.020783843
