39_Ice_Skating_iceskiing_39_541
20
591 145 25 25 0.2151212
582 142 40 36 0.18455563
411 116 116 96 0.11634914
227 420 99 62 0.06234193
327 3 16 15 0.055819638
472 300 70 70 0.051587958
439 134 64 57 0.049132224
-78 135 248 203 0.042863358
483 287 88 90 0.040646207
344 571 141 135 0.039383747
925 116 33 33 0.037755404
451 139 35 46 0.0362024
828 386 84 92 0.026696814
210 370 110 112 0.025265915
3 86 268 230 0.024835467
783 603 137 121 0.023396093
493 224 140 163 0.023146797
685 406 113 105 0.02303742
838 587 139 130 0.022077367
400 354 105 92 0.021006662
