39_Ice_Skating_iceskiing_39_348
31
966 628 16 24 0.3324052
594 294 34 43 0.30269122
991 659 20 27 0.12423677
906 630 11 16 0.120981075
580 557 136 151 0.101917274
903 630 8 11 0.079805136
59 917 156 162 0.0784834
707 459 172 228 0.0492075
660 778 301 369 0.045222703
527 696 64 85 0.041906107
150 492 192 242 0.040577203
225 549 37 54 0.03789907
701 851 186 223 0.03702874
179 595 105 113 0.036408253
592 599 104 134 0.035772495
173 508 114 139 0.03544944
252 43 20 31 0.033421796
464 684 72 112 0.030620694
565 822 243 277 0.02985568
383 110 62 89 0.029253934
273 469 204 252 0.028609566
464 634 145 179 0.02814631
316 48 57 59 0.027511863
86 948 72 96 0.02599594
493 51 203 243 0.024552675
324 82 101 146 0.02291221
594 549 181 237 0.021866495
242 33 47 56 0.021532204
673 273 211 275 0.020681635
432 39 55 53 0.020428197
823 202 126 159 0.020238766
