39_Ice_Skating_iceskiing_39_310
19
180 153 44 52 0.5823849
427 223 45 41 0.49945605
131 230 36 45 0.34207556
125 225 51 67 0.20694466
417 212 64 67 0.17699745
432 112 19 23 0.17339313
848 331 24 26 0.12108967
455 278 48 53 0.09075006
655 312 40 37 0.089542866
333 249 37 45 0.06149312
437 117 11 15 0.055977076
241 245 55 60 0.04445832
665 319 23 23 0.04165775
144 126 103 102 0.039376568
245 280 57 69 0.032924015
836 324 42 44 0.031389225
851 317 31 37 0.02879964
342 262 21 22 0.02226566
420 110 31 33 0.021039017
