39_Ice_Skating_Ice_Skating_39_417
27
608 205 87 92 0.79788804
244 249 74 74 0.75768185
306 246 74 76 0.6943465
500 279 78 90 0.6424211
472 161 21 23 0.5935119
863 175 16 20 0.48139122
243 187 27 26 0.41871098
369 164 23 21 0.36692992
979 162 10 12 0.27619323
516 299 50 61 0.2650086
383 220 33 51 0.21822561
250 192 17 19 0.19691415
621 233 62 58 0.14963748
244 230 110 106 0.1298178
293 233 119 113 0.11014897
981 165 6 6 0.07653508
986 164 7 9 0.061320607
300 185 21 21 0.05927115
311 279 57 54 0.03478974
250 278 62 53 0.034788832
625 234 27 40 0.033186167
468 223 32 37 0.031190375
422 204 11 13 0.027167719
253 263 34 41 0.024742823
618 241 40 47 0.023582024
356 232 55 45 0.022101527
303 195 15 16 0.020593427
