39_Ice_Skating_Ice_Skating_39_1047
60
248 113 52 58 0.8053182
748 152 54 58 0.7892396
812 76 24 25 0.6432938
726 82 21 26 0.6256936
597 130 26 27 0.6198983
737 5 21 20 0.6078171
827 144 27 31 0.55622894
525 131 24 25 0.5433335
947 6 19 21 0.5427725
966 192 25 26 0.53996295
307 12 26 24 0.5300074
882 168 32 34 0.5194967
234 16 28 25 0.5169245
670 3 22 20 0.51675
585 191 31 35 0.5166806
523 177 21 22 0.48539254
180 18 16 24 0.4809182
806 25 17 20 0.45199016
452 157 31 34 0.4374
950 12 11 12 0.4308145
1005 79 21 22 0.40916654
835 153 15 15 0.3809924
119 25 24 23 0.37574145
881 41 19 21 0.33842996
880 30 17 20 0.3156392
947 77 11 16 0.31424475
653 69 22 25 0.3124996
495 200 24 21 0.29233143
938 75 20 19 0.23192811
57 27 20 19 0.19780724
468 172 23 24 0.18818428
817 151 26 33 0.17815728
884 10 14 16 0.15886031
113 21 19 18 0.14917934
419 -3 15 14 0.11254801
924 144 23 24 0.105002746
917 65 27 26 0.10283577
400 -3 16 14 0.08922269
14 26 9 10 0.076705195
378 -6 17 18 0.0720882
555 161 105 97 0.06712378
200 85 160 130 0.063426256
919 146 13 17 0.059348557
534 0 14 12 0.056815267
955 179 46 42 0.05145291
979 75 19 24 0.045379024
39 20 14 15 0.04126135
951 160 14 19 0.038272906
706 -1 26 27 0.03476458
660 74 9 9 0.033392135
936 159 13 19 0.030265022
568 176 56 46 0.028750114
821 85 7 11 0.028574206
467 9 19 18 0.028430145
20 15 10 10 0.02632104
195 6 10 12 0.025255911
234 4 16 19 0.024774566
769 157 38 50 0.02343716
848 35 21 22 0.023088856
990 112 16 21 0.020154856
