39_Ice_Skating_iceskiing_39_342
26
802 697 19 20 0.56091875
872 644 24 25 0.5326086
548 701 19 16 0.21921025
675 673 13 14 0.17861362
279 127 50 44 0.16650996
672 666 17 20 0.15965901
672 679 16 16 0.14116758
748 702 13 14 0.13015562
737 693 15 14 0.12796539
768 718 4 5 0.10370651
249 112 72 66 0.077663854
884 697 18 20 0.05903349
598 714 21 17 0.047909144
554 707 7 7 0.045640685
544 -107 355 307 0.043740906
469 245 442 489 0.036340956
290 147 37 31 0.035194892
976 696 27 30 0.034728616
304 711 16 16 0.034226734
403 278 22 21 0.033627365
880 649 11 15 0.028549936
459 352 307 296 0.02488031
317 133 116 116 0.02419139
411 272 18 20 0.022663789
883 684 21 21 0.02226448
659 -46 200 184 0.02081984
