39_Ice_Skating_Ice_Skating_39_794
35
944 984 26 53 0.47568294
564 931 19 39 0.45771515
367 934 17 40 0.41405055
207 1137 30 64 0.4044942
319 940 22 36 0.3464973
48 1024 25 57 0.31553742
623 958 18 33 0.30975717
613 555 18 37 0.2475379
50 1151 54 84 0.22570537
695 943 17 31 0.19623469
681 517 12 26 0.16877095
676 513 20 35 0.15025865
327 951 13 30 0.14049102
620 560 12 28 0.123164386
742 501 23 44 0.10716404
991 924 20 42 0.09367068
626 977 13 26 0.07505752
317 947 18 31 0.062107157
39 1141 46 97 0.048344284
65 1181 28 61 0.04626956
403 683 19 40 0.046133816
409 782 20 38 0.04164778
39 927 22 47 0.03951397
401 691 26 56 0.038871363
607 558 18 37 0.030547837
92 701 87 157 0.029914439
669 685 139 251 0.028181102
84 743 71 126 0.026851095
478 269 118 195 0.025278298
178 912 25 51 0.02497698
994 938 10 20 0.024631504
247 634 72 127 0.023577064
918 969 49 91 0.021116866
374 681 76 150 0.021046424
598 511 20 42 0.020190459
