39_Ice_Skating_Ice_Skating_39_658
23
477 79 23 18 0.25502983
193 407 15 11 0.12797156
806 415 19 13 0.07977196
571 42 16 12 0.06696501
776 397 19 13 0.046227712
688 411 15 9 0.045873612
200 408 10 9 0.04409841
989 0 25 18 0.04386987
776 406 12 9 0.039345674
115 417 7 5 0.036753315
176 437 141 94 0.036559355
86 414 14 8 0.036388017
610 158 18 12 0.033668593
479 240 19 14 0.032003563
365 525 23 14 0.029955788
104 415 10 8 0.027181983
464 69 49 32 0.026286246
692 414 13 11 0.024951747
37 428 8 7 0.023953265
107 413 100 81 0.023896877
864 399 14 11 0.02148589
358 126 109 68 0.021249315
1009 412 8 6 0.020595891
