39_Ice_Skating_Ice_Skating_39_504
22
408 163 37 34 0.77811307
169 217 44 37 0.760299
615 231 38 32 0.73538667
96 176 23 17 0.43909842
981 165 17 14 0.41272065
685 131 19 13 0.41063356
622 130 16 11 0.36951634
939 159 15 10 0.2459379
925 152 20 14 0.1958563
347 144 19 17 0.18737951
346 147 14 12 0.16240987
101 180 14 11 0.1598363
694 138 5 5 0.11157609
416 164 22 27 0.09736073
254 130 8 6 0.09279924
688 137 8 5 0.057608355
949 155 20 18 0.044311017
903 142 8 5 0.041429024
251 118 12 10 0.03276813
619 243 25 25 0.030412696
922 167 17 10 0.02720843
306 -9 177 134 0.021249302
