39_Ice_Skating_Ice_Skating_39_156
19
569 58 63 72 0.77066976
448 98 65 79 0.758163
716 14 39 49 0.69965863
308 41 64 63 0.5564451
318 47 38 48 0.3167997
292 71 17 21 0.23143552
394 83 24 26 0.15810288
199 437 33 34 0.11287591
308 62 23 28 0.10422109
511 114 22 27 0.07846499
590 61 33 53 0.050768968
435 82 93 113 0.046336975
210 440 31 36 0.03119079
517 80 44 54 0.028339555
485 18 149 161 0.02442901
304 41 21 26 0.022415997
468 86 67 85 0.021622393
208 446 17 23 0.020758795
475 116 47 48 0.02047058
