39_Ice_Skating_Ice_Skating_39_546
25
211 251 67 64 0.70398253
380 287 65 65 0.681487
629 312 40 47 0.5424378
176 221 140 122 0.47814542
714 293 48 53 0.38285804
33 274 14 15 0.28347385
528 278 21 22 0.235747
34 272 19 24 0.19852088
721 306 45 55 0.17818798
567 288 19 19 0.10561805
680 346 31 40 0.06001648
439 305 28 28 0.051608626
543 284 18 23 0.050471727
292 294 14 12 0.038195472
296 290 25 28 0.0348617
464 296 29 29 0.03264094
572 298 9 9 0.03161224
615 297 64 59 0.027950006
621 293 19 21 0.027259972
618 259 36 38 0.027257772
404 296 35 56 0.02149863
214 183 19 27 0.021091983
207 240 53 60 0.020775702
640 319 47 47 0.02060166
90 280 17 15 0.020135753
