39_Ice_Skating_iceskiing_39_138
28
555 140 148 177 0.42012528
295 210 37 52 0.40654963
390 333 28 36 0.4056127
31 126 26 35 0.23971383
625 92 158 199 0.20240791
248 234 26 29 0.18319342
357 394 27 47 0.17301112
31 111 37 39 0.17294356
384 462 41 50 0.16648984
407 413 27 37 0.13987067
495 461 46 53 0.087429486
0 265 26 36 0.08062069
36 280 13 20 0.044756554
233 232 36 40 0.043598168
639 137 76 114 0.041055273
682 144 65 91 0.037879884
403 542 31 40 0.033385746
611 127 114 178 0.031956542
10 225 36 56 0.03084063
595 176 83 106 0.028748995
171 239 24 31 0.026573833
390 531 51 58 0.025687035
365 744 43 52 0.024916133
10 270 25 42 0.024600692
689 92 129 179 0.022399921
772 773 264 288 0.02165882
27 438 25 30 0.020022688
388 417 23 35 0.020007826
