39_Ice_Skating_Ice_Skating_39_1029
34
747 224 21 15 0.42526358
922 215 16 13 0.41839308
274 267 9 7 0.13947873
267 256 17 12 0.11121359
205 253 9 7 0.10478812
461 254 9 7 0.07824555
157 267 8 6 0.071693525
308 267 10 9 0.059655048
239 272 10 8 0.055463232
811 245 11 7 0.052157
659 230 8 8 0.050124895
104 254 11 7 0.047921102
591 230 16 12 0.046843354
261 261 12 10 0.04345973
342 255 9 6 0.04332496
647 229 8 7 0.042396482
400 257 9 8 0.041995585
306 253 10 7 0.040208045
412 266 8 6 0.036324132
815 247 7 6 0.033573527
420 258 6 4 0.031662505
389 261 6 4 0.030720944
323 256 10 8 0.029706191
522 234 15 10 0.025980974
354 65 10 7 0.025809279
100 259 5 3 0.025640484
524 255 9 7 0.02557224
167 258 5 4 0.025422791
679 232 9 8 0.024956632
236 72 11 9 0.022938823
611 232 10 8 0.022608021
123 253 6 5 0.022028562
575 232 8 6 0.021827405
311 65 12 9 0.020796364
