39_Ice_Skating_iceskiing_39_901
38
285 145 51 45 0.5882637
664 416 30 28 0.5599127
565 255 19 20 0.41574955
630 413 30 26 0.2980202
560 248 28 31 0.25319383
632 408 17 17 0.25122604
548 371 17 15 0.24201714
871 313 23 26 0.18256286
949 202 33 33 0.13306358
627 402 14 11 0.12325281
959 163 52 41 0.12065873
-12 333 46 52 0.107330486
916 299 22 18 0.105948895
672 425 15 17 0.09744262
853 304 62 58 0.09601946
528 493 53 64 0.08942131
814 265 22 24 0.073379815
517 513 45 29 0.05538712
688 321 12 11 0.05268418
892 156 66 48 0.04631734
958 212 22 21 0.043519747
763 316 16 13 0.036947623
699 322 11 9 0.036940496
915 304 29 28 0.03452468
375 265 28 27 0.0334361
898 304 25 21 0.03074122
851 304 19 18 0.02951307
341 111 24 25 0.029326197
774 297 22 20 0.028318921
459 146 22 22 0.027712291
386 142 24 21 0.025765665
853 288 29 25 0.025154088
766 351 17 17 0.02449114
339 104 24 22 0.023966916
623 512 273 230 0.023526633
980 174 22 26 0.023390254
438 413 25 24 0.02278683
594 346 10 9 0.020940986
