39_Ice_Skating_Ice_Skating_39_992
18
167 810 34 63 0.9935205578804016
318 251 41 83 0.9909982681274414
433 22 35 68 0.9764679670333862
949 243 26 62 0.9740669131278992
127 42 25 62 0.9475426077842712
302 837 47 80 0.9446707367897034
961 562 37 88 0.9333167672157288
847 118 39 88 0.9032529592514038
835 461 32 75 0.8918084502220154
750 -2 51 76 0.8357497453689575
545 699 53 127 0.819145917892456
305 675 48 84 0.7527961730957031
23 625 34 88 0.7520760893821716
744 355 30 68 0.6593318581581116
0 56 18 57 0.6525611281394958
159 26 22 56 0.5472531914710999
790 593 39 80 0.5259103178977966
811 250 24 55 0.5179709196090698
