39_Ice_Skating_iceskiing_39_583
49
784 150 25 22 0.61314815
515 122 32 24 0.47209638
447 211 60 57 0.44184604
447 142 26 24 0.31968364
346 181 27 26 0.2531257
352 187 17 16 0.24631159
260 22 32 28 0.23641099
316 4 42 23 0.12671271
263 33 22 23 0.11658241
456 141 29 22 0.11293189
632 219 18 16 0.07975335
909 170 16 13 0.06861749
491 142 26 22 0.06770574
898 173 15 11 0.06371013
696 206 9 8 0.061192703
683 204 14 12 0.057505205
609 150 18 12 0.05484351
631 246 14 11 0.05420209
782 160 19 18 0.05283424
562 320 30 24 0.04922226
232 60 27 23 0.049144022
319 126 27 20 0.0432583
328 129 13 12 0.03944429
314 55 33 27 0.038779598
845 178 20 15 0.037401065
244 35 37 39 0.037019584
905 41 9 6 0.03496371
661 301 173 156 0.03457203
608 248 23 21 0.03207895
737 206 24 17 0.031811304
662 178 16 13 0.030632848
371 0 27 13 0.030091256
556 143 18 13 0.029515227
645 109 86 59 0.029133413
741 31 17 10 0.027805919
914 203 12 10 0.027460316
313 69 14 11 0.027219318
856 115 11 8 0.02688113
449 171 30 27 0.025822286
395 101 22 17 0.025723869
408 126 21 19 0.02565991
395 168 29 28 0.02546036
533 200 44 39 0.024207786
991 171 13 12 0.023764089
856 32 15 11 0.022529328
605 171 18 14 0.02190583
423 121 14 12 0.021139666
854 187 7 6 0.020923503
906 205 10 8 0.02013947
