39_Ice_Skating_Ice_Skating_39_661
82
802 362 22 18 0.50906414
193 256 18 15 0.43965474
74 233 16 14 0.31185904
710 224 15 12 0.29229566
766 329 17 13 0.2803458
220 267 16 12 0.26209012
89 323 18 14 0.19602987
-3 260 20 17 0.17490855
226 263 14 10 0.17330234
111 247 18 13 0.16988242
454 507 16 16 0.15593119
160 298 19 15 0.15320845
522 285 16 11 0.1501412
481 188 16 12 0.14703885
617 170 16 14 0.1434675
35 256 35 27 0.14327192
715 270 15 12 0.13218918
952 250 16 13 0.12078006
0 372 15 16 0.106277056
493 478 24 18 0.100093134
196 263 12 9 0.08985748
454 501 23 16 0.08712369
822 225 14 11 0.084539294
598 227 11 10 0.08145646
118 251 11 9 0.079276025
805 359 15 15 0.07773584
559 182 12 10 0.07609041
268 196 8 6 0.06949879
525 262 11 10 0.06760286
18 260 17 15 0.064653866
754 249 11 9 0.063155614
166 307 11 9 0.06279062
450 307 14 11 0.062561944
344 191 12 8 0.059827484
640 189 14 10 0.059042983
341 191 10 8 0.05886688
976 290 14 12 0.052779764
419 194 9 6 0.052537836
381 189 10 7 0.051733032
441 492 51 49 0.0516572
600 185 10 9 0.051296964
507 488 21 18 0.048540007
438 492 31 24 0.047941342
875 224 19 16 0.046987217
612 177 10 6 0.046431266
619 183 14 10 0.045903873
22 68 15 12 0.045565255
156 380 16 13 0.044550516
0 258 15 11 0.042705048
968 285 17 12 0.04094075
551 178 12 8 0.040654253
596 230 7 6 0.039164662
145 383 19 16 0.03805298
468 189 11 9 0.037198607
498 484 17 17 0.037161473
791 404 42 34 0.035827026
690 306 15 13 0.035081863
453 192 9 5 0.032920893
517 499 18 14 0.032049034
503 477 23 17 0.031643867
518 506 17 14 0.030392753
806 417 21 17 0.027909782
477 306 7 8 0.026934573
703 225 35 24 0.026886344
719 193 9 7 0.02571615
244 255 8 7 0.025125602
830 252 17 14 0.024908835
926 292 17 11 0.02430046
705 189 11 9 0.023720587
103 75 14 9 0.023545051
416 417 14 14 0.023540579
764 214 10 9 0.023474624
869 225 29 23 0.023171373
480 376 12 10 0.02309533
226 198 6 4 0.02217103
843 229 22 17 0.02201128
11 351 13 11 0.021725453
86 314 20 16 0.021651953
373 249 14 11 0.021435985
256 196 8 6 0.021283476
496 256 15 11 0.02127536
842 286 18 13 0.020242577
