39_Ice_Skating_iceskiing_39_272
20
706 288 123 136 0.8045419
566 278 91 92 0.77386135
336 155 131 164 0.7453636
142 120 127 156 0.6778215
887 252 138 153 0.57941353
580 305 66 57 0.2015972
733 313 62 68 0.13477589
704 303 82 88 0.08592919
96 87 199 178 0.07871444
358 178 99 93 0.064278096
130 151 95 76 0.063285716
339 174 82 79 0.06115294
540 618 60 56 0.05475509
271 236 58 71 0.05304435
527 247 137 102 0.043679755
345 140 167 120 0.040908147
352 124 74 56 0.030911254
952 346 57 54 0.027796885
182 138 118 126 0.022832677
873 244 116 87 0.021753114
