39_Ice_Skating_iceskiing_39_121
25
196 33 134 170 0.8566744
662 51 113 136 0.8381762
234 63 85 98 0.22619744
682 69 58 89 0.1784737
708 82 49 61 0.12800407
261 73 66 77 0.06957665
675 85 35 59 0.06051818
182 57 101 112 0.05130838
92 320 346 297 0.04191012
725 77 56 71 0.037021734
718 103 30 37 0.03594429
660 368 198 178 0.032970987
628 72 83 83 0.031833064
27 218 330 315 0.03096637
980 554 20 21 0.03070795
600 251 282 252 0.029674437
991 562 7 8 0.028556893
729 65 89 92 0.028345622
245 37 144 150 0.028272798
175 527 218 203 0.026384396
101 280 219 221 0.025880627
687 105 48 62 0.025165731
191 166 182 181 0.02409935
628 319 151 142 0.023304088
171 315 107 123 0.022920689
