0_Parade_marchingband_1_267
70
163 249 33 31 0.70512336
-1 218 35 43 0.6330037
418 200 31 36 0.62708837
357 237 25 27 0.6217152
512 238 24 24 0.59124625
308 220 31 32 0.58761436
921 144 17 16 0.5125293
580 226 30 28 0.47031733
471 230 22 18 0.34645143
511 201 12 11 0.28981456
552 183 15 12 0.28048897
712 168 15 14 0.23359244
469 227 35 37 0.2124874
564 145 13 11 0.19451106
957 128 23 22 0.18095009
466 205 30 31 0.15251838
697 184 31 32 0.14452137
588 187 10 6 0.13212354
151 239 56 50 0.1276719
625 174 14 12 0.12554026
334 236 31 27 0.1220013
480 201 12 8 0.11176509
589 146 14 13 0.11088415
853 135 13 11 0.10599928
556 159 19 19 0.10496598
162 58 18 17 0.10462712
662 198 12 12 0.09724384
841 148 9 12 0.08878667
823 148 7 9 0.08772292
591 190 15 15 0.08305747
817 151 6 5 0.08175304
773 159 5 4 0.078509666
322 227 19 20 0.0779259
757 151 11 12 0.06134941
852 137 10 8 0.061051678
630 107 11 10 0.057218246
702 154 10 7 0.05435304
555 186 9 9 0.05415757
892 127 6 7 0.053725317
668 155 9 8 0.05335537
745 154 6 5 0.052714523
105 394 18 18 0.052016113
904 121 12 11 0.05163513
674 194 14 17 0.051241044
219 78 14 14 0.05023969
72 410 12 14 0.049036246
984 142 12 12 0.04878733
645 160 11 10 0.04814089
970 120 12 12 0.04478735
917 125 9 8 0.03882127
962 108 14 11 0.038286526
615 105 8 8 0.035221837
221 83 9 8 0.03497103
111 10 125 115 0.034405865
789 169 16 14 0.033710893
515 110 7 7 0.032569185
519 244 10 11 0.030875895
994 107 10 9 0.0294772
365 234 11 14 0.027022561
590 90 9 9 0.026774257
476 239 13 12 0.025401149
931 109 8 6 0.02509517
685 156 12 12 0.024977416
815 139 6 6 0.02263247
995 144 9 10 0.022537414
488 108 7 5 0.022468446
169 257 33 28 0.021387588
553 192 12 10 0.020895183
439 209 12 13 0.020518174
346 243 19 17 0.020144971
