0_Parade_Parade_0_266
71
954 338 24 27 0.4447061
675 377 80 75 0.37604642
995 327 24 26 0.36874604
855 577 24 29 0.36542284
909 441 22 23 0.29143226
713 373 42 63 0.210061
863 574 37 37 0.1710223
993 409 33 45 0.16251598
447 409 22 26 0.16001397
974 332 21 27 0.15721701
12 419 20 19 0.13032815
1001 428 21 28 0.1257142
28 421 10 12 0.12090014
991 300 31 40 0.10745359
163 336 11 11 0.09859859
452 286 22 22 0.09722089
35 417 20 19 0.09198245
615 285 34 35 0.08883889
161 414 14 16 0.08451941
1000 417 22 29 0.08045326
989 421 31 47 0.07986819
343 381 18 19 0.076660596
917 446 13 15 0.07574472
348 381 11 14 0.069582514
655 287 31 31 0.06359516
774 314 12 12 0.062476963
720 398 27 35 0.058743168
958 348 16 20 0.056377996
985 308 17 18 0.056246098
330 132 27 26 0.05480771
953 481 33 45 0.054380335
81 444 10 10 0.051726438
81 340 11 10 0.04990538
417 293 26 31 0.0492398
85 442 9 9 0.048823565
368 360 18 22 0.045997042
202 175 14 12 0.0413716
16 443 8 10 0.039725013
816 318 11 8 0.039615024
619 272 45 42 0.039263535
471 348 30 31 0.03565382
862 319 7 6 0.033583384
912 312 10 11 0.0334391
238 420 12 12 0.03226462
780 316 10 7 0.03133664
961 345 12 15 0.030098977
11 336 8 7 0.028141227
642 391 94 74 0.027800847
895 315 8 7 0.027243054
129 338 7 6 0.027052347
227 314 12 13 0.026932012
957 309 15 15 0.02674704
479 360 46 53 0.026347412
617 284 52 58 0.025700537
930 311 10 8 0.024654608
10 445 10 10 0.024244897
54 344 8 7 0.024035553
322 355 18 16 0.023870433
761 335 15 18 0.023868168
206 335 6 7 0.02370078
178 336 11 13 0.02333861
923 307 73 61 0.023330715
729 343 40 51 0.022772502
840 601 22 24 0.022354165
222 312 14 13 0.022285208
459 185 25 27 0.022130309
852 708 71 75 0.021532359
204 356 87 70 0.021523079
900 448 15 15 0.021496153
758 321 10 8 0.020863954
510 402 33 37 0.020526543
