0_Parade_marchingband_1_932
35
849 354 36 36 0.7364493
48 332 33 33 0.69070476
432 337 39 34 0.64555794
726 347 24 24 0.60513896
38 322 55 53 0.41545585
641 368 22 22 0.3340222
674 366 18 16 0.29708675
107 359 25 23 0.29646367
157 362 19 17 0.28382865
520 345 24 22 0.20194638
105 355 18 15 0.18168265
646 375 12 12 0.17911299
111 368 20 19 0.16217005
154 367 20 20 0.15606318
682 369 7 5 0.12993214
853 276 12 11 0.10458897
548 344 10 13 0.09713574
601 138 64 53 0.07742714
480 343 28 22 0.077128544
626 153 19 20 0.060625397
755 385 17 15 0.056135092
739 295 22 19 0.049162135
730 229 9 11 0.044236492
173 357 11 11 0.040556032
827 628 87 72 0.036486544
586 161 91 81 0.032062076
891 440 14 14 0.03201319
245 397 16 14 0.030668251
609 137 48 35 0.029246418
743 168 71 65 0.028850704
1 245 32 29 0.02748732
89 355 64 55 0.026339907
445 346 14 12 0.024828862
707 276 15 14 0.024375781
705 279 21 17 0.022389472
