0_Parade_Parade_0_376
39
761 151 56 53 0.7747754
923 152 36 37 0.65198183
629 204 33 34 0.6488222
392 227 44 47 0.5306674
606 121 25 22 0.4881753
150 260 35 33 0.43541825
323 243 43 42 0.41663662
447 230 36 39 0.3978652
538 236 31 33 0.3675447
392 209 38 34 0.36069995
208 596 48 55 0.16317563
411 143 25 23 0.10374854
365 284 30 40 0.08594448
896 590 80 64 0.07524889
893 621 79 59 0.06930502
470 325 173 143 0.059117395
938 156 38 36 0.056277625
116 68 102 94 0.05620261
686 214 24 25 0.055757392
910 619 51 47 0.04632817
373 289 21 24 0.04333003
473 205 20 23 0.043057762
539 218 26 22 0.041314065
533 242 19 20 0.03939087
592 418 27 22 0.03612044
167 285 25 26 0.03107129
261 237 29 25 0.031041348
178 250 19 18 0.025621071
27 -9 219 155 0.025499575
303 241 25 25 0.02474081
95 100 84 67 0.023051646
273 223 25 25 0.022768814
88 29 134 104 0.022333482
738 204 27 31 0.022325365
966 -2 58 67 0.022123944
739 511 20 20 0.02165413
137 103 61 50 0.02148399
375 206 38 38 0.020898817
126 262 26 26 0.020514729
