0_Parade_marchingband_1_620
83
908 324 43 39 0.74876773
800 417 29 29 0.73576224
113 272 30 29 0.6798801
664 340 26 27 0.65413624
843 353 26 22 0.5801227
764 339 36 29 0.57813066
440 246 17 18 0.5769659
604 244 24 19 0.5600315
245 192 38 36 0.5242596
900 219 23 20 0.52343714
855 199 22 21 0.48410386
327 246 25 23 0.46216062
818 254 27 25 0.4337553
958 232 17 18 0.36800483
190 177 27 19 0.34728178
1006 334 23 31 0.29199848
621 168 13 10 0.28357482
754 210 20 17 0.2691151
831 225 33 34 0.2594732
586 179 15 16 0.25205916
827 242 26 23 0.24563096
88 192 19 16 0.21697123
721 168 11 12 0.21515734
765 217 10 9 0.19522758
464 196 15 11 0.19255465
79 195 19 19 0.1912232
109 189 19 15 0.1876618
591 181 12 12 0.17880204
256 249 19 16 0.15046996
1010 339 17 18 0.14859831
403 192 12 10 0.14770338
893 209 25 18 0.14653721
738 326 80 58 0.13656642
168 194 12 11 0.1361493
291 242 9 8 0.117695406
312 167 12 11 0.11223304
728 167 14 13 0.10816906
185 184 16 15 0.09625573
305 183 19 17 0.089643426
294 246 10 9 0.08715633
520 183 6 6 0.08244511
310 184 14 10 0.08203389
142 236 18 18 0.073460504
408 187 12 9 0.0678867
334 252 10 8 0.06647548
464 202 8 7 0.06547266
938 572 44 39 0.06401006
894 213 17 12 0.062117063
311 247 13 13 0.06139467
405 203 6 7 0.056076
955 168 16 14 0.054215156
98 245 19 18 0.05352281
651 334 44 41 0.047986608
763 352 25 26 0.04763094
27 200 18 20 0.04749853
264 255 9 7 0.047167096
478 202 9 9 0.046376295
188 196 31 24 0.042112984
835 337 31 27 0.039234675
974 201 18 13 0.036894824
810 223 34 27 0.03558225
606 167 10 10 0.035406146
613 278 23 22 0.034315296
622 188 13 12 0.032987643
394 197 8 6 0.03130486
5 138 15 15 0.030325865
190 162 28 29 0.02838585
21 240 20 24 0.02771396
413 172 11 10 0.027630256
266 180 8 10 0.026245764
267 173 12 9 0.025958432
751 222 13 13 0.025509749
611 241 24 23 0.024013562
714 182 13 11 0.023672814
919 418 37 36 0.023639502
461 197 8 6 0.02358485
2 201 32 32 0.02318088
392 200 11 11 0.021935536
992 351 31 34 0.021902556
961 171 9 8 0.021544157
489 171 11 9 0.020707289
980 271 20 22 0.020458343
767 331 47 44 0.020233477
