0_Parade_marchingband_1_629
58
953 395 18 22 0.58689815
30 376 16 20 0.4025489
225 357 29 30 0.4011282
854 382 21 27 0.39798602
861 386 17 18 0.3447249
235 361 16 19 0.3166037
123 366 14 15 0.281605
610 374 8 9 0.26658252
47 333 21 19 0.23032662
633 326 12 13 0.220565
702 388 24 25 0.2169854
144 359 14 15 0.21064147
632 358 25 27 0.1927167
713 394 16 19 0.18807268
714 347 15 19 0.17404875
462 362 7 7 0.16675662
570 314 20 20 0.15697618
565 376 6 6 0.15203461
793 359 11 10 0.13937245
420 313 26 23 0.12971337
715 351 18 22 0.12357839
713 339 13 12 0.12047654
3 350 5 7 0.11692193
36 377 8 9 0.1098035
422 364 5 6 0.10567745
515 373 4 4 0.10272517
492 335 9 9 0.09934047
271 381 16 15 0.090691745
774 336 14 12 0.08931373
123 369 9 8 0.078227915
782 377 23 22 0.07676337
278 383 9 11 0.07123234
740 336 10 10 0.067476355
773 387 13 17 0.06632803
337 363 6 6 0.06317032
420 340 6 6 0.06312246
386 365 4 4 0.058694832
839 344 15 17 0.0550087
790 408 14 14 0.05228474
429 324 6 6 0.05199518
301 360 3 2 0.051607575
639 375 22 23 0.04738566
540 336 3 4 0.043158084
575 323 7 5 0.041750006
993 738 25 29 0.038852572
856 353 11 16 0.036573246
637 367 25 22 0.033099983
819 338 13 13 0.03173898
109 377 20 20 0.031118471
494 363 8 7 0.03002982
621 378 15 16 0.029806247
474 348 15 17 0.028274123
619 351 18 21 0.027049962
313 355 13 15 0.025802135
2 306 22 25 0.025568077
993 727 19 29 0.023419078
799 407 23 27 0.022623068
746 374 4 4 0.022148447
