0_Parade_Parade_0_906
30
638 230 130 172 0.831431
348 290 70 90 0.77144116
438 266 111 133 0.72278243
231 258 109 126 0.72136325
558 262 68 100 0.68399614
897 521 33 33 0.6233409
326 273 122 124 0.18776987
269 277 92 87 0.07974846
49 522 68 65 0.07469088
232 540 24 25 0.06419847
290 206 279 260 0.055716023
692 433 168 135 0.05268867
73 545 22 21 0.04959451
-37 4 168 143 0.040034894
194 251 110 116 0.039189503
220 526 51 55 0.039007276
246 291 51 61 0.038775083
38 452 126 123 0.037251636
432 219 212 181 0.037127662
64 539 36 32 0.036750782
601 -2 56 46 0.03042474
482 269 105 107 0.02945994
-19 36 101 105 0.02781782
363 485 101 85 0.027726665
197 272 169 145 0.02599937
543 469 101 90 0.023500813
356 320 49 51 0.023002341
160 231 46 49 0.02189523
746 584 95 80 0.021771725
414 249 112 123 0.021452446
