0_Parade_Parade_0_205
29
263 316 82 83 0.5717327
661 328 43 45 0.49591437
589 334 24 27 0.44512406
816 327 24 22 0.30234373
825 329 19 19 0.2606312
732 354 18 18 0.24049428
731 544 17 17 0.18253715
970 206 33 49 0.098344095
975 177 40 71 0.096243784
997 105 21 46 0.08050567
960 399 11 15 0.060937207
463 345 23 26 0.050690927
847 331 16 14 0.046635408
176 26 41 39 0.043737844
607 496 123 114 0.042707205
954 404 20 21 0.039161783
476 340 15 18 0.03824954
180 43 39 39 0.03647752
864 581 15 15 0.030979997
1006 556 13 20 0.029120462
164 26 34 32 0.027646765
269 327 40 44 0.027321173
885 338 12 12 0.02464986
865 570 12 15 0.02423556
958 392 18 18 0.023960318
628 542 22 23 0.02364417
162 341 12 12 0.023066284
712 348 25 25 0.021063518
547 336 22 24 0.020818822
