0_Parade_Parade_0_102
56
807 443 22 28 0.57288045
932 432 25 33 0.47651455
739 531 23 24 0.45042127
426 541 12 15 0.42531848
186 538 15 15 0.35024908
593 526 20 21 0.29862246
852 532 20 27 0.29156017
176 533 16 19 0.28309456
529 537 17 21 0.2817323
849 525 33 38 0.27609652
490 525 9 13 0.20333587
332 543 18 17 0.20187113
670 535 11 12 0.19513646
273 535 11 12 0.15402845
380 542 14 17 0.14452073
222 529 14 16 0.13800122
119 556 12 13 0.11945691
678 531 14 18 0.118038595
967 536 23 26 0.116783924
15 530 7 9 0.10849406
56 552 14 15 0.105175704
315 537 16 18 0.104690544
296 531 12 12 0.103734925
636 538 12 12 0.08926701
87 542 6 7 0.081195734
527 546 19 21 0.07855655
715 530 15 17 0.07159494
53 538 10 10 0.070674665
407 538 14 20 0.05920055
610 529 15 18 0.057478018
109 396 8 10 0.055329703
128 532 5 6 0.05212244
45 513 16 19 0.03717788
706 647 19 22 0.03522089
973 476 18 23 0.0333806
253 530 11 15 0.03320948
881 538 19 22 0.03208836
99 394 14 14 0.031935703
384 554 9 10 0.030899333
630 650 7 8 0.030134795
191 543 4 8 0.027895693
295 642 5 6 0.02696663
624 649 7 8 0.026548
560 547 7 9 0.024385378
706 650 10 11 0.023311604
553 547 12 19 0.023148978
761 509 19 20 0.02305269
971 442 16 19 0.022756627
811 530 74 67 0.022549802
60 519 8 6 0.021992438
77 515 12 14 0.02188883
156 392 9 9 0.021679606
774 386 25 25 0.021503149
833 557 35 38 0.021278607
479 -4 116 112 0.021230878
822 501 59 64 0.020736722
