0_Parade_marchingband_1_172
139
571 239 42 47 0.72619426
247 172 27 28 0.64553165
855 182 24 29 0.56324244
378 111 27 26 0.50386375
672 180 29 33 0.47497955
563 135 20 20 0.44826734
579 245 24 39 0.44397268
115 88 22 22 0.40674835
844 175 30 34 0.38994414
496 114 15 16 0.37810686
197 110 26 29 0.37238044
5 113 20 24 0.37156653
318 120 23 24 0.36154914
511 147 23 22 0.34670684
592 113 23 23 0.34460887
876 169 24 23 0.34312484
706 140 16 19 0.33531764
786 109 8 9 0.30417132
895 142 18 19 0.30239615
988 132 14 16 0.30149928
753 133 12 13 0.28073943
658 109 11 14 0.25034025
595 117 14 16 0.24820223
997 27 26 30 0.24709429
229 88 14 15 0.23365769
846 112 22 23 0.23044649
1 34 11 14 0.22945885
265 119 26 26 0.22777408
328 124 14 16 0.22094601
275 141 26 25 0.2152422
948 84 25 22 0.20617445
71 35 12 13 0.19607878
809 82 17 17 0.19319755
586 83 14 15 0.19042258
561 58 12 13 0.18757531
529 97 14 13 0.18511662
720 109 9 11 0.18293466
203 41 13 13 0.17789738
608 172 28 26 0.17153457
203 116 12 13 0.17008848
73 84 13 15 0.16840328
645 84 9 8 0.16318886
175 87 9 11 0.16216035
174 84 20 19 0.15884636
816 79 17 19 0.15630108
679 58 8 7 0.15444057
678 220 32 33 0.15081581
866 194 5 7 0.15059556
372 85 13 13 0.14353274
850 108 9 9 0.14101131
310 79 18 19 0.13154668
331 96 12 11 0.120062344
954 138 7 7 0.11588498
114 25 16 15 0.113286845
197 31 16 16 0.11322535
764 114 25 30 0.11163956
952 56 16 14 0.107807636
1008 79 11 12 0.107128054
863 149 10 11 0.106093474
756 127 13 14 0.10460066
695 182 26 30 0.09557279
883 112 5 6 0.09385781
380 158 28 29 0.09335283
608 57 10 8 0.09106975
407 73 6 5 0.0901796
42 8 15 12 0.08362878
537 134 29 28 0.082613826
917 82 15 15 0.08261021
600 159 32 29 0.082286015
970 119 10 9 0.08159685
312 86 7 7 0.07811243
43 74 18 20 0.07771081
267 101 14 11 0.076924585
447 117 7 9 0.07621338
261 103 23 22 0.07395379
259 56 6 6 0.07361428
605 200 22 24 0.06612327
818 167 15 20 0.0651814
969 127 14 15 0.06399267
786 52 9 9 0.06295768
386 115 9 12 0.062090777
492 70 10 9 0.06147299
914 72 9 8 0.061332773
491 81 5 7 0.061200067
683 63 15 16 0.059213426
555 110 10 11 0.058038827
191 95 12 10 0.057132732
5 10 8 8 0.053421542
932 96 6 6 0.051959224
983 247 21 25 0.05187021
774 90 7 8 0.05154553
451 150 10 10 0.0500162
508 183 32 33 0.049423635
93 79 22 24 0.04906043
617 169 20 21 0.046097044
766 173 21 24 0.045054745
750 55 4 5 0.04377191
514 192 31 35 0.04365847
382 165 17 20 0.042631112
991 173 21 30 0.039572712
464 72 16 16 0.038421765
302 134 15 16 0.037608698
739 42 6 5 0.037480216
906 27 16 14 0.037339468
916 16 13 12 0.037333902
594 32 11 8 0.035641927
22 440 192 176 0.03529241
543 70 20 21 0.035196543
87 568 212 191 0.03449726
-41 429 282 248 0.03226896
922 34 15 14 0.031354953
665 39 7 7 0.031091545
781 37 8 7 0.030530887
986 599 35 45 0.030257152
300 72 8 7 0.029722756
387 76 14 14 0.029599499
649 46 4 3 0.029554626
99 144 17 16 0.028825086
455 159 19 20 0.028442567
295 41 9 8 0.028112585
841 595 165 158 0.027323948
891 119 12 15 0.027271835
964 72 11 13 0.026640147
-1 672 164 150 0.025680894
84 4 9 9 0.025595926
674 86 12 13 0.02547351
642 106 20 19 0.025329204
192 0 17 16 0.025265384
244 77 18 17 0.0237433
701 83 5 5 0.023333818
876 226 25 29 0.02283315
765 62 10 10 0.022238664
676 154 10 8 0.02163471
451 82 3 4 0.021355044
278 43 6 5 0.021332044
132 67 5 6 0.021291092
663 214 52 47 0.02115895
471 117 18 26 0.020764347
711 73 11 10 0.020198653
