0_Parade_marchingband_1_881
41
328 163 28 30 0.4936287
712 181 27 31 0.44173628
633 166 26 24 0.30274376
886 198 17 19 0.30167955
48 230 19 20 0.2625318
223 212 19 20 0.23325771
277 203 14 16 0.22297674
557 203 18 16 0.17607489
10 217 10 13 0.16063799
141 257 16 19 0.14730798
773 205 14 16 0.11409971
725 183 21 28 0.11289212
227 211 14 12 0.10511246
749 196 18 18 0.0900399
5 204 18 23 0.08485695
182 210 12 13 0.07282087
223 309 15 14 0.05841112
229 220 12 13 0.05695272
185 217 7 8 0.055722453
263 205 18 17 0.054419618
860 202 15 16 0.049722526
84 227 10 10 0.047750108
101 237 12 11 0.043171417
933 221 18 17 0.041922443
95 244 9 9 0.039735783
134 259 11 11 0.038298715
845 203 16 16 0.037594248
163 238 10 11 0.036758102
777 219 11 11 0.036337104
373 223 22 25 0.02964837
998 258 12 11 0.029215777
930 226 10 11 0.028293576
225 303 8 10 0.0280625
718 171 36 35 0.025003482
10 213 9 9 0.024341935
34 226 9 15 0.023648573
473 191 16 15 0.023071526
807 220 9 11 0.022605129
82 207 15 15 0.022237675
978 243 13 15 0.02161263
533 306 13 17 0.020036919
