0_Parade_Parade_0_275
19
1003 420 12 15 0.15573044
549 703 15 20 0.13955213
859 179 10 10 0.13109535
928 434 13 14 0.0828655
549 639 16 16 0.07573065
885 179 24 22 0.073864624
589 729 14 17 0.059646394
516 673 16 20 0.058974545
599 625 11 13 0.05852975
812 184 8 9 0.043561205
827 641 12 14 0.043274008
793 441 12 11 0.039234243
925 383 16 16 0.035851173
983 415 17 24 0.030678902
856 409 12 12 0.030341208
1005 96 12 12 0.028611615
852 585 14 14 0.024984
885 421 10 8 0.020561785
129 673 14 16 0.020385044
