0_Parade_Parade_0_757
24
254 84 180 270 0.6484317
767 240 22 19 0.3086192
847 259 18 20 0.27000734
656 235 21 22 0.23949867
904 554 34 30 0.13462983
993 550 24 35 0.1013537
414 489 15 18 0.090296306
731 265 18 19 0.0661993
835 531 34 35 0.05980562
952 489 33 43 0.051915847
848 252 17 18 0.047875863
596 264 18 18 0.043675292
918 559 22 27 0.041319598
435 543 24 21 0.04077819
651 722 22 21 0.039773457
1002 561 17 21 0.036791936
252 137 139 162 0.034839753
-7 345 55 79 0.032580875
699 262 21 18 0.026522974
647 724 15 15 0.022741117
346 115 162 182 0.022586837
403 488 21 22 0.021839567
833 252 40 39 0.020634223
155 74 256 238 0.02049705
