0_Parade_Parade_0_12
48
724 133 54 59 0.7238957
833 118 35 38 0.6903951
905 146 36 39 0.6788709
477 168 43 48 0.67428243
1005 137 20 26 0.64735854
388 172 44 46 0.6418262
321 150 47 45 0.63176334
581 178 22 28 0.54961365
251 171 30 31 0.48997253
646 154 17 17 0.3992018
821 119 33 36 0.39856106
256 174 15 15 0.34871173
583 183 15 18 0.27449706
529 181 34 34 0.27144086
248 174 47 42 0.19076464
629 105 23 24 0.18713522
526 199 35 37 0.18011373
124 189 25 23 0.1490524
916 155 16 19 0.13766886
633 117 18 21 0.12269411
131 197 13 13 0.08947455
196 103 9 9 0.07846535
737 133 32 49 0.074786834
802 123 14 15 0.07125973
535 209 16 17 0.07119628
643 148 15 16 0.06270989
334 162 20 23 0.061918154
157 181 16 17 0.061437115
799 127 19 18 0.060608126
161 171 14 14 0.056237042
606 164 34 35 0.05185038
602 428 81 78 0.051820483
467 168 76 65 0.044041783
653 154 35 40 0.034133513
273 194 25 26 0.03411473
696 372 22 29 0.03363096
488 168 25 30 0.029538175
647 147 29 35 0.028714865
902 130 31 31 0.028186008
224 96 12 10 0.028093621
146 189 22 19 0.027230501
598 160 20 21 0.0261058
994 152 20 32 0.025115887
646 424 63 75 0.02471028
753 446 124 105 0.02339841
381 167 65 67 0.022711119
683 118 32 38 0.021637933
550 192 11 13 0.02000665
