0_Parade_marchingband_1_147
37
304 137 56 53 0.78020716
502 92 81 71 0.7599595
218 164 43 43 0.69910806
390 180 73 57 0.637133
228 174 25 23 0.5914248
612 152 50 43 0.5897111
86 152 42 37 0.5892721
322 152 23 24 0.50247693
164 131 42 41 0.4769167
403 187 47 43 0.40910858
307 26 37 29 0.37419647
16 162 27 29 0.30729723
864 160 43 46 0.30234754
156 115 59 58 0.26053196
875 172 23 21 0.20116983
710 103 22 22 0.18083188
339 53 31 32 0.16548784
411 175 67 53 0.13756491
618 153 29 31 0.1323249
400 53 35 35 0.11336295
904 180 109 145 0.08810308
708 108 22 26 0.078956306
201 3 18 16 0.053748306
345 63 20 22 0.040793393
430 156 60 57 0.03634031
391 35 61 56 0.03198958
435 105 57 56 0.030621702
399 -2 35 29 0.026353365
422 52 54 50 0.025343271
672 147 31 35 0.024267951
192 3 24 21 0.024162317
400 57 49 50 0.02307499
539 94 62 67 0.0225039
518 99 50 42 0.021262024
840 130 206 193 0.02077524
388 609 157 113 0.020672824
382 1 27 20 0.02039031
