0_Parade_Parade_0_72
50
455 388 27 28 0.6135725
124 338 34 39 0.5215725
251 379 24 25 0.5084174
403 380 23 23 0.4979458
345 465 25 28 0.497071
659 345 41 45 0.46542355
669 351 26 27 0.44467166
203 364 21 21 0.4136573
490 342 20 23 0.40289968
541 379 27 27 0.29448444
622 342 22 19 0.26259416
625 376 20 23 0.19780125
787 270 19 19 0.19211598
6 473 13 19 0.19059208
622 360 27 26 0.18341003
551 351 16 17 0.16474704
736 378 16 16 0.15045409
182 356 27 28 0.14967419
552 381 16 17 0.13529037
336 382 18 19 0.12903285
142 350 16 22 0.12046638
636 379 11 14 0.109897316
465 390 23 29 0.10464848
583 355 19 23 0.08615424
761 353 17 19 0.08107238
618 354 16 17 0.07388554
737 372 16 14 0.06361004
554 349 9 9 0.062220134
528 346 32 31 0.05569746
139 336 26 27 0.054801382
552 359 10 10 0.051875163
21 547 14 16 0.04841077
785 260 21 23 0.04593989
668 338 22 29 0.031714477
72 526 17 17 0.031210488
460 403 17 19 0.029624898
334 370 17 21 0.029121438
23 344 28 29 0.028344467
776 340 15 15 0.026512273
777 352 12 14 0.025713708
706 340 21 20 0.025584167
77 524 12 13 0.024541637
595 347 10 11 0.024473011
888 289 16 15 0.023922231
210 361 27 32 0.023587003
360 503 25 32 0.023245217
878 381 10 13 0.021647338
318 479 13 15 0.021331798
417 369 10 13 0.020972705
227 368 18 22 0.020770255
