0_Parade_Parade_0_472
76
318 115 47 45 0.7193533
59 141 33 29 0.5861432
511 132 36 39 0.5398346
170 177 22 21 0.49948424
645 124 15 18 0.49341607
604 266 46 42 0.4821123
557 137 27 25 0.4092142
302 286 22 23 0.36765856
593 246 67 82 0.35592923
805 192 14 15 0.3410769
931 223 26 25 0.3370726
837 119 25 24 0.29470128
914 147 18 16 0.2517941
842 477 34 31 0.24524118
955 149 25 22 0.24230778
743 123 18 19 0.21157587
614 152 22 20 0.19986859
827 125 17 18 0.16868669
891 475 34 33 0.1579353
549 131 23 25 0.15489247
920 149 17 15 0.13368158
206 241 20 20 0.13011988
295 276 42 42 0.12405146
704 126 16 16 0.117898226
994 148 20 19 0.11391127
808 128 17 16 0.10548771
975 150 16 17 0.10308192
852 166 25 27 0.10042115
712 109 21 17 0.10016721
540 137 25 27 0.0972831
978 212 20 22 0.09563976
516 70 21 22 0.09387058
235 170 15 15 0.08629413
624 161 25 23 0.08309707
519 134 14 15 0.08062868
103 277 27 21 0.07344302
694 124 17 17 0.06857236
216 261 16 17 0.068108924
448 155 20 20 0.063420676
682 144 20 17 0.06312562
828 163 21 19 0.06293643
478 126 25 25 0.06139136
222 274 16 16 0.058822528
66 143 17 23 0.05627384
618 156 24 20 0.051276207
179 180 14 16 0.049844436
445 483 28 30 0.04910037
190 409 27 29 0.048082132
477 118 46 41 0.047437105
409 147 29 27 0.047361333
328 124 30 28 0.046879932
669 128 18 14 0.04387454
588 223 21 20 0.040557772
831 79 17 17 0.03849238
601 147 23 17 0.038031593
849 246 18 19 0.037167102
821 105 21 18 0.036738068
50 149 25 26 0.036462404
967 218 21 19 0.034813017
230 183 8 8 0.030936643
748 143 16 17 0.030860199
293 268 31 39 0.029674627
741 145 17 16 0.027910864
811 143 21 18 0.026596602
896 471 25 25 0.026428886
193 219 21 24 0.025078308
879 469 53 46 0.024022639
367 91 125 100 0.02321465
694 143 13 14 0.02279453
993 217 22 18 0.022763642
318 144 26 29 0.021828098
511 139 47 45 0.021730658
839 99 17 20 0.021557784
969 240 24 24 0.020931752
501 484 25 27 0.020571424
703 101 35 34 0.020211123
