0_Parade_marchingband_1_311
43
479 306 16 18 0.4782754
415 309 15 17 0.37082744
827 325 15 16 0.36206004
259 298 26 24 0.2746844
535 334 12 13 0.1836479
334 319 11 12 0.17421016
714 346 9 11 0.17233339
542 330 11 12 0.15895884
388 330 12 11 0.15172727
198 298 13 12 0.14516358
329 313 12 14 0.14304133
322 320 10 11 0.13305114
772 337 10 12 0.113665774
395 326 10 11 0.10823246
192 300 11 11 0.103168495
623 334 9 10 0.08127975
713 328 8 9 0.077100374
756 330 8 9 0.06351697
341 121 31 35 0.06035901
252 305 12 13 0.059099518
666 334 6 8 0.058779784
316 323 7 7 0.057116576
594 328 5 6 0.052569717
232 309 10 9 0.04681793
461 321 11 12 0.042372108
109 41 200 175 0.039539207
102 311 8 9 0.035694838
604 331 7 8 0.032365054
74 46 119 112 0.032168154
306 541 171 170 0.030880343
613 350 6 7 0.029229987
557 335 5 5 0.028442364
458 308 19 18 0.02769968
765 86 128 110 0.02635419
156 312 8 7 0.025871716
627 348 4 7 0.025619023
772 345 9 13 0.024160853
840 326 20 21 0.023374451
738 327 6 6 0.022770034
97 314 5 4 0.02255282
387 312 13 12 0.020557256
665 350 4 6 0.020237522
459 323 8 8 0.020138027
