0_Parade_marchingband_1_710
22
453 128 82 82 0.7401572
-4 7 46 46 0.69843197
829 31 53 48 0.6504119
110 300 81 94 0.64749813
406 127 186 122 0.2267494
742 12 70 64 0.2108642
59 299 163 111 0.13125895
761 19 44 39 0.09334802
-1 12 29 30 0.06988555
99 489 35 33 0.0631414
44 451 12 10 0.062892355
65 173 38 28 0.059048176
209 394 61 48 0.055378422
89 492 33 28 0.045395337
457 105 22 23 0.042573657
119 345 48 38 0.04244247
280 462 43 35 0.027579706
73 466 61 45 0.025298733
34 446 27 20 0.023290744
337 386 119 81 0.023179833
815 38 73 56 0.020918814
17 127 130 86 0.020052548
