0_Parade_marchingband_1_445
44
464 144 53 44 0.61502004
159 109 29 25 0.47866505
375 3 31 23 0.34353006
262 114 34 28 0.33733916
664 127 37 32 0.29660207
78 176 36 40 0.22264068
405 125 28 26 0.20848265
183 6 19 16 0.20712647
843 129 23 21 0.2046259
333 105 23 22 0.1709721
397 87 23 23 0.16664736
834 130 17 19 0.12727563
817 134 15 14 0.12684394
395 108 34 26 0.123581395
694 137 25 25 0.12225125
716 152 22 17 0.11737442
167 107 41 35 0.11543818
247 130 23 23 0.111918926
419 129 14 14 0.10892615
238 4 16 13 0.10369902
821 122 26 19 0.09163442
709 144 34 18 0.084417485
562 136 22 24 0.0841087
329 139 38 35 0.08139925
843 117 22 18 0.077495374
728 142 20 20 0.07344352
244 3 21 16 0.06805297
809 7 11 9 0.05897605
882 114 11 9 0.0568985
337 100 19 19 0.050172854
265 1 22 16 0.048992895
667 118 30 25 0.048058733
649 108 55 46 0.045082424
240 136 23 18 0.03840644
345 154 20 18 0.036641162
19 228 39 40 0.03256497
79 111 26 22 0.031988654
291 118 12 12 0.029597385
921 109 44 38 0.028154105
27 218 44 47 0.027832977
444 112 30 29 0.026739923
231 69 35 33 0.025159461
558 425 107 86 0.021416185
954 107 50 44 0.020282904
