0_Parade_Parade_0_239
55
503 380 31 31 0.72251284
902 281 33 35 0.6904851
272 302 29 34 0.6317139
609 294 26 27 0.6034599
705 295 24 27 0.5717858
276 309 22 22 0.5702222
225 320 30 34 0.56212354
508 297 24 28 0.5469601
746 291 31 33 0.51589334
354 295 32 37 0.5097555
388 280 43 47 0.45957163
881 331 28 31 0.42461872
616 299 15 21 0.4234781
397 282 28 35 0.29715517
828 306 20 21 0.29516616
50 301 16 17 0.20298567
610 298 18 17 0.19167593
379 291 28 29 0.18364027
716 302 6 10 0.16838703
333 287 74 65 0.14205037
400 288 19 23 0.12298076
36 294 23 25 0.12173465
282 313 9 12 0.11772855
177 303 30 29 0.112012036
195 305 23 32 0.10784897
992 249 20 24 0.105358
826 310 10 9 0.10527905
360 355 22 28 0.09808276
995 252 11 17 0.08279115
488 293 18 23 0.08184707
890 345 30 31 0.07216335
316 297 23 26 0.06583136
492 370 54 59 0.062383313
909 290 21 24 0.059248064
758 302 9 12 0.055229947
845 309 18 17 0.04975641
500 289 41 40 0.036128532
370 284 20 27 0.034255248
866 45 116 111 0.03314586
86 291 16 19 0.03266926
867 318 50 57 0.032380305
880 326 24 25 0.029924762
619 285 13 16 0.029236037
477 279 26 25 0.027229749
495 318 21 29 0.026395608
924 655 107 104 0.024590848
250 -4 49 31 0.02424263
3 304 10 11 0.024046775
1 285 16 17 0.02377227
878 337 52 49 0.022819297
263 2 24 18 0.022743735
134 155 157 143 0.022146069
356 313 60 56 0.021805838
487 296 29 31 0.021723274
344 300 21 23 0.020683195
