0_Parade_marchingband_1_355
31
811 178 36 37 0.6534962
882 105 33 36 0.64196354
448 108 37 38 0.6409911
678 98 61 61 0.5809598
545 94 33 34 0.5083879
354 100 34 36 0.46318585
982 179 23 25 0.3877059
913 83 27 27 0.3534413
333 120 22 24 0.2994229
559 87 32 35 0.24302512
994 108 24 33 0.21444014
326 127 19 23 0.21097027
314 151 27 27 0.13947956
343 114 19 21 0.13693625
820 120 29 27 0.10366258
659 111 23 25 0.09718252
963 72 19 25 0.06761093
425 72 110 113 0.061115544
630 191 27 28 0.04872409
659 190 25 25 0.047968388
817 120 19 18 0.045712017
466 114 29 30 0.03243267
533 108 24 24 0.031885635
638 176 60 60 0.030875167
652 75 105 85 0.030814363
765 130 22 25 0.026622025
625 187 25 25 0.025690965
516 157 20 21 0.022571094
996 129 27 29 0.02161505
95 295 13 12 0.020200698
787 216 19 19 0.020167978
