0_Parade_Parade_0_873
219
812 508 78 75 0.80855614
315 466 57 56 0.79513913
970 461 58 76 0.7685829
724 483 60 69 0.7561874
597 489 74 70 0.7113334
847 557 153 130 0.6987268
436 521 102 87 0.6892604
310 402 49 46 0.6843499
442 391 54 50 0.63278794
86 579 101 103 0.5908889
907 398 74 63 0.5635357
-1 395 26 28 0.55574644
144 412 44 35 0.5461835
529 426 71 73 0.5070273
888 352 43 40 0.50701934
14 293 24 25 0.46798602
74 466 55 57 0.46373147
848 324 33 31 0.45675355
11 423 64 56 0.4544396
129 476 61 66 0.4361075
742 358 27 25 0.41613436
19 433 36 38 0.414032
623 310 35 29 0.40878063
659 622 66 53 0.40825576
994 314 19 18 0.39666763
397 325 37 28 0.3952658
334 372 26 22 0.37801895
666 395 30 27 0.37020695
990 360 40 39 0.36909467
84 374 17 16 0.3668563
744 318 18 19 0.3581832
707 411 41 31 0.35554042
443 371 30 31 0.34806716
525 365 29 28 0.3478598
634 372 21 19 0.3386213
106 603 54 73 0.33855134
370 327 16 13 0.31353
759 407 50 43 0.3122735
183 359 34 26 0.30375537
469 311 28 24 0.29591602
76 475 37 37 0.2958749
17 300 24 24 0.29346964
327 479 36 30 0.2932417
14 368 19 20 0.29312128
479 313 24 20 0.2916594
759 352 51 40 0.29109693
142 390 14 19 0.28067034
199 399 27 24 0.27622798
272 378 27 22 0.2758268
677 397 35 35 0.25896814
930 305 15 13 0.25316364
565 459 131 128 0.24795309
818 321 22 20 0.24692164
525 358 28 25 0.24114232
663 365 35 31 0.24085362
978 352 29 34 0.23958531
976 298 14 14 0.22970213
778 418 41 33 0.22840275
129 384 29 27 0.2255184
619 313 26 24 0.20858252
967 347 24 25 0.20754398
813 354 28 25 0.20444481
784 344 17 12 0.19397537
27 524 48 54 0.17920245
349 350 14 13 0.17788155
676 362 28 26 0.17069967
921 273 15 14 0.15986772
256 351 14 12 0.15936583
177 338 23 23 0.15734707
174 349 19 17 0.149529
313 321 19 18 0.14778258
443 343 28 25 0.14682466
983 301 17 21 0.1459692
802 387 40 40 0.13570787
804 355 25 19 0.13338347
164 342 14 12 0.13322428
623 336 26 26 0.12998709
254 359 30 26 0.12851256
883 551 93 111 0.12829241
985 278 12 12 0.12825379
913 306 20 20 0.12803127
220 311 12 11 0.1218336
531 303 22 19 0.121735394
616 362 29 28 0.12112174
788 427 46 45 0.12041625
452 356 25 24 0.11940675
707 298 7 7 0.11902616
130 370 16 15 0.11672598
864 585 90 88 0.11436503
232 323 13 10 0.11253615
850 352 147 118 0.11203571
92 350 11 10 0.11057732
428 309 12 12 0.1072883
941 309 6 7 0.10719348
274 325 11 9 0.100961216
475 305 19 19 0.09947596
26 350 21 21 0.099369034
87 359 27 26 0.099226676
522 344 20 20 0.09909616
43 344 7 8 0.099065945
332 329 7 6 0.09867098
310 360 7 7 0.095020965
705 344 25 27 0.094190694
223 395 19 19 0.094050415
307 445 44 62 0.09336099
991 284 10 9 0.09135243
226 397 23 24 0.09013514
395 342 20 20 0.088836536
300 361 18 19 0.08883382
619 301 47 48 0.08821282
576 319 33 27 0.08314153
567 307 17 15 0.08310663
523 319 18 16 0.082726985
762 353 23 22 0.08175789
88 458 55 47 0.07900556
860 281 11 9 0.07780539
664 316 10 13 0.077235416
773 392 28 23 0.076408155
536 313 22 20 0.07374663
885 371 38 46 0.069645226
619 356 56 55 0.06947017
802 490 123 112 0.06919701
592 372 23 20 0.06821128
535 358 33 37 0.068202294
313 328 8 7 0.06743214
747 359 10 12 0.06501078
649 351 145 120 0.0608764
407 336 18 18 0.059727542
583 347 19 19 0.05844008
898 377 50 45 0.05814213
951 367 33 29 0.05701492
670 631 33 38 0.05689831
539 477 39 37 0.056308925
750 363 13 14 0.055948682
427 377 86 71 0.055558223
461 444 49 56 0.054357547
648 524 56 55 0.05345952
712 319 12 15 0.053029776
89 468 71 61 0.052509274
899 318 25 21 0.051552698
277 639 96 54 0.05143662
448 321 32 28 0.05034212
527 383 28 32 0.049228866
899 356 20 17 0.04910815
475 354 10 9 0.047540143
688 303 15 16 0.047225732
861 338 6 7 0.04554647
165 402 28 30 0.044915255
692 457 103 108 0.04479601
237 576 48 61 0.04478004
813 303 5 4 0.044724762
780 408 55 49 0.044535395
993 296 11 11 0.04449977
958 341 38 39 0.043833863
824 313 26 23 0.043720167
279 384 17 19 0.04307248
464 401 30 35 0.041558005
904 307 7 7 0.04088233
514 383 26 25 0.04046846
14 345 15 15 0.040355437
880 409 85 77 0.039667495
786 306 6 7 0.039569348
819 366 12 11 0.03872982
755 308 19 17 0.037586775
355 638 112 54 0.03747984
739 303 7 6 0.03735013
607 384 27 30 0.03666582
163 320 14 13 0.035021096
670 308 12 11 0.035008922
156 325 13 8 0.034808915
612 493 107 102 0.034575883
562 343 15 14 0.034035265
633 307 16 18 0.033528734
325 396 28 25 0.032929316
201 324 9 8 0.03160955
988 342 37 36 0.031002728
135 402 67 58 0.030760847
-2 475 30 44 0.030714562
229 419 13 13 0.030452562
903 364 29 29 0.030105079
56 333 9 8 0.030074816
800 386 28 27 0.030061793
822 530 34 32 0.030049011
594 286 105 96 0.029800663
156 372 20 17 0.029795893
775 364 13 18 0.029438058
64 539 50 53 0.029185114
308 408 34 35 0.028627517
984 433 29 32 0.028587306
967 276 6 6 0.028464334
387 313 6 6 0.02749606
902 426 53 50 0.027303692
389 309 48 37 0.02658353
326 356 17 20 0.026464121
97 331 14 12 0.026383376
696 368 83 85 0.026196567
226 518 118 103 0.025939682
856 335 18 18 0.02564083
33 391 21 22 0.025246572
960 317 32 28 0.025060186
765 416 100 85 0.024173269
671 496 55 57 0.02365794
483 306 29 34 0.02352093
660 337 26 26 0.023488857
305 437 17 17 0.02313775
235 351 9 8 0.022210106
811 275 14 11 0.022189613
824 471 117 101 0.022072183
140 493 41 48 0.022045486
824 325 13 15 0.021175185
666 377 73 68 0.021016268
1 435 37 39 0.02095165
459 391 42 38 0.020906165
5 328 10 10 0.020855466
50 461 69 69 0.020683678
908 363 94 94 0.020664461
939 469 80 76 0.020501515
391 323 17 18 0.020332742
398 309 49 60 0.020138219
