0_Parade_marchingband_1_382
31
332 96 44 45 0.72427005
144 170 38 43 0.6994163
802 122 39 41 0.6294838
444 42 32 32 0.5980413
191 61 49 48 0.5263798
196 72 37 28 0.4660555
980 96 28 29 0.45632038
766 -1 24 18 0.2822188
918 139 21 21 0.26085457
919 72 23 23 0.23946884
732 142 26 25 0.23713294
926 74 24 23 0.22824714
935 0 13 12 0.14219823
895 128 24 23 0.13367423
878 18 55 46 0.1157339
81 56 30 30 0.08053094
902 70 15 17 0.07378313
909 27 20 22 0.0704087
970 71 23 25 0.06657805
768 12 44 43 0.062004283
114 159 92 76 0.057641886
994 11 14 14 0.05683248
156 177 18 29 0.053102884
899 137 10 10 0.052659936
915 9 21 20 0.049795702
735 0 41 26 0.049374342
941 64 55 42 0.044727128
206 79 17 17 0.030373434
901 52 11 13 0.028336424
966 81 59 50 0.02740199
969 93 30 29 0.02532336
