0_Parade_marchingband_1_465
79
103 598 24 22 0.53326356
289 251 20 20 0.30110675
226 248 18 17 0.26920047
727 235 19 20 0.23892862
464 262 14 12 0.18606593
44 304 10 8 0.16177233
340 214 23 22 0.1573602
516 255 12 10 0.12037215
519 256 14 12 0.11694863
519 205 15 15 0.11455918
467 269 6 6 0.10587349
32 303 9 10 0.09532684
423 216 12 11 0.09119777
164 243 11 10 0.090581484
121 170 7 6 0.089304425
84 305 10 7 0.07817616
465 500 19 18 0.07484455
445 486 26 24 0.072378196
907 287 13 12 0.06581963
992 249 10 12 0.064376034
165 228 11 10 0.060682576
119 302 9 8 0.0599567
314 645 38 27 0.059134483
780 161 12 10 0.058585424
519 264 8 7 0.057401568
332 212 14 14 0.055530313
483 510 19 18 0.053030055
484 216 13 13 0.052584
740 251 11 11 0.04851975
12 587 20 24 0.047752567
90 233 7 7 0.04488905
76 181 4 5 0.042897485
920 273 12 10 0.041688215
621 249 10 11 0.039795954
492 152 12 10 0.039042942
866 264 9 10 0.03902385
413 209 11 14 0.038291294
778 163 12 11 0.03816578
991 294 11 12 0.03796052
597 552 211 170 0.03619033
101 300 11 11 0.035606306
632 246 11 9 0.034453977
12 259 10 12 0.034420855
229 181 10 7 0.033984218
425 147 18 16 0.03304967
602 217 13 12 0.031771507
169 245 7 5 0.030645715
746 270 32 27 0.030116592
389 209 6 6 0.029716354
25 194 13 11 0.02888569
381 255 12 12 0.028872004
846 128 23 16 0.028585538
172 217 13 12 0.02669801
480 156 13 12 0.02656371
240 168 12 12 0.026317459
996 250 8 7 0.02561545
385 205 15 14 0.025291849
2 248 14 13 0.024443867
819 179 12 9 0.02435789
257 159 10 8 0.02421005
318 107 40 36 0.024112731
293 154 14 11 0.023966964
243 198 11 10 0.023958405
63 181 8 7 0.023872547
229 156 14 11 0.02379497
894 222 12 10 0.023669325
661 244 20 16 0.023397395
340 155 12 11 0.023380606
760 276 8 7 0.02322843
93 223 11 11 0.02255744
500 220 12 12 0.022392506
683 590 111 94 0.022379534
765 276 10 12 0.02228469
1002 297 11 10 0.021415066
866 269 7 8 0.020670159
622 145 13 11 0.020530986
679 250 10 10 0.020503512
891 172 4 4 0.020101532
699 243 8 6 0.020049535
