0_Parade_Parade_0_286
47
952 553 67 77 0.6992156
582 563 25 26 0.32523647
587 570 16 17 0.28878284
80 514 23 25 0.21214339
734 465 45 49 0.1897574
529 550 19 19 0.17884639
328 497 30 32 0.15151264
534 158 21 17 0.13586727
457 526 18 19 0.11532052
56 495 15 16 0.113261566
586 525 14 14 0.108491346
688 166 17 15 0.1018729
903 519 34 33 0.10172622
889 421 24 25 0.09786419
738 481 41 46 0.08725031
83 521 16 16 0.08646951
47 499 15 21 0.07774083
790 170 15 15 0.072589025
615 616 117 83 0.07135465
367 645 70 51 0.07060215
317 476 35 34 0.06378975
462 551 21 21 0.06073122
620 501 15 15 0.059773438
412 515 24 27 0.05631585
841 499 46 57 0.048044477
242 521 26 22 0.044038087
599 515 14 14 0.042417113
961 504 21 25 0.041315228
88 552 29 34 0.039458126
585 335 9 10 0.037564125
923 458 21 23 0.036423117
898 527 21 24 0.035380017
513 534 15 17 0.034987714
568 465 8 8 0.033225883
692 167 10 10 0.031050662
509 332 20 18 0.029842988
257 555 22 25 0.027544105
834 547 55 60 0.027255042
835 174 13 12 0.025353128
888 529 44 53 0.024272274
-1 477 21 19 0.024132613
849 163 19 16 0.022996621
23 485 16 18 0.022989562
795 175 9 8 0.022845283
605 165 21 17 0.022166932
288 560 29 33 0.021170558
567 534 14 10 0.02097753
