0_Parade_marchingband_1_759
74
136 150 49 53 0.7827238
136 55 39 41 0.6899603
364 24 56 54 0.68712753
400 130 47 53 0.68150806
175 8 43 48 0.68006873
497 142 42 55 0.6714796
569 140 62 60 0.6193944
303 24 47 52 0.6157902
333 124 55 55 0.59742856
13 40 26 33 0.5839649
130 42 59 66 0.541987
618 116 85 79 0.53787196
225 14 39 40 0.4978722
81 19 45 46 0.4718327
386 41 12 22 0.44215453
483 125 71 91 0.4245903
55 50 27 28 0.41781825
19 48 13 17 0.38870212
88 22 28 27 0.38102555
283 7 83 84 0.3751364
528 111 141 117 0.35299277
30 40 31 39 0.21955854
582 134 45 49 0.14824443
59 207 16 17 0.11978105
185 98 49 47 0.11567367
6 30 11 12 0.108264
205 102 41 44 0.10788819
379 42 27 27 0.10386188
145 163 33 34 0.09128568
42 198 25 30 0.08594942
576 104 110 106 0.077836506
46 26 24 33 0.07291524
56 41 40 47 0.071584255
57 214 12 15 0.07039732
630 449 41 42 0.062115382
51 2 10 10 0.061375882
83 -2 60 81 0.05928613
96 28 124 112 0.05696805
-1 12 21 19 0.05644659
461 125 41 54 0.054609835
289 113 23 25 0.053205978
665 592 34 29 0.051664326
653 584 51 45 0.048676427
205 59 46 54 0.04732559
27 12 20 23 0.045611206
140 20 43 49 0.041980427
763 207 51 55 0.039613
102 28 29 30 0.03671395
861 112 77 77 0.036696088
350 134 34 40 0.03603946
887 147 33 55 0.0357704
190 15 24 36 0.033975527
322 36 20 29 0.03383759
143 2 23 17 0.033644725
471 138 58 60 0.03290257
73 2 10 12 0.03275557
200 108 23 24 0.0307474
462 158 227 219 0.030623613
606 78 112 140 0.029942537
520 134 39 53 0.029351544
0 222 12 15 0.028453203
880 124 46 56 0.027961046
184 13 22 21 0.02675875
626 136 55 60 0.025894318
39 29 54 44 0.025416551
109 16 54 64 0.02538937
250 5 105 108 0.024525689
768 186 37 42 0.02418094
778 195 74 84 0.02375028
411 151 34 32 0.023362087
704 337 102 105 0.023359524
556 115 87 91 0.021882512
39 213 12 20 0.021812674
15 13 58 74 0.021670083
