0_Parade_Parade_0_639
72
639 585 45 50 0.7160293
964 532 62 102 0.6830773
712 79 27 31 0.6700007
514 162 30 31 0.6520083
590 102 25 30 0.6467974
814 57 34 35 0.53597796
334 214 36 41 0.42634788
345 217 26 28 0.40326566
887 552 68 86 0.33897185
445 278 22 24 0.2735783
274 188 20 23 0.24281555
886 425 12 12 0.13933098
920 436 25 22 0.13837105
416 284 22 24 0.12398138
819 438 13 14 0.11433117
754 409 16 16 0.11252283
794 712 118 56 0.108494654
954 426 11 8 0.10837204
261 250 26 26 0.106424615
634 298 24 31 0.102511264
276 198 17 19 0.094476156
394 169 21 20 0.09168844
555 719 92 53 0.08278373
505 721 71 44 0.07988604
523 280 23 26 0.0762525
939 420 5 5 0.07619279
626 297 24 27 0.07220451
616 576 79 70 0.07202398
484 273 30 30 0.06917959
425 292 19 23 0.068783045
542 246 30 32 0.060192708
977 485 26 42 0.059858933
822 65 20 23 0.059847366
994 413 7 8 0.05395792
757 415 8 9 0.051405523
441 165 19 20 0.047726978
917 443 13 15 0.044459924
329 190 18 20 0.04186873
846 709 145 59 0.04097336
961 444 16 22 0.040676754
345 195 16 18 0.037985086
734 117 22 25 0.03611573
873 538 99 121 0.03534247
280 205 14 15 0.034445588
77 371 8 8 0.034376383
269 269 19 20 0.03434654
273 178 13 14 0.031476136
583 83 35 29 0.030728381
355 244 34 36 0.03038384
715 84 19 18 0.030051513
984 467 27 31 0.02992843
334 278 18 18 0.029587863
336 269 24 24 0.029299214
833 425 13 11 0.029068597
949 460 36 39 0.028492726
389 610 19 18 0.027668739
689 7 20 16 0.02753802
970 415 12 15 0.027261958
1000 405 6 8 0.027130578
823 424 13 16 0.026216697
763 67 19 20 0.025796155
360 234 30 35 0.025735913
427 292 37 32 0.025506416
439 164 15 17 0.02513562
704 697 160 80 0.024912838
527 165 14 22 0.024536781
953 434 12 14 0.024210196
72 367 10 15 0.02287947
831 2 20 17 0.022156365
292 112 88 89 0.021401435
247 275 73 69 0.021349028
285 227 28 28 0.02074446
