0_Parade_Parade_0_125
27
998 340 27 35 0.6364741
516 344 27 30 0.5748096
1003 347 18 24 0.46738234
471 274 20 21 0.4273531
589 278 16 20 0.19735038
587 253 23 23 0.15161107
49 437 19 23 0.13850085
37 417 31 35 0.120493196
10 413 15 15 0.09875218
743 411 12 14 0.07201506
9 473 18 22 0.06298017
569 242 17 19 0.061557405
382 300 16 16 0.05864086
583 244 36 40 0.055120915
263 472 11 11 0.03799157
699 409 13 14 0.037417337
592 333 17 20 0.03601594
20 416 14 17 0.03483063
26 454 17 25 0.03360625
556 278 19 20 0.030838195
462 281 15 17 0.029029028
111 462 17 16 0.026686477
892 428 11 10 0.02584379
309 469 9 9 0.022727884
735 414 13 12 0.021907205
248 460 21 19 0.021047778
681 418 15 14 0.02097849
