0_Parade_Parade_0_68
57
414 267 18 19 0.17718674
108 363 27 23 0.156692
463 274 11 11 0.11725135
498 421 11 12 0.0925011
585 369 12 12 0.08220853
847 391 19 17 0.0774746
663 280 12 10 0.07245602
710 394 15 14 0.071522005
85 352 16 14 0.06710981
806 392 9 10 0.06521215
590 368 12 13 0.06031395
793 397 6 5 0.05976941
523 372 16 13 0.05557705
92 183 13 14 0.054147117
665 371 13 13 0.053183537
167 359 15 12 0.053094085
623 274 9 8 0.052189127
656 376 15 14 0.05061014
408 269 14 13 0.047379278
316 370 13 12 0.046813056
465 271 15 13 0.045533467
230 368 13 11 0.045083664
101 358 14 13 0.043267738
392 377 12 10 0.042904418
566 374 13 10 0.042882953
749 285 11 8 0.041719686
712 283 10 8 0.040825173
876 397 9 10 0.040463123
611 273 11 10 0.03729444
828 294 10 11 0.036580693
308 451 12 11 0.03591891
443 440 24 20 0.035651524
749 296 7 7 0.035485964
459 373 10 10 0.03335707
843 47 12 12 0.031889934
116 349 20 15 0.031210365
543 373 13 12 0.031040985
738 369 16 15 0.029960735
843 291 11 12 0.029936295
634 396 10 9 0.027976971
713 424 12 10 0.027847216
791 282 16 13 0.027233692
750 401 7 5 0.02667269
793 294 9 9 0.025650136
305 374 9 7 0.024897402
556 280 6 5 0.024538277
993 53 23 38 0.023734875
247 364 11 10 0.023690017
829 392 8 9 0.023169
450 374 14 10 0.023148209
486 410 10 10 0.02252294
519 396 11 9 0.022310585
373 440 14 12 0.021794867
875 397 15 14 0.020449953
467 447 13 13 0.020372206
340 372 10 8 0.020143097
167 365 9 9 0.020107666
