0_Parade_marchingband_1_649
70
697 290 42 45 0.80508506
289 287 46 50 0.79182047
245 192 39 41 0.77475494
792 285 47 47 0.76715744
882 320 58 52 0.7641223
19 200 46 45 0.7625994
940 205 41 45 0.73322725
548 88 42 39 0.73277044
408 90 38 36 0.7310576
345 125 27 28 0.7097441
128 235 44 45 0.7079282
972 155 31 31 0.69401073
162 284 56 54 0.69331074
103 136 30 28 0.6872349
665 221 32 30 0.6862769
400 80 56 55 0.6807219
810 204 35 35 0.6638403
763 153 32 31 0.64229274
243 144 34 32 0.6410354
648 148 34 31 0.6030295
53 125 33 27 0.54320014
180 292 32 32 0.5020346
701 177 25 25 0.49187094
10 133 20 19 0.45228302
487 123 33 40 0.4242697
305 296 18 31 0.4228757
34 211 14 21 0.36227515
157 126 28 23 0.3588672
906 180 25 23 0.32637218
676 228 11 15 0.3043781
839 169 26 23 0.2947212
147 121 36 33 0.29313755
32 123 35 37 0.27215314
2 128 36 39 0.25763658
469 114 75 58 0.25530246
522 134 37 33 0.22996497
663 445 23 23 0.22377074
897 173 26 24 0.20458324
342 457 21 21 0.20151208
676 158 31 30 0.14482501
872 159 30 28 0.13234319
122 452 24 26 0.11299157
621 417 23 21 0.10502116
147 329 14 15 0.10068415
864 156 22 21 0.0845791
107 446 41 36 0.08372489
807 467 24 24 0.08071121
156 145 17 19 0.080435745
63 122 37 34 0.080238506
752 141 48 52 0.07976482
21 355 75 87 0.064807974
64 130 12 14 0.060348038
130 243 26 29 0.059098218
326 452 40 34 0.052959822
251 149 21 23 0.049279876
151 150 15 15 0.0464119
979 164 12 14 0.04552462
69 351 45 46 0.043339428
704 188 11 14 0.041140087
111 143 11 15 0.037450843
817 175 20 16 0.035977796
53 363 57 63 0.034734122
137 253 30 31 0.03115616
876 158 18 16 0.02946589
145 326 32 32 0.02725762
824 191 13 17 0.02653475
861 308 52 48 0.024441516
977 159 17 17 0.023845227
986 156 23 20 0.022564432
31 348 68 63 0.020914523
