0_Parade_marchingband_1_525
70
675 380 24 28 0.6039715
401 386 21 24 0.59208316
540 397 19 21 0.4749064
898 423 19 23 0.4367908
194 378 19 23 0.4103023
977 457 18 21 0.2980365
986 464 10 14 0.29685792
252 394 19 21 0.28296307
904 423 17 19 0.27199274
294 400 17 16 0.2665529
447 450 16 18 0.23779064
129 415 15 14 0.22756976
140 406 20 27 0.22302271
219 322 13 16 0.21965066
609 413 14 17 0.20221537
108 361 20 25 0.19477971
622 409 15 21 0.18617016
76 385 29 32 0.15587439
338 404 9 11 0.15349281
819 422 11 14 0.1438463
44 430 13 12 0.14183639
770 444 8 10 0.13042441
336 408 17 20 0.12710267
814 429 10 10 0.12523057
259 401 9 10 0.10538843
483 489 14 14 0.098032005
196 373 14 21 0.08790932
813 596 28 34 0.08626723
737 418 9 12 0.08092422
783 429 9 9 0.07566109
843 416 11 15 0.07255743
94 383 17 20 0.07205485
458 505 10 13 0.07128942
592 416 17 18 0.06397609
10 425 11 11 0.06267321
311 538 8 8 0.061340336
444 396 20 19 0.061005354
966 474 9 13 0.06004118
828 535 15 15 0.056108207
12 340 14 18 0.054024033
29 423 11 15 0.05230165
789 569 81 93 0.050540686
954 474 11 11 0.048697807
927 516 13 15 0.048319194
109 415 13 18 0.0477247
82 428 7 8 0.045696408
684 389 5 10 0.041220613
469 493 11 13 0.03904466
927 509 15 16 0.037588153
845 403 17 18 0.037169605
745 405 12 16 0.0360474
705 547 14 14 0.03541951
714 419 18 19 0.035007246
314 540 6 6 0.03439478
603 402 16 19 0.034363262
761 425 9 12 0.03388724
926 425 16 16 0.031969592
316 400 11 15 0.030835986
340 414 6 7 0.030834384
33 317 172 151 0.026871733
929 437 24 27 0.025541129
746 529 13 18 0.025537297
516 415 10 11 0.025325218
965 461 11 12 0.02331686
78 482 8 9 0.023280667
982 462 22 29 0.02320128
892 402 16 18 0.02311934
410 395 5 7 0.023041848
244 400 15 15 0.022788562
535 417 11 14 0.02030103
