0_Parade_marchingband_1_593
28
904 346 16 15 0.34652638
906 352 10 10 0.244207
800 299 14 14 0.2084683
312 356 9 9 0.15766044
911 352 11 10 0.1547857
911 350 9 9 0.1537169
803 338 12 12 0.13351743
348 362 15 12 0.13232322
246 318 12 10 0.059908837
404 325 8 7 0.046963017
764 337 17 13 0.04593063
105 324 9 8 0.040889584
391 375 14 11 0.040088203
345 376 33 23 0.035359893
193 304 8 7 0.035127517
864 335 12 12 0.034167916
536 340 12 11 0.032880593
681 330 17 13 0.029628688
357 386 7 5 0.029280975
812 337 12 12 0.026260816
113 336 7 5 0.026256282
388 324 12 9 0.026106467
262 324 9 7 0.024608662
389 380 11 8 0.024417976
131 304 9 8 0.024216408
669 338 9 6 0.023051076
529 347 9 6 0.021510368
707 326 10 7 0.021034913
