0_Parade_Parade_0_53
20
792 186 51 48 0.7317659
263 176 51 44 0.5166109
522 150 22 19 0.38869157
462 220 13 12 0.11453855
475 221 13 12 0.089847505
272 182 35 29 0.0864784
1003 226 13 15 0.084308535
522 228 14 11 0.05253285
484 227 14 13 0.05210602
535 225 11 12 0.047376
673 156 17 17 0.03797545
516 243 7 7 0.032158386
667 148 28 30 0.031176869
871 205 29 26 0.030258406
1008 230 11 11 0.028001104
562 226 9 8 0.022870705
607 229 10 8 0.022747481
736 224 16 15 0.021831866
372 225 10 9 0.02129704
789 164 73 81 0.020528113
