0_Parade_marchingband_1_476
121
728 176 83 63 0.7783563
791 134 56 36 0.7317652
438 221 51 34 0.7242174
603 205 56 43 0.69886994
851 106 47 32 0.666019
667 164 51 34 0.65950793
581 168 41 28 0.6580285
365 224 35 25 0.60858625
410 279 65 47 0.6043824
511 176 37 23 0.59636444
71 255 33 22 0.59236234
193 252 39 27 0.54209995
393 195 43 27 0.52206165
311 264 51 36 0.49955747
432 195 25 15 0.49851444
329 271 38 24 0.46148223
56 235 20 15 0.41752914
481 194 30 21 0.4044192
451 230 25 19 0.37366024
189 175 36 23 0.35732776
579 235 20 16 0.3469672
13 262 32 22 0.34590328
401 137 22 15 0.32556322
400 204 24 15 0.31068745
311 222 30 18 0.30920663
287 264 30 22 0.2852831
329 146 24 13 0.2819431
683 168 31 23 0.276498
634 61 20 11 0.25795645
252 174 29 18 0.253568
304 160 23 17 0.23582536
428 189 32 27 0.23555449
252 254 30 15 0.22051613
152 200 23 17 0.19796151
860 113 30 18 0.19310983
315 225 13 10 0.17903401
458 191 31 23 0.17887814
260 237 34 20 0.17633201
241 255 34 26 0.17140955
557 331 28 20 0.16965763
700 50 22 12 0.16487075
261 265 24 16 0.16295466
627 145 125 67 0.16221637
578 296 45 32 0.15955219
545 146 95 52 0.15627071
262 177 17 12 0.1560392
332 222 30 20 0.14484675
-3 291 26 31 0.13022459
168 193 21 13 0.12370689
385 141 14 9 0.11994315
380 228 21 16 0.1171892
182 185 29 19 0.11472488
308 143 32 18 0.10880712
217 190 23 16 0.10856917
883 3 23 12 0.103932105
631 53 24 17 0.10277842
735 193 57 32 0.099499755
166 322 29 22 0.09457198
372 146 11 6 0.093980595
389 135 14 9 0.09059249
852 2 31 16 0.08421624
674 132 33 24 0.08066192
594 303 21 19 0.079691075
779 33 20 12 0.07866422
337 151 11 5 0.07607406
530 233 33 20 0.07257524
744 40 13 8 0.07166735
147 239 27 17 0.071405195
77 230 26 18 0.070992775
353 221 35 31 0.07027194
621 49 20 12 0.0677653
592 70 10 7 0.06705259
404 135 15 10 0.060439862
609 46 9 8 0.059983484
275 258 45 33 0.058468502
378 209 26 14 0.053342342
264 379 24 17 0.053308487
163 323 20 14 0.047748502
346 225 34 23 0.047589503
604 78 11 7 0.047483362
67 233 21 18 0.047013707
758 39 14 9 0.046093535
288 202 39 23 0.044989396
598 190 39 33 0.04334161
54 247 60 28 0.040550373
219 259 60 30 0.03789917
617 65 15 11 0.03765116
663 182 35 27 0.037376616
675 155 51 36 0.035879254
588 218 41 29 0.034813832
687 169 109 70 0.032289375
281 352 14 10 0.032096826
255 155 46 30 0.03158314
305 196 101 62 0.029972732
578 160 31 25 0.029236145
571 237 21 12 0.029226422
689 61 17 11 0.028839888
235 324 49 32 0.028782226
212 263 10 8 0.027857997
532 78 18 11 0.02764993
680 336 18 13 0.027480789
161 178 53 32 0.027134594
698 62 11 7 0.026982253
587 336 17 13 0.026578626
226 177 38 20 0.026051743
857 67 21 14 0.026029399
474 115 16 10 0.02590044
34 253 29 21 0.024035605
863 85 40 29 0.023767961
821 34 26 16 0.023304353
183 331 30 19 0.02312086
239 128 32 16 0.022790309
398 192 59 34 0.022543231
771 114 86 55 0.021736285
719 147 82 49 0.021445444
574 153 39 24 0.02096117
439 200 33 18 0.020884013
883 40 22 13 0.020849437
377 218 33 21 0.020785091
-12 285 75 42 0.020710493
584 96 15 11 0.020376151
