0_Parade_Parade_0_611
36
405 139 48 53 0.75546837
586 158 45 42 0.6996027
152 167 37 38 0.68251455
66 195 29 28 0.6734713
253 195 31 29 0.5774344
302 175 43 47 0.54977953
272 148 99 87 0.43782094
487 195 39 40 0.43045977
627 195 21 22 0.39149562
750 208 25 21 0.38010463
509 205 26 24 0.3580521
916 220 16 13 0.35489008
234 170 33 28 0.323476
662 206 13 12 0.25641936
503 205 41 34 0.23053211
667 208 17 17 0.1929899
495 205 26 21 0.15296775
678 216 21 18 0.12367755
743 206 19 17 0.101964705
243 172 13 15 0.09062191
755 216 12 12 0.0899302
166 215 22 20 0.07345191
159 176 15 20 0.058318235
176 216 15 16 0.051572986
765 215 16 18 0.050945107
392 144 79 56 0.048635647
369 122 93 84 0.04258272
574 151 71 65 0.03944286
266 176 22 25 0.029976666
259 201 19 21 0.027683845
782 247 9 8 0.025193986
961 224 13 13 0.02513499
951 228 10 9 0.022624329
318 185 44 38 0.021675572
311 300 61 47 0.020562703
458 172 34 32 0.02030595
