0_Parade_marchingband_1_78
97
517 35 21 21 0.35347268
975 565 11 12 0.34196675
694 588 16 15 0.30296752
751 598 10 10 0.29065743
851 491 15 15 0.2742755
983 597 31 31 0.27135646
754 596 16 13 0.24854584
983 594 20 22 0.1889445
126 340 19 21 0.18805598
901 604 16 16 0.1844544
901 584 14 13 0.18383968
857 597 11 12 0.16863954
985 312 13 15 0.16339457
43 437 20 22 0.15541697
855 592 13 12 0.14072911
825 590 11 13 0.13606595
43 209 31 26 0.12988564
920 302 16 14 0.12289217
804 608 11 13 0.12116052
693 475 10 11 0.11578383
671 245 16 18 0.115376495
999 288 12 14 0.11242967
903 572 15 14 0.104012065
200 192 6 6 0.1001515
777 63 13 14 0.0987894
1010 528 7 8 0.09372673
73 217 17 16 0.08670671
607 594 19 18 0.083705015
269 68 9 10 0.08221332
195 184 11 12 0.079567485
366 40 10 10 0.07746402
856 496 7 8 0.07241931
903 312 9 9 0.071876414
989 313 10 11 0.07135912
621 594 18 20 0.070448
779 30 17 18 0.06534148
646 479 10 9 0.06473614
-4 216 19 22 0.06471176
704 256 21 22 0.061131526
233 187 9 9 0.060597107
157 297 13 14 0.060043026
88 110 14 11 0.054528542
23 131 13 14 0.054418415
984 549 15 18 0.05365053
911 573 10 13 0.053467497
858 35 12 11 0.053215735
913 305 20 22 0.050484195
88 105 12 12 0.04927913
124 329 14 18 0.04919958
331 292 7 6 0.04891142
256 66 15 16 0.04744744
998 651 17 26 0.047123153
313 277 15 15 0.04706529
1002 674 14 15 0.046841253
569 39 8 8 0.04626312
889 560 18 15 0.04289745
752 594 11 11 0.042267457
746 19 6 5 0.042238615
700 478 6 6 0.041404523
437 417 17 19 0.041059986
822 282 14 15 0.03684119
850 79 10 9 0.03578373
834 595 13 13 0.03416072
8 242 18 16 0.033347737
238 276 13 13 0.030974953
678 238 19 17 0.030421682
244 180 14 13 0.03040599
165 285 13 14 0.0298282
893 559 20 20 0.029272763
562 584 18 20 0.02880162
298 166 7 7 0.028740196
299 261 15 13 0.02869047
50 240 17 17 0.028271947
919 35 4 4 0.027717011
858 542 12 14 0.027088875
970 580 57 60 0.02687412
677 260 7 9 0.026330661
506 316 21 22 0.026136594
909 28 16 12 0.025557132
970 568 17 19 0.02466985
157 194 5 5 0.023971863
896 303 18 16 0.023121364
114 161 16 14 0.022509122
667 32 9 7 0.02233265
748 210 10 10 0.022043174
125 312 12 15 0.021709993
267 172 10 7 0.021636631
624 590 9 9 0.021550646
114 625 49 49 0.021462793
362 38 17 16 0.021335931
242 308 26 26 0.021228733
161 224 15 14 0.021171452
324 533 46 52 0.021109343
319 373 33 37 0.021094412
525 480 13 15 0.020963052
312 315 26 29 0.020134833
595 343 12 12 0.020013386
