0_Parade_Parade_0_901
19
22 406 207 303 0.70771146
272 679 175 207 0.66687226
684 336 305 391 0.6632729
127 426 231 270 0.25448042
296 726 60 115 0.11833533
1 328 307 472 0.084882535
219 533 348 415 0.04925063
566 265 370 514 0.04852
273 713 69 142 0.04347939
298 627 222 313 0.03496526
225 665 230 315 0.03287793
301 966 147 219 0.03094096
166 978 122 197 0.029251117
698 450 191 286 0.026575351
787 81 308 443 0.02507397
522 943 180 263 0.023694236
446 194 533 733 0.022656556
55 122 238 317 0.02178177
206 968 150 212 0.020219667
