0_Parade_marchingband_1_561
20
836 1032 39 76 0.6327139
178 637 117 143 0.56912386
997 1051 26 62 0.4901041
74 1189 56 111 0.30336422
44 1138 116 216 0.10656257
8 460 68 134 0.06766784
817 1016 73 125 0.06656577
309 652 71 109 0.0461392
497 459 160 315 0.043683693
1000 1184 23 78 0.04302236
833 1076 197 534 0.037633684
1004 1123 18 69 0.03325885
86 1169 94 216 0.030654984
215 667 98 112 0.027916377
84 1217 71 113 0.027723381
31 456 108 150 0.023305878
4 487 78 198 0.022591213
272 534 169 275 0.020789122
511 413 241 462 0.020414041
123 1286 136 254 0.020159487
