0_Parade_Parade_0_364
25
208 133 140 164 0.85456
347 103 117 143 0.81035244
785 170 81 88 0.80463344
560 128 102 116 0.7998039
646 115 95 95 0.7556292
578 159 45 58 0.0818743
369 127 84 78 0.07955244
574 163 81 69 0.07202092
896 477 167 127 0.07123245
259 158 102 131 0.06341322
291 185 58 58 0.051440425
384 117 115 118 0.032940626
372 149 52 52 0.03213546
323 112 105 108 0.032052744
630 72 176 182 0.031037062
-13 505 148 176 0.0288572
311 85 20 17 0.027750907
295 179 105 107 0.02541135
547 135 238 204 0.02445453
566 529 156 137 0.022262903
206 145 88 113 0.02170555
770 137 113 134 0.021219268
747 385 131 116 0.021063387
150 74 269 205 0.020534195
335 68 184 171 0.020315208
