0_Parade_marchingband_1_188
74
248 498 21 19 0.54368514
545 512 18 19 0.50400656
440 548 8 7 0.41300318
254 502 10 13 0.34335265
201 417 15 15 0.30290753
571 562 13 14 0.28566423
911 479 22 22 0.2770793
569 558 20 22 0.26908535
120 586 18 16 0.24948168
238 327 9 9 0.24188845
915 489 15 15 0.23879805
208 419 10 13 0.2125313
513 358 17 18 0.19931161
916 485 10 12 0.19103007
992 240 17 21 0.15815029
464 440 10 10 0.15708657
45 423 19 20 0.1324361
244 328 5 5 0.12185484
-3 577 14 19 0.10594765
124 591 11 11 0.09867083
150 356 12 13 0.09865883
787 354 12 14 0.08875884
346 318 10 9 0.08639376
548 515 8 10 0.08325065
866 373 12 14 0.08143283
517 364 12 14 0.076831095
252 564 11 12 0.07454943
106 333 11 11 0.07207895
682 344 10 11 0.06862992
705 357 16 18 0.064250514
611 398 10 11 0.06362012
604 306 15 15 0.06197241
857 409 12 14 0.057099003
697 350 13 14 0.057039652
774 449 10 11 0.056423165
792 360 7 9 0.049213745
872 384 17 20 0.048367225
119 334 9 10 0.044377267
47 441 9 13 0.044071123
780 388 11 12 0.04271083
580 562 12 18 0.042427544
544 252 26 23 0.04236113
596 342 10 10 0.037641253
866 380 9 13 0.035616405
348 323 3 4 0.035338197
679 354 12 13 0.035116866
158 368 9 13 0.03398528
239 319 13 12 0.033678606
446 308 18 16 0.033003766
490 410 11 12 0.032712214
590 355 17 14 0.03136418
604 314 9 10 0.029188605
461 336 11 11 0.029132342
524 237 14 15 0.028997501
784 384 9 11 0.027804887
554 294 12 14 0.027209202
606 412 5 6 0.02706408
875 366 18 21 0.027006919
677 302 14 15 0.026852652
862 427 7 9 0.025119478
829 362 15 14 0.024750534
145 243 12 13 0.024553642
704 310 13 15 0.024184503
308 346 9 11 0.024051784
239 323 7 8 0.023818457
58 310 11 12 0.023638396
777 186 12 14 0.023333313
612 395 7 8 0.023253864
342 258 6 6 0.023009427
624 392 7 8 0.022898477
247 255 10 9 0.022523588
768 234 10 14 0.021407597
110 315 17 16 0.020728754
511 220 15 16 0.020350127
