0_Parade_marchingband_1_765
138
246 368 25 24 0.5890675
308 367 25 24 0.5696622
86 320 24 24 0.5517149
545 375 24 26 0.49123523
399 307 25 25 0.49047583
903 379 21 20 0.45365357
607 379 22 20 0.4425532
195 375 19 19 0.43155688
362 368 29 29 0.43069956
117 293 21 19 0.41120604
496 371 12 13 0.40087095
364 372 20 20 0.39197806
842 371 16 16 0.3672774
500 314 17 15 0.3669927
731 387 8 12 0.3519108
912 292 15 16 0.34389502
446 338 29 30 0.33695656
783 386 16 16 0.33485278
256 271 15 16 0.33291978
114 299 15 17 0.3254807
201 223 13 16 0.31977636
253 375 11 14 0.3178257
345 342 26 25 0.3000898
889 266 20 20 0.29299596
837 365 32 28 0.27425486
768 356 9 9 0.27108222
667 380 13 13 0.26602423
529 343 29 24 0.26209736
670 376 17 17 0.2584269
364 288 20 19 0.25671875
462 291 10 12 0.24910344
320 310 11 11 0.24426395
254 268 12 13 0.24326494
286 77 30 25 0.23741664
221 316 24 21 0.23423748
612 386 13 14 0.20995387
318 316 28 24 0.20760494
857 354 14 17 0.20245454
436 380 10 13 0.19305027
622 349 16 16 0.19106594
826 289 21 19 0.18996423
151 380 24 27 0.18808782
157 383 11 12 0.17754222
697 357 7 7 0.17134608
873 241 19 20 0.17007914
810 324 9 9 0.16785939
608 245 9 10 0.16382153
161 267 9 10 0.16378294
965 368 24 23 0.16222186
334 263 24 21 0.1614543
907 381 22 26 0.15844816
539 287 21 20 0.15603608
538 353 14 12 0.15215807
539 300 14 11 0.15155149
842 300 8 7 0.14838387
256 349 10 11 0.13953288
233 324 21 20 0.13479006
293 292 11 11 0.12693913
845 216 17 18 0.12553419
751 338 20 17 0.1248029
874 247 13 16 0.12420666
830 207 14 13 0.115808584
584 316 13 16 0.11337842
898 282 13 13 0.11282253
544 299 13 14 0.10308695
617 282 19 19 0.10083518
475 367 20 24 0.10004814
468 281 19 19 0.09355911
655 320 10 11 0.088459454
677 249 9 9 0.08639307
159 271 8 8 0.08543726
609 298 14 12 0.08402441
912 383 12 12 0.083773226
619 385 13 17 0.083295345
688 287 18 17 0.082745604
690 293 18 19 0.079333544
522 115 20 22 0.07526719
502 269 9 10 0.07318831
650 324 9 8 0.06622948
772 287 15 15 0.06568423
834 305 7 6 0.06539991
187 263 10 12 0.062737405
924 321 12 15 0.06256309
425 276 5 7 0.0591371
422 371 15 14 0.05878649
802 249 17 16 0.058229424
477 327 21 23 0.057311673
620 294 12 12 0.055710427
607 381 10 9 0.054888587
282 65 49 44 0.054199852
643 268 17 17 0.054075837
826 332 15 16 0.052962337
431 45 54 47 0.051146097
177 377 16 18 0.045758683
681 334 17 18 0.044672433
306 236 13 14 0.044549268
384 284 16 19 0.043167103
733 456 12 14 0.042463493
283 292 9 10 0.041388784
775 299 6 7 0.040668387
731 386 8 8 0.040164888
777 378 15 15 0.039699756
781 225 10 8 0.038795732
241 374 11 11 0.038024243
907 385 9 7 0.037187688
606 235 18 19 0.03717299
732 455 20 18 0.034420207
685 298 12 10 0.033504404
326 306 17 22 0.033268273
511 106 32 37 0.03317988
710 238 10 9 0.03222722
481 340 22 26 0.03222202
508 95 97 84 0.032118775
544 351 11 14 0.03133374
572 272 14 12 0.030105596
683 234 19 19 0.02959462
309 368 17 17 0.029082628
301 348 15 15 0.02891222
562 89 104 95 0.028659657
930 314 15 17 0.02834884
154 288 8 9 0.028157698
859 237 6 6 0.026698558
140 278 9 10 0.025875283
93 330 7 10 0.025793916
264 234 14 14 0.02533429
925 340 20 19 0.024746062
836 221 14 15 0.024454951
615 332 15 17 0.023760907
628 97 74 80 0.02317722
108 381 13 15 0.023125403
503 102 68 63 0.022682661
711 324 8 7 0.022342652
419 305 7 6 0.02213901
548 111 64 56 0.021416219
315 279 16 19 0.021226691
679 124 19 24 0.021155871
536 252 8 6 0.020461036
766 225 15 17 0.020259527
