0_Parade_marchingband_1_910
63
206 205 47 51 0.7344184
367 253 56 58 0.6935055
576 235 42 47 0.6907669
138 225 32 37 0.64767873
776 350 72 83 0.5983787
523 238 41 47 0.5286066
78 243 36 34 0.5112901
472 188 39 42 0.4829291
437 272 41 44 0.47370753
328 228 48 53 0.46960485
43 234 30 34 0.42311284
814 81 39 44 0.3609982
29 235 31 35 0.2452795
954 77 42 46 0.24465865
675 127 45 52 0.23509568
338 237 30 40 0.22340654
400 146 30 29 0.21590707
296 260 33 41 0.18636745
110 239 27 26 0.18070425
587 120 27 36 0.17831187
865 332 56 60 0.14617081
839 343 49 57 0.1251566
398 218 38 38 0.11532946
298 267 21 23 0.09774897
944 263 65 102 0.09741037
860 362 21 24 0.08561619
915 70 34 39 0.08089745
719 87 77 102 0.06979326
584 111 33 34 0.067189455
596 72 39 41 0.06593248
350 223 110 117 0.06451317
670 134 31 39 0.06430041
393 158 29 30 0.06379681
115 219 45 45 0.06160522
772 367 47 50 0.059491973
474 202 41 51 0.058766227
586 174 49 61 0.057799496
562 230 69 64 0.057472702
1 265 8 10 0.057401918
683 56 47 49 0.053665455
790 363 53 56 0.04732048
724 459 111 107 0.04360955
540 246 28 32 0.040777445
971 103 39 46 0.036888886
460 87 14 17 0.03344946
711 127 65 99 0.031842362
757 337 73 81 0.03168085
3 264 15 25 0.029885154
946 68 64 71 0.029761583
908 40 43 38 0.029080296
527 251 43 57 0.028142503
756 -27 113 98 0.028113453
445 280 38 47 0.026722902
356 235 44 60 0.026300464
830 81 37 42 0.024201607
684 136 61 72 0.024041383
471 82 21 22 0.02375319
560 117 33 37 0.022985283
405 266 52 58 0.021782367
2 219 23 25 0.021441268
776 221 152 146 0.020845756
699 53 31 34 0.020769626
482 206 27 35 0.02074106
