0_Parade_Parade_0_688
41
529 461 24 24 0.47727597
268 524 29 30 0.41244563
447 503 20 23 0.28817526
845 571 14 15 0.24539675
455 544 22 22 0.23243456
362 471 26 29 0.21250096
295 525 23 24 0.15897755
964 509 15 14 0.15036274
883 526 11 11 0.1387914
812 531 15 14 0.13848999
837 569 16 15 0.1379934
731 475 17 18 0.12302029
216 540 21 24 0.100687206
927 531 11 11 0.072006345
727 486 23 25 0.07132019
741 526 21 26 0.06882267
975 523 11 12 0.061162885
999 363 21 25 0.055267375
568 545 11 14 0.05491301
199 544 20 21 0.05376731
851 538 7 5 0.050897602
747 515 14 16 0.047352836
1006 529 13 14 0.04591259
825 532 11 13 0.045233864
18 563 15 12 0.04263408
281 120 212 231 0.03884714
189 523 12 12 0.03539601
553 548 18 22 0.033560563
252 501 64 62 0.03063064
279 523 33 38 0.0304833
936 365 11 12 0.028602075
963 529 7 6 0.028050657
4 578 12 12 0.027745685
543 513 20 21 0.027001722
206 547 14 14 0.026293483
224 538 15 16 0.025801573
994 604 11 15 0.024601683
521 491 28 29 0.02327366
532 597 14 18 0.021527404
901 524 12 14 0.020783246
378 514 20 21 0.020742841
