0_Parade_marchingband_1_309
82
44 84 38 28 0.55472505
501 79 39 27 0.49354643
394 96 32 28 0.40712294
726 88 30 24 0.40644994
116 113 42 29 0.39241514
844 101 31 20 0.3695077
292 99 31 21 0.3594573
627 -1 49 25 0.35345343
821 114 24 19 0.32498065
439 100 21 16 0.32409567
667 75 42 29 0.31941286
964 89 24 18 0.28513354
601 102 36 24 0.27692658
905 103 24 19 0.25742486
817 109 31 18 0.2472684
914 101 32 25 0.2418649
832 106 27 20 0.23787239
517 83 29 21 0.21320684
543 88 22 16 0.20512447
298 86 26 19 0.18955612
988 88 27 23 0.17441712
694 45 34 25 0.17430432
885 99 34 23 0.16278575
257 100 35 27 0.15517785
408 49 28 21 0.15161674
272 103 27 19 0.13443467
611 90 33 20 0.13341549
620 130 37 31 0.13218915
31 81 60 38 0.120074205
808 105 50 31 0.11503336
377 99 37 26 0.113327175
409 43 24 19 0.112379424
68 78 45 39 0.09156401
451 83 42 32 0.09091565
700 104 34 25 0.08951691
594 105 26 16 0.08668288
141 122 25 19 0.08388676
744 100 29 23 0.078521594
579 10 36 33 0.075391576
171 109 28 21 0.07266021
382 87 55 46 0.07215293
362 118 24 18 0.06795786
542 104 26 19 0.066571794
259 90 50 39 0.06128886
504 74 31 20 0.060158134
615 1 42 24 0.05976901
676 79 55 29 0.05578235
484 46 30 27 0.053351227
265 86 32 23 0.050417792
414 31 23 17 0.049769785
540 0 38 21 0.044379916
165 53 27 16 0.04281526
922 90 22 15 0.04255023
172 57 16 12 0.042286146
481 76 51 34 0.04188463
437 92 24 20 0.040304314
389 78 22 16 0.038405765
618 112 43 37 0.036458306
825 118 17 13 0.035351645
41 66 26 20 0.033389084
985 107 20 16 0.03266423
295 93 38 31 0.03259541
586 0 31 18 0.031939566
435 -1 38 20 0.031479474
628 41 36 27 0.031468097
671 72 27 22 0.031226864
4 14 35 24 0.029620107
918 92 32 19 0.028777821
194 110 14 11 0.028523162
468 58 65 43 0.028350411
446 0 23 15 0.026098158
470 67 98 62 0.025111899
513 79 63 42 0.024093091
306 46 28 17 0.023896042
800 117 67 35 0.023677127
393 87 38 23 0.023349183
118 105 29 20 0.02324567
433 96 36 24 0.023241308
31 99 22 24 0.022236666
844 89 33 21 0.021578291
65 60 28 24 0.020988937
386 102 23 17 0.020877225
