0_Parade_Parade_0_628
34
442 200 34 35 0.7081811
301 242 28 26 0.6599752
688 263 25 24 0.61053014
982 261 22 22 0.5591954
623 224 27 27 0.5514406
578 238 19 24 0.48365003
904 279 15 14 0.4144626
909 281 13 13 0.23091632
822 276 14 13 0.22744103
754 295 9 7 0.21295112
812 273 25 20 0.20018408
492 243 25 22 0.16340207
789 295 8 6 0.112408124
21 321 12 13 0.09518496
82 341 12 9 0.08982973
548 242 23 23 0.08274722
21 330 9 8 0.07138971
23 304 9 9 0.060208164
115 345 20 14 0.058928985
714 298 9 8 0.05810475
769 292 10 11 0.057374243
978 207 20 21 0.05316883
904 289 12 11 0.04885316
696 306 13 13 0.04867003
155 346 13 9 0.048569314
773 275 20 18 0.045893975
670 321 18 17 0.04132758
597 228 20 23 0.03309701
820 291 10 9 0.030383397
283 269 23 24 0.027583733
788 342 13 12 0.024677575
812 291 12 11 0.023484807
515 252 12 13 0.021739554
783 344 12 10 0.020249823
