0_Parade_marchingband_1_74
89
192 365 29 39 0.6742293
199 374 15 22 0.37223876
125 310 24 27 0.29557303
124 318 18 22 0.22648722
602 406 19 19 0.16848657
520 404 27 24 0.15723237
780 385 17 20 0.12824672
718 408 12 13 0.12390166
632 275 12 11 0.121103376
491 306 15 12 0.09717435
952 329 15 12 0.08568578
635 272 13 16 0.07972707
992 334 12 12 0.076509774
662 417 10 13 0.075112805
962 357 14 15 0.070966974
630 382 7 8 0.0663163
815 274 11 15 0.065157704
570 380 7 8 0.06369218
611 410 6 9 0.059074357
280 303 6 7 0.057830237
170 296 12 12 0.056908555
610 360 6 6 0.056693636
499 389 10 10 0.053926762
183 309 14 16 0.052861705
38 363 22 27 0.05209385
848 384 6 6 0.051822968
1004 246 14 22 0.050210662
995 413 19 30 0.049382173
418 410 17 18 0.04857825
224 321 7 7 0.0483231
474 20 13 13 0.047679234
302 327 12 12 0.046144653
920 329 12 8 0.044127345
569 339 7 5 0.04355358
994 228 28 35 0.043438308
673 397 6 6 0.04335318
529 414 18 20 0.043231502
752 406 11 11 0.043180633
759 280 5 4 0.041954998
976 355 16 21 0.041796513
702 391 5 5 0.04099708
748 405 21 20 0.040844146
589 395 8 6 0.039071266
888 355 10 10 0.038888067
807 364 7 7 0.038217604
486 336 8 6 0.038009156
934 301 10 9 0.037544753
987 192 10 12 0.037462182
986 187 15 24 0.037456192
397 315 17 20 0.03725642
502 369 4 4 0.037193947
530 366 5 5 0.036072847
207 328 5 5 0.035262376
655 465 16 18 0.03485984
750 386 5 5 0.033998366
916 382 7 8 0.0323464
961 52 14 17 0.032075685
257 358 17 22 0.0320673
844 674 167 117 0.031739954
846 328 7 7 0.03151895
516 440 22 26 0.031152273
185 298 13 13 0.031140415
1005 419 20 23 0.031076645
669 366 5 4 0.031033874
267 324 7 7 0.03025535
541 362 12 16 0.02914494
330 365 16 22 0.02859455
343 386 13 12 0.028181842
483 26 14 15 0.027405446
393 362 15 16 0.025415773
823 406 10 13 0.024920763
900 73 9 10 0.024034938
416 328 9 7 0.02380455
130 296 16 18 0.023585005
610 314 15 16 0.023571236
462 386 10 10 0.023534775
664 304 6 5 0.023344344
898 361 16 19 0.023113266
756 265 19 21 0.022561392
555 409 23 22 0.022372497
830 310 17 19 0.022211049
465 414 16 18 0.021779126
915 698 83 77 0.021750042
930 366 8 8 0.021746878
833 368 17 20 0.021134527
829 396 5 5 0.021024693
857 360 8 6 0.020815983
496 425 13 11 0.020472571
890 304 6 5 0.020343527
