0_Parade_Parade_0_502
44
712 376 26 28 0.6488274
84 492 32 34 0.61402905
705 371 40 42 0.5796299
404 365 19 20 0.57420397
0 330 24 33 0.5437111
927 384 31 32 0.501584
855 368 20 22 0.44929484
466 402 28 35 0.42529842
284 382 25 31 0.4106104
528 365 19 23 0.40125042
562 368 22 24 0.30743214
431 387 34 36 0.26561984
150 351 36 40 0.2048166
231 338 33 35 0.17723276
346 395 12 14 0.17597772
454 399 21 21 0.15834434
254 382 47 47 0.14141516
545 369 17 19 0.13557933
36 298 43 47 0.110982
164 379 31 35 0.09382642
837 375 17 21 0.08933195
847 374 22 22 0.08385657
1003 392 18 19 0.07456362
562 378 14 16 0.07378872
833 163 31 33 0.071296364
940 384 30 33 0.06705176
274 385 27 29 0.063434556
977 389 19 29 0.06224275
446 402 20 23 0.061056007
402 386 12 15 0.05703009
170 305 34 32 0.047493644
486 398 6 7 0.03840846
727 376 17 23 0.038257085
731 373 25 28 0.03646556
235 340 22 21 0.03419538
502 548 74 65 0.033424653
319 386 17 24 0.032279298
163 365 60 60 0.028550353
819 378 15 18 0.027774943
383 392 14 16 0.026963763
413 387 16 19 0.023132449
497 518 118 119 0.022059826
409 373 5 8 0.0214801
700 370 17 18 0.020583728
