0_Parade_Parade_0_490
199
124 442 75 94 0.78394836
891 360 91 109 0.77488995
472 324 57 78 0.7745363
772 558 110 138 0.76732945
234 313 62 80 0.7565946
385 352 57 73 0.74884015
591 279 51 64 0.748404
761 311 75 90 0.73335755
175 199 48 63 0.7309642
728 234 50 63 0.70354724
524 223 37 48 0.6863894
672 132 41 51 0.6844943
661 639 44 59 0.67942345
222 440 71 83 0.67499894
827 155 35 43 0.67180294
741 148 37 47 0.65495515
591 168 44 56 0.6275364
373 174 56 62 0.61021644
487 340 26 43 0.6072896
25 497 48 67 0.60349125
966 51 29 39 0.6019061
505 155 28 34 0.5897008
102 187 45 48 0.5809876
175 134 30 36 0.57821375
758 82 33 40 0.54643375
12 285 42 62 0.53184366
342 124 31 41 0.5306136
376 275 49 68 0.51931554
275 176 38 47 0.50585705
76 153 31 38 0.45987144
947 192 31 38 0.44821543
238 161 32 38 0.42029124
390 285 38 44 0.41763872
313 338 66 81 0.39846772
548 123 21 24 0.38812754
-1 213 22 39 0.38800108
846 21 31 37 0.38780993
495 679 51 61 0.38222757
84 66 16 19 0.37432396
602 178 23 36 0.3616361
871 49 35 40 0.35211965
130 70 22 26 0.3449836
38 177 13 15 0.34483963
862 208 43 59 0.33876705
637 78 20 27 0.3362983
-4 227 21 29 0.32780924
595 113 34 41 0.30911466
993 159 35 54 0.30860797
58 107 17 22 0.30701822
442 62 33 35 0.2870356
11 469 43 64 0.2798563
866 225 31 37 0.27923667
732 43 17 20 0.2781042
1001 183 18 25 0.27797255
364 297 49 63 0.27412185
7 89 18 24 0.270041
741 249 20 30 0.26290056
430 236 65 84 0.261805
26 158 23 28 0.26127812
351 61 18 22 0.25696298
383 180 34 41 0.25080928
963 182 29 44 0.24985647
387 100 18 22 0.23690425
605 598 35 34 0.23333465
930 14 15 18 0.23175408
744 83 31 36 0.22928369
598 115 17 21 0.2197115
728 95 14 19 0.20956197
913 275 48 65 0.20542745
582 64 13 23 0.20473534
915 85 17 25 0.20000719
361 130 31 38 0.1987371
360 59 20 27 0.19656591
374 310 20 27 0.1952277
248 175 11 13 0.19349156
275 79 17 19 0.19166799
246 461 28 44 0.18575811
111 316 42 55 0.177033
233 89 20 24 0.17630379
433 217 41 49 0.1728545
512 821 116 83 0.15786546
602 121 12 16 0.15511951
325 363 37 52 0.15289351
661 80 30 37 0.1502933
573 70 10 10 0.14630876
448 121 16 21 0.14479582
393 191 21 27 0.14169939
816 36 16 18 0.13521217
533 24 14 16 0.13158244
445 123 9 14 0.12980387
118 327 19 24 0.12772214
340 64 18 27 0.12767021
376 83 19 24 0.12764733
716 95 26 23 0.12761405
896 69 26 32 0.11950059
687 86 22 28 0.117046885
25 303 28 39 0.11284371
615 603 18 23 0.10960496
958 33 17 21 0.10862892
968 17 20 22 0.10186259
247 63 9 15 0.10006731
526 136 28 34 0.09865862
78 218 25 30 0.09686292
762 243 45 63 0.09626031
185 142 12 20 0.095761016
534 232 19 26 0.092323005
548 77 16 21 0.09123155
252 168 21 23 0.09063683
903 386 52 70 0.08755664
963 0 17 19 0.08357202
588 571 74 88 0.08316549
523 30 10 12 0.0767261
440 41 20 23 0.07640026
944 285 43 52 0.07510129
9 199 12 19 0.073658235
441 119 11 12 0.07109433
448 771 56 61 0.07030442
442 250 34 37 0.06797632
403 364 24 38 0.06553374
454 80 23 29 0.0651594
10 138 11 13 0.062566236
19 299 27 35 0.06176607
31 95 17 23 0.061392885
851 215 42 59 0.06128211
192 377 35 53 0.06019026
913 15 15 20 0.059685107
459 801 20 27 0.056821093
552 105 12 18 0.056488242
58 80 13 18 0.055872723
687 17 14 15 0.05557182
895 42 10 10 0.055061396
355 133 14 17 0.053843632
784 15 11 14 0.05338498
540 88 9 8 0.052140914
894 4 12 16 0.05057417
737 543 119 123 0.048018496
758 328 51 63 0.047845293
286 169 27 34 0.047649592
282 92 7 10 0.0463394
100 66 20 28 0.04569423
301 282 43 54 0.04513708
874 365 71 91 0.044624858
558 829 96 70 0.044198226
881 58 12 20 0.04375069
769 604 62 90 0.04303196
497 683 24 39 0.042040594
144 73 12 20 0.041684214
475 124 13 16 0.040139623
830 25 18 20 0.03983232
195 5 26 25 0.039618168
552 35 4 5 0.039389614
417 611 20 24 0.03937284
997 28 14 21 0.03824706
347 111 7 13 0.037757475
765 526 168 188 0.037462175
659 81 16 24 0.037200354
523 129 22 27 0.035552964
814 71 19 23 0.035494618
267 165 43 47 0.034834877
891 271 91 115 0.034826085
922 32 6 8 0.03479256
260 78 13 21 0.03427154
66 114 5 9 0.033398543
621 19 11 13 0.03271412
610 78 24 35 0.03126243
942 295 35 33 0.031115051
675 12 11 11 0.030907989
734 5 14 15 0.02968611
199 21 14 17 0.028911633
149 439 73 99 0.028661063
709 239 173 182 0.028570987
164 71 17 21 0.028511934
305 435 43 57 0.028368466
72 192 27 33 0.027651746
475 666 49 54 0.027401634
818 1 10 13 0.027012434
393 357 39 52 0.026795756
498 106 9 9 0.026721172
699 33 13 14 0.026339035
146 452 32 52 0.026093721
393 13 13 13 0.02528532
844 244 48 58 0.025022717
-29 797 110 124 0.024901211
476 65 20 24 0.024404567
850 252 29 34 0.023847384
857 264 242 257 0.023624705
458 33 15 18 0.023447214
916 270 83 84 0.023116572
918 86 12 14 0.02257708
782 583 69 94 0.022202728
967 160 22 31 0.022194471
474 770 28 33 0.021733502
179 153 26 31 0.020922853
439 822 97 78 0.020746132
190 111 11 13 0.020502465
539 106 38 37 0.020465953
644 84 11 16 0.020251347
445 273 38 42 0.020227306
20 90 5 7 0.020040575
