0_Parade_marchingband_1_359
57
735 117 54 56 0.7574836
854 144 39 38 0.6638431
166 174 38 34 0.62086546
908 120 28 28 0.6102117
723 105 77 81 0.55881345
864 158 18 15 0.47265697
139 206 25 22 0.40013573
606 189 18 20 0.39379588
1006 126 18 17 0.3822174
913 125 15 18 0.29293704
408 187 26 23 0.21016626
413 198 14 13 0.20489152
308 192 16 15 0.19318502
995 125 22 24 0.18585753
485 201 7 8 0.15439938
419 193 12 14 0.14647792
448 205 16 15 0.13970634
124 172 26 25 0.1319439
2 217 12 10 0.12880841
522 199 14 13 0.12868933
76 209 16 16 0.12298711
72 213 12 13 0.09420578
255 199 10 13 0.09038924
269 203 9 8 0.08765442
303 201 12 12 0.08389797
673 187 20 18 0.08105771
148 159 63 56 0.07647617
466 201 9 10 0.071345635
492 195 12 10 0.07086524
594 195 19 18 0.07057656
663 199 13 12 0.0704886
379 210 10 9 0.06857405
390 202 8 10 0.066049576
518 195 13 10 0.06414622
311 200 8 10 0.061766163
244 203 6 7 0.061043177
49 212 16 14 0.060312293
536 200 8 9 0.053594533
558 201 18 16 0.052859098
668 189 16 16 0.05043592
243 197 6 5 0.04779684
975 146 19 25 0.04476206
256 194 10 12 0.04434427
604 197 13 13 0.044109687
1004 141 28 29 0.042970218
273 195 8 7 0.040966764
960 130 25 23 0.03620887
104 175 16 15 0.0352833
565 195 11 9 0.033868335
665 202 12 12 0.03073994
44 224 15 14 0.02956911
50 175 19 20 0.023318255
540 196 7 8 0.022955446
24 213 11 14 0.021834968
71 178 14 12 0.021605456
467 48 100 95 0.020616012
610 195 10 9 0.020539781
