0_Parade_Parade_0_288
39
745 329 20 21 0.52977186
461 199 16 17 0.34569952
509 207 13 14 0.21517925
294 390 15 17 0.17000672
696 333 31 30 0.12069762
981 303 35 36 0.11650148
493 169 21 19 0.11276626
535 391 19 18 0.10379956
471 194 18 17 0.09642259
343 379 13 14 0.0906351
540 395 11 12 0.0812497
476 221 20 19 0.077504255
403 217 15 14 0.071242034
417 221 6 7 0.067753896
408 199 17 15 0.06473293
661 360 13 14 0.063954845
979 325 19 20 0.0546971
480 222 13 13 0.053099982
699 362 12 13 0.046602637
418 207 9 10 0.045204077
634 330 20 18 0.044226818
345 369 17 17 0.04141991
278 417 17 19 0.041031532
376 355 25 25 0.032772824
336 223 17 17 0.030153135
993 326 20 20 0.027909506
483 272 31 32 0.026927385
343 357 21 21 0.025374413
223 349 14 15 0.02500232
520 280 21 23 0.023422075
533 344 19 19 0.022774715
345 196 18 22 0.02209833
508 208 22 28 0.021736884
491 206 13 14 0.0213126
521 215 15 19 0.021243252
665 342 16 15 0.021176498
369 284 16 17 0.02102856
680 353 13 14 0.020599136
261 414 12 11 0.020376662
