0_Parade_Parade_0_465
28
501 109 123 141 0.8382643
402 114 110 125 0.7965008
100 87 28 28 0.56180274
1000 122 19 22 0.31683582
524 138 92 93 0.2393638
3 78 21 28 0.20777261
535 164 56 61 0.18558675
442 378 28 28 0.18344264
423 138 71 89 0.1558963
948 119 10 14 0.13838796
1003 131 16 18 0.12391278
987 118 20 28 0.11553782
889 93 22 24 0.1145738
431 109 142 152 0.10605109
519 482 30 33 0.0963535
893 107 12 12 0.09547979
901 109 17 18 0.09033614
481 139 86 93 0.09022393
830 77 18 17 0.08963385
542 394 17 22 0.05564697
404 127 63 93 0.054881305
428 167 52 55 0.040897474
90 84 22 28 0.02769888
843 73 11 12 0.027357994
363 71 134 147 0.022616284
924 99 35 33 0.022382747
827 86 10 10 0.02126218
536 181 19 26 0.020854587
