0_Parade_Parade_0_917
22
649 130 29 29 0.24905367
146 239 10 8 0.22816044
20 329 9 10 0.16548534
725 288 32 27 0.117142536
5 316 14 15 0.10247146
376 133 27 25 0.089235775
660 121 28 25 0.08124852
698 284 43 31 0.060514826
375 122 32 27 0.058466665
701 297 29 25 0.057209145
688 289 38 31 0.044589877
7 319 8 8 0.044463146
537 294 9 8 0.040456533
617 138 35 29 0.0375738
372 117 43 40 0.035543088
646 119 43 37 0.029150918
75 271 10 9 0.02904117
123 259 11 9 0.023049464
934 280 56 45 0.021479484
91 240 53 47 0.020793332
120 242 12 8 0.020363744
100 256 12 11 0.020293752
