0_Parade_Parade_0_960
25
227 18 79 102 0.8394325
882 205 69 89 0.83241326
703 229 86 110 0.73371863
57 211 99 143 0.6861638
63 253 78 84 0.14601478
4 165 196 209 0.111873046
897 230 31 47 0.085373394
242 42 24 54 0.067377076
561 618 102 115 0.05120677
95 239 75 85 0.048040234
725 233 43 81 0.043751985
187 16 89 103 0.043418143
108 387 86 83 0.03659823
718 205 114 129 0.03637435
255 31 40 76 0.036187954
673 247 137 118 0.033223554
7 221 120 125 0.031750683
870 210 45 65 0.029647037
45 315 217 198 0.027366614
65 372 113 114 0.025658455
110 296 123 119 0.022997746
738 236 71 93 0.022296809
825 183 87 115 0.02143423
121 232 57 74 0.021385787
788 304 235 218 0.020711556
