0_Parade_Parade_0_194
22
369 253 84 125 0.8161465
705 236 85 147 0.72254914
132 416 83 137 0.65315527
568 288 65 85 0.62694925
213 346 59 109 0.6134601
89 341 168 285 0.2587612
231 362 31 62 0.22297326
124 390 126 186 0.20751387
349 221 128 211 0.12473563
172 306 148 244 0.08624175
102 403 76 120 0.0676772
673 150 135 224 0.059520617
85 390 113 187 0.04629165
516 216 128 234 0.036231935
685 213 84 153 0.03293151
161 376 101 160 0.032913595
731 181 131 258 0.02986123
302 182 219 344 0.029158164
707 293 39 70 0.02563531
586 736 21 40 0.02448979
998 971 25 55 0.022580808
19 449 85 166 0.020505056
