0_Parade_Parade_0_382
25
444 238 54 47 0.78640056
588 140 41 41 0.7449798
907 300 29 26 0.7170522
102 182 70 61 0.67259306
81 90 42 38 0.5419437
787 212 39 37 0.4793588
691 204 47 42 0.21807447
688 216 41 41 0.10044613
835 290 24 22 0.08996754
604 151 17 18 0.087962985
696 215 28 24 0.082317784
775 217 42 35 0.07093134
888 399 16 12 0.047706988
437 219 86 68 0.04289366
131 181 38 42 0.03754158
462 250 28 27 0.037283305
883 391 19 16 0.03354176
247 325 11 12 0.02966819
111 -4 47 26 0.02711175
364 477 15 14 0.025470631
582 180 30 25 0.024924885
397 94 32 29 0.024781473
119 190 36 33 0.021608215
1008 344 17 17 0.02117008
844 300 18 17 0.02051474
