0_Parade_marchingband_1_490
95
537 437 20 21 0.47919053
409 452 19 22 0.43689883
28 391 19 21 0.41086376
411 456 13 16 0.3390769
931 385 18 19 0.27876365
789 394 10 13 0.2723367
670 458 13 16 0.26864848
292 457 12 14 0.26181677
972 393 20 23 0.2559234
127 396 14 16 0.253484
828 371 23 22 0.23966657
119 352 18 20 0.23564409
36 401 5 6 0.22695181
304 387 18 21 0.22098
884 363 13 11 0.20813541
917 337 17 21 0.18989158
265 394 11 12 0.18930785
170 356 14 16 0.18207327
537 441 15 14 0.18131763
357 391 10 12 0.17531423
453 392 10 12 0.1670406
840 251 8 12 0.15939718
597 391 16 16 0.15418129
747 390 14 16 0.14428388
552 394 9 10 0.14138268
221 397 8 9 0.13919018
884 395 9 9 0.13334319
700 396 7 7 0.1262355
168 369 22 21 0.12542373
406 391 10 12 0.12492515
184 209 19 19 0.12146181
27 396 12 14 0.108813174
78 404 15 20 0.10691612
784 217 12 10 0.1050544
147 243 11 13 0.09526095
393 364 8 8 0.09439817
187 217 11 10 0.09379337
842 269 14 14 0.09173626
82 402 8 7 0.090218924
883 336 5 6 0.089858435
87 405 16 17 0.083878756
165 299 8 10 0.07700363
78 366 9 12 0.074750945
93 339 8 8 0.07359927
842 396 4 5 0.07226849
624 188 11 10 0.07212917
794 362 10 11 0.066814214
502 393 7 7 0.06501163
663 462 10 14 0.06405254
297 357 17 18 0.06125137
923 350 12 15 0.057165723
441 364 8 8 0.05443856
973 404 12 15 0.053144734
888 329 12 15 0.05189651
174 399 8 10 0.051763043
481 361 12 11 0.050358485
846 331 4 5 0.045024082
672 465 8 9 0.044750053
371 190 18 15 0.04399162
556 192 10 8 0.04386901
127 326 6 8 0.043860983
608 379 21 22 0.043458454
367 335 11 10 0.042789422
385 375 19 20 0.042215176
161 403 18 19 0.04149948
527 361 9 11 0.04132587
124 298 9 10 0.040604025
708 362 10 11 0.04047514
365 392 8 10 0.04002185
32 405 13 16 0.03729563
662 394 4 5 0.035620283
758 369 5 6 0.034707434
200 318 22 21 0.03403767
808 240 14 11 0.03398405
645 394 5 5 0.033910885
331 333 6 6 0.030781858
682 192 6 6 0.030674668
575 366 6 6 0.030048478
244 62 190 181 0.028917884
403 463 12 13 0.028606711
697 463 18 20 0.028188542
106 316 18 21 0.028030945
844 367 2 3 0.027482541
488 449 12 14 0.026100606
666 211 6 5 0.025208417
203 273 5 6 0.02405845
524 194 10 7 0.02397063
338 192 11 9 0.023401603
241 385 17 18 0.023125112
235 196 10 12 0.02265229
206 324 10 11 0.02226746
410 462 11 15 0.022153767
850 309 4 4 0.022027805
705 211 9 6 0.020661382
772 241 8 6 0.020555133
