0_Parade_Parade_0_377
119
268 506 55 84 0.47595495
10 260 43 63 0.37896922
578 309 30 27 0.33806226
982 342 18 22 0.3005935
331 333 30 29 0.29518262
81 280 31 33 0.2793068
803 305 28 23 0.23757748
536 302 21 22 0.23182541
217 476 142 139 0.23096088
214 297 34 39 0.22239918
574 320 39 40 0.22033736
0 284 41 90 0.21326287
334 535 36 40 0.2051748
154 314 40 44 0.187964
892 306 25 24 0.1849753
413 308 28 28 0.182667
930 319 17 16 0.17415398
550 304 17 18 0.17365044
771 321 14 10 0.16476306
843 311 20 21 0.1549394
734 317 16 12 0.15099339
160 326 23 27 0.14817902
311 519 84 76 0.1265376
664 331 12 13 0.12593214
861 366 49 58 0.12549004
219 302 45 43 0.1248909
80 387 29 27 0.106696144
24 274 31 42 0.105871275
79 372 46 46 0.0993224
180 278 29 30 0.09874087
245 232 18 16 0.09705812
272 567 237 237 0.09677542
552 255 25 25 0.095194474
189 226 18 19 0.090422764
363 275 25 25 0.08700398
976 324 21 25 0.08392215
972 342 16 15 0.08360742
674 324 17 16 0.08319335
239 235 14 13 0.08175463
420 258 13 14 0.08087184
338 335 36 36 0.08015346
453 282 17 19 0.078872725
73 397 35 36 0.0767352
468 280 20 19 0.07515489
111 439 46 65 0.07470218
275 289 123 102 0.07457695
200 234 11 12 0.073338345
844 363 46 47 0.07202137
955 322 12 11 0.071511924
550 295 17 13 0.07022222
597 315 20 21 0.06850291
-5 229 41 45 0.06536334
911 313 18 20 0.06210437
827 308 17 20 0.061886493
400 278 21 21 0.059932206
240 344 39 41 0.059772428
429 317 9 9 0.05911103
588 279 18 18 0.05845787
342 340 14 19 0.056242067
996 316 13 14 0.055635467
541 269 19 20 0.05551339
468 314 21 22 0.05241461
698 328 17 16 0.05240485
376 265 17 17 0.051838275
487 293 16 16 0.05176167
681 284 15 15 0.050956655
64 501 30 34 0.05092621
68 350 97 87 0.050254185
324 274 27 28 0.049272962
382 231 15 15 0.047742244
360 372 36 36 0.04502885
2 244 34 40 0.044404715
523 305 21 18 0.044102903
760 291 15 14 0.043668874
89 384 63 73 0.04345285
767 289 18 15 0.043271102
272 510 93 91 0.04304622
336 251 50 52 0.043042824
752 314 14 17 0.042589433
97 380 41 37 0.042438414
224 507 90 79 0.034553926
535 259 17 14 0.03380387
424 256 14 17 0.03347689
611 283 14 15 0.032806132
368 385 18 17 0.032370035
611 603 222 165 0.03218632
59 384 55 47 0.031170145
468 255 28 26 0.030812535
635 313 15 14 0.030683914
228 454 29 30 0.030515008
516 291 24 20 0.030429443
456 446 164 144 0.030317249
982 347 27 32 0.030082215
393 266 20 21 0.029164065
910 342 65 53 0.027564159
94 304 33 39 0.026769267
878 355 93 97 0.02669459
657 141 51 62 0.026461601
908 373 53 49 0.026396386
237 376 60 58 0.025751796
814 296 14 16 0.025105236
571 67 55 54 0.024961825
80 394 46 52 0.024350557
241 271 20 22 0.024162114
91 409 74 81 0.024035353
-9 252 74 78 0.023640776
803 293 206 200 0.023488073
439 279 47 41 0.023173211
520 508 81 71 0.022900306
119 233 17 17 0.02259872
840 349 96 88 0.022394994
259 381 51 44 0.022297442
990 288 15 15 0.022227475
883 331 23 19 0.021896392
50 415 21 20 0.021858424
357 230 72 64 0.02174605
32 389 26 26 0.021031028
299 201 151 122 0.020736348
-19 208 87 87 0.02066793
