0_Parade_marchingband_1_556
39
634 260 32 31 0.6481631
969 257 31 31 0.63952875
79 260 35 36 0.6358004
567 308 41 46 0.63361555
348 255 28 31 0.6002141
559 254 23 24 0.54714733
147 291 37 37 0.51640815
492 285 33 27 0.4646221
448 274 29 31 0.45914754
453 283 17 15 0.29987216
759 245 24 25 0.27308673
286 253 16 17 0.2709044
745 244 20 22 0.23141044
977 267 10 11 0.22648264
717 235 25 24 0.16966158
170 294 26 26 0.15297464
735 243 23 19 0.14001068
713 240 25 27 0.12890999
583 410 43 45 0.12742327
471 281 25 30 0.12245511
286 266 17 17 0.119367
512 290 24 25 0.11785903
569 315 29 32 0.10590455
359 266 7 9 0.10279791
207 294 16 13 0.101360954
332 305 26 22 0.09449598
215 288 20 20 0.08785966
562 262 16 16 0.08527937
721 234 18 15 0.07865031
725 231 19 20 0.055248223
276 261 23 23 0.048008345
578 322 16 19 0.043848425
506 295 8 10 0.040790416
314 258 23 23 0.038692843
43 423 27 26 0.029809253
526 268 25 22 0.02611583
338 313 24 20 0.023897214
346 550 161 135 0.023752172
350 253 18 23 0.02186752
