0_Parade_Parade_0_353
59
490 241 29 28 0.54132664
390 262 27 25 0.4419785
321 291 37 34 0.3756833
600 240 45 47 0.36361083
842 265 17 19 0.31707615
198 303 14 16 0.26362285
190 307 17 16 0.25164837
616 243 31 30 0.22271243
452 280 11 12 0.21058893
295 294 4 5 0.18537302
542 255 35 32 0.1810037
887 251 12 10 0.17374732
253 291 15 15 0.16259718
792 256 17 12 0.1514573
811 255 11 10 0.1485551
306 272 17 18 0.12534103
87 310 19 16 0.104996465
578 266 42 38 0.100104116
688 251 23 24 0.09385412
861 255 8 7 0.08571444
785 271 17 19 0.08445655
733 253 22 22 0.081225164
899 248 10 10 0.079214096
366 283 35 30 0.07821846
924 248 13 12 0.0761784
981 248 8 10 0.07553779
699 249 17 16 0.07317284
549 266 38 37 0.06945932
499 248 12 12 0.068824135
562 287 35 40 0.0636511
281 197 111 109 0.057765055
864 135 14 12 0.057355713
294 342 13 13 0.05273416
551 273 51 49 0.050757457
768 257 19 22 0.049007192
471 258 23 27 0.04264027
830 255 14 15 0.04255768
254 281 17 14 0.04203637
315 279 5 6 0.041072987
992 254 6 6 0.03952873
101 249 15 11 0.037494414
414 271 20 17 0.03730341
308 327 20 17 0.036339786
29 347 12 12 0.035213064
583 295 26 29 0.03204981
296 342 19 16 0.030567499
452 286 23 23 0.030351322
456 250 18 21 0.029525017
516 227 38 26 0.028459733
573 283 43 34 0.02695133
83 316 17 15 0.02652962
39 344 12 12 0.025124906
914 228 36 26 0.024609568
259 286 7 8 0.024423437
663 266 31 24 0.023690607
310 293 10 14 0.02266895
550 251 26 23 0.02145666
662 217 14 15 0.020917563
99 245 11 12 0.020555004
