0_Parade_Parade_0_814
85
761 514 27 23 0.44269958
488 375 16 16 0.40627986
178 339 25 23 0.37559462
364 340 13 14 0.30535412
923 528 24 25 0.23831652
677 393 15 13 0.22526279
182 348 13 13 0.22026113
813 548 18 16 0.21318586
925 513 32 28 0.21290506
972 414 17 17 0.21145578
895 556 11 12 0.21092473
365 344 18 15 0.18600588
890 549 21 19 0.17828709
413 449 17 16 0.17067969
379 384 23 21 0.16732195
906 546 16 15 0.1647209
465 392 15 16 0.15435025
457 397 15 15 0.1454753
680 539 35 33 0.13795158
607 557 33 28 0.13172084
158 546 19 18 0.12956461
328 393 23 21 0.1295551
894 316 11 11 0.11751983
974 422 12 12 0.11143542
531 357 14 15 0.10984847
813 339 12 11 0.10427063
615 564 30 29 0.10239712
746 377 11 12 0.08964551
536 351 17 16 0.08560406
351 376 15 16 0.080582164
244 370 12 11 0.0780539
939 406 13 15 0.076230116
893 311 14 13 0.07579678
771 384 16 16 0.07440414
515 389 17 17 0.073171094
298 393 7 7 0.07114848
405 449 19 19 0.07098765
328 581 37 32 0.067867264
596 550 40 43 0.06647788
819 551 11 11 0.060881417
769 382 13 12 0.058755934
736 389 10 8 0.058118116
157 397 7 7 0.05117777
743 380 11 9 0.04980713
639 391 18 17 0.04916274
4 364 20 18 0.048626237
296 572 48 37 0.04825429
88 655 34 25 0.042814918
357 595 34 34 0.039991926
412 393 13 11 0.03975251
748 388 9 11 0.039641835
237 368 12 12 0.039525073
11 390 20 19 0.039013293
122 396 9 7 0.036142338
36 395 12 13 0.03583285
599 568 42 41 0.035112787
393 393 16 14 0.034974415
886 304 19 17 0.034527253
528 178 24 19 0.033977944
371 382 10 10 0.03314561
18 367 14 15 0.033005483
601 540 27 25 0.03275982
328 378 12 12 0.031299077
483 395 11 9 0.030842379
419 379 14 13 0.030001724
46 393 17 13 0.028454784
439 450 18 20 0.027181152
1000 298 11 12 0.027134381
79 416 11 10 0.027127042
839 412 16 15 0.026819186
181 608 18 18 0.026652254
308 392 8 11 0.026044346
310 378 9 8 0.025972927
995 415 16 14 0.02480464
222 592 36 31 0.024528364
513 377 18 17 0.024328034
383 423 13 11 0.02393623
107 397 10 10 0.02326229
953 400 13 12 0.023169
206 550 47 36 0.022105351
93 399 7 7 0.021878844
308 558 38 33 0.021850225
257 397 11 11 0.021705497
755 534 16 17 0.02092107
333 599 41 31 0.020592285
