0_Parade_Parade_0_887
26
149 367 79 79 0.81262285
657 197 58 63 0.8107084
707 320 76 81 0.79885495
283 300 51 61 0.78962755
216 261 78 75 0.78239393
403 301 53 58 0.77293086
524 243 54 56 0.7589871
496 328 69 85 0.63263494
167 377 44 65 0.5286606
244 264 122 130 0.512643
377 281 101 100 0.25259477
239 281 30 34 0.2098008
509 358 37 39 0.19668524
513 340 40 64 0.16021891
738 335 27 48 0.15379348
125 361 131 111 0.11708619
223 241 117 120 0.08072602
172 393 19 33 0.06384081
665 177 63 95 0.033126235
529 255 34 35 0.031498246
132 385 54 47 0.029296247
509 245 90 74 0.02703316
248 273 73 84 0.026467094
496 353 27 35 0.025542358
529 340 43 60 0.023659553
856 116 20 21 0.021412387
