0_Parade_marchingband_1_360
41
93 157 50 47 0.71158147
864 141 38 37 0.70330954
471 103 58 60 0.70052916
931 296 22 24 0.6373275
578 221 24 25 0.6362032
922 290 34 33 0.5340966
996 323 19 18 0.2459494
845 126 78 71 0.24255401
441 87 116 100 0.23896053
765 314 20 16 0.22458692
483 77 20 19 0.13147072
235 262 19 17 0.12412709
68 143 94 84 0.12168455
405 123 18 17 0.120237075
821 167 17 16 0.09970977
1000 327 12 12 0.09677459
379 246 11 10 0.08405052
230 265 18 21 0.076425835
480 72 28 31 0.070524804
641 128 12 13 0.046532042
73 210 16 18 0.04044564
824 170 8 8 0.03924875
333 323 11 10 0.035765365
316 316 16 14 0.034630515
239 102 11 10 0.033533856
416 150 13 12 0.03282255
880 108 14 13 0.03218992
772 321 11 10 0.03183213
586 229 10 13 0.029576397
276 274 17 14 0.02946579
809 96 11 9 0.028292248
204 129 18 15 0.026564103
10 342 8 10 0.024916012
699 316 13 13 0.0247593
854 143 32 34 0.024564356
564 216 29 36 0.02312723
558 211 28 26 0.02281807
228 256 19 16 0.020773506
304 331 7 6 0.020720059
304 271 11 10 0.020390201
36 203 15 16 0.020242501
