0_Parade_marchingband_1_329
109
833 326 23 23 0.5855597
898 339 19 22 0.5705177
450 417 21 22 0.55468684
629 426 25 25 0.5512979
452 422 13 14 0.5135148
79 301 23 24 0.46043003
193 317 15 16 0.44095713
256 389 14 15 0.42244276
510 428 20 21 0.41119474
328 392 16 17 0.40722936
390 387 16 14 0.36625758
386 423 26 23 0.34249985
180 391 24 24 0.33817554
485 388 19 18 0.31357145
559 428 28 25 0.3046729
177 385 26 23 0.2851093
704 424 22 23 0.2770794
397 426 15 21 0.27675518
800 405 16 19 0.27052447
646 319 8 9 0.2478413
716 382 17 18 0.24634144
85 305 22 23 0.24427594
155 323 33 29 0.23651136
561 341 20 17 0.23250563
741 429 31 28 0.22747649
800 444 18 20 0.22362721
838 420 13 15 0.21468587
240 377 28 25 0.19533868
381 375 23 21 0.18207662
494 397 6 7 0.17392117
134 318 18 16 0.17284344
145 321 10 13 0.16925386
668 343 13 12 0.1690697
757 398 15 10 0.1648339
718 430 11 13 0.16479965
179 418 22 21 0.16474241
182 443 16 19 0.1535969
571 317 10 10 0.1428744
791 360 7 6 0.12771928
705 342 13 11 0.11714134
217 346 12 13 0.11573592
479 321 10 10 0.1153118
375 336 7 5 0.1127888
603 320 11 12 0.10385438
533 325 6 6 0.09934064
754 337 19 18 0.097004615
464 322 15 13 0.096156575
295 365 6 6 0.094886824
754 349 6 6 0.09471576
229 338 21 21 0.09470791
754 424 22 20 0.094340354
765 396 13 13 0.093204476
295 323 8 8 0.09191996
347 362 9 8 0.09153411
333 333 4 3 0.08554734
815 356 21 25 0.07966386
626 291 18 19 0.07799391
451 331 9 7 0.07619277
108 244 19 17 0.075103305
828 361 17 17 0.07220411
418 333 6 4 0.07033805
577 116 27 28 0.065790854
298 332 9 7 0.06354223
786 405 21 15 0.05815232
416 325 12 10 0.055139508
616 375 26 22 0.054111812
273 338 11 10 0.052560285
686 316 7 4 0.051757473
536 355 15 17 0.050814796
111 251 11 12 0.04829412
694 380 18 18 0.04816162
102 259 12 13 0.047103103
620 318 15 18 0.045260552
532 430 19 20 0.040131804
716 426 13 9 0.039885405
698 319 7 7 0.039739124
802 100 17 17 0.03856035
529 331 9 9 0.037432037
194 358 12 11 0.037224066
749 317 16 14 0.037171815
594 546 93 47 0.036557853
780 342 10 9 0.035488803
810 420 14 14 0.03540964
857 360 15 15 0.034653228
751 405 19 16 0.03338794
626 400 8 8 0.033259317
309 325 13 13 0.032592505
533 323 10 10 0.032315824
266 361 7 7 0.031287774
457 426 4 7 0.030447897
768 374 18 18 0.030129403
639 308 21 19 0.029614536
517 435 4 6 0.028995622
179 320 16 17 0.028505454
571 419 20 23 0.028284432
376 362 8 7 0.027311577
681 399 5 4 0.026520304
686 330 23 21 0.026366808
900 342 13 16 0.026319886
382 383 28 19 0.0261498
334 323 6 6 0.025963508
721 383 5 7 0.024757521
764 433 31 27 0.023754163
463 319 8 6 0.022618609
846 328 80 72 0.02246255
609 343 7 9 0.021933053
220 354 10 10 0.021221912
314 370 18 20 0.020665536
394 327 16 15 0.02003308
