0_Parade_Parade_0_478
53
837 477 17 17 0.46766248
904 474 20 18 0.46520066
835 473 27 27 0.42821208
18 358 14 17 0.22329426
217 376 16 18 0.20737512
95 382 14 13 0.20439404
111 347 17 15 0.18758546
565 430 15 12 0.14374124
107 356 14 13 0.11783964
107 384 17 16 0.11336302
326 421 19 16 0.11246211
159 380 10 10 0.090428546
330 417 22 25 0.0774606
347 386 22 20 0.06967942
21 361 8 8 0.06718914
94 384 7 7 0.06710812
38 383 11 13 0.061897166
88 370 14 14 0.061805353
193 436 16 16 0.057043977
660 454 16 12 0.0554074
50 388 12 11 0.0535246
542 415 13 10 0.052265972
775 459 16 13 0.050649256
199 384 11 7 0.04806418
330 406 19 17 0.046480607
329 410 30 25 0.04403077
704 462 12 10 0.042229533
303 411 28 20 0.042073168
227 380 12 13 0.03936078
188 427 30 29 0.039048273
556 429 9 9 0.037397955
739 463 16 11 0.03478615
632 456 13 10 0.034521244
260 389 18 17 0.032566443
1000 484 19 26 0.03234734
446 413 12 10 0.030803105
734 477 20 16 0.03012585
924 -17 101 169 0.029743576
817 464 12 10 0.028938666
458 414 10 10 0.028062204
109 350 21 20 0.027966619
181 380 12 13 0.027763471
620 450 12 11 0.027191719
191 446 23 19 0.026182083
223 368 18 18 0.026058258
764 463 9 8 0.025162065
394 405 17 14 0.023590755
467 207 115 77 0.0223512
999 524 17 24 0.022081785
360 383 20 21 0.021312382
528 431 6 6 0.021194484
689 458 11 10 0.020954859
179 53 268 233 0.020175222
