0_Parade_marchingband_1_1045
58
88 262 36 41 0.63925004
936 260 54 52 0.5664915
0 313 15 18 0.40381616
586 264 26 34 0.40327606
871 307 25 28 0.3725161
874 313 16 21 0.35237455
186 320 12 15 0.30288672
657 265 37 38 0.30140454
956 255 40 48 0.29554096
780 299 15 18 0.27479464
-1 300 29 28 0.23159316
691 257 26 28 0.2270483
990 235 35 34 0.21200658
679 269 21 23 0.19763333
39 279 40 48 0.1750265
120 310 24 28 0.16866618
379 305 9 9 0.13331236
447 308 11 10 0.13102464
300 303 13 15 0.12232317
148 326 8 9 0.12124234
988 286 22 31 0.11620437
269 308 26 31 0.11497642
226 294 24 28 0.10978056
753 308 10 11 0.103505254
354 307 6 7 0.09182362
672 283 23 25 0.08977935
767 298 14 19 0.088428676
94 271 24 28 0.08806663
520 303 11 13 0.08298148
279 305 17 17 0.08103514
167 315 19 22 0.0717257
387 304 11 14 0.07011884
415 275 14 15 0.065887935
248 302 17 21 0.06348079
495 313 7 7 0.060999334
410 320 7 8 0.058358446
817 292 14 16 0.05068709
750 313 14 18 0.04808281
1008 302 12 12 0.04651099
562 272 20 22 0.04476947
315 302 12 16 0.044117346
264 354 33 38 0.04214282
596 293 17 20 0.041416
76 278 40 37 0.040919073
132 325 11 12 0.03890855
833 298 10 13 0.032127116
553 261 51 44 0.026173532
486 318 6 7 0.026049703
510 313 14 18 0.025756173
909 245 74 80 0.02528049
48 268 24 38 0.024953645
229 254 11 14 0.024618445
879 306 13 15 0.02428692
267 358 18 21 0.023564657
234 314 14 18 0.022266598
121 302 24 22 0.021903384
209 311 6 7 0.020528542
761 273 17 18 0.020455271
