0_Parade_Parade_0_850
56
623 290 33 35 0.66944724
485 300 24 27 0.6179713
749 304 24 29 0.5847364
479 294 37 38 0.5365667
369 309 17 21 0.44684702
992 324 21 21 0.42420655
948 287 26 29 0.41440126
359 305 38 32 0.39973757
853 328 22 25 0.39301994
254 313 22 25 0.38960066
937 281 42 45 0.3822471
832 294 38 39 0.30020243
186 317 17 16 0.25732464
75 320 17 21 0.24446383
842 296 23 24 0.24291605
129 318 12 13 0.20003569
240 322 14 17 0.18713856
225 319 24 26 0.18031846
532 331 15 17 0.17037272
547 338 9 12 0.14639567
80 318 15 14 0.14071876
998 333 8 9 0.13293484
157 316 15 14 0.12764837
46 326 9 10 0.10828695
821 298 28 34 0.10440576
372 321 18 19 0.10437915
390 322 14 18 0.092182375
883 328 11 12 0.09084138
127 323 14 15 0.08818474
43 323 6 5 0.0810263
410 327 13 14 0.07981109
166 323 12 15 0.07870766
189 321 19 20 0.0774706
93 321 15 19 0.07568
856 275 25 25 0.07169919
27 325 8 12 0.06475114
172 314 16 17 0.06181726
915 313 14 14 0.060131185
521 333 13 12 0.053362995
546 302 16 17 0.053224646
31 313 17 19 0.048905976
367 317 15 17 0.048510723
903 312 17 17 0.04787553
8 328 7 8 0.044275228
155 325 12 12 0.04393197
231 311 19 23 0.03909346
762 257 17 19 0.034726016
895 162 14 14 0.032140493
758 255 15 14 0.029984988
755 313 10 14 0.029167391
108 314 17 18 0.029044624
637 300 8 14 0.027942616
8 320 6 7 0.02755789
258 323 6 8 0.026586179
677 289 21 21 0.023798432
44 279 20 17 0.022515388
