0_Parade_marchingband_1_149
70
438 375 37 36 0.73224515
806 241 27 27 0.7190453
367 380 37 38 0.71871495
522 382 42 43 0.7136401
473 236 28 26 0.693946
705 387 36 37 0.69154304
460 306 30 29 0.6841506
389 311 30 29 0.678359
529 224 28 29 0.6729754
671 319 25 26 0.6708902
529 302 32 30 0.6670136
592 242 29 28 0.6627033
304 313 33 34 0.66109145
779 318 28 28 0.65657943
404 225 26 26 0.6508779
228 316 24 27 0.6435082
622 380 39 36 0.6352893
727 243 20 20 0.629194
598 324 26 27 0.62552696
280 390 29 29 0.61808205
215 308 47 43 0.616536
715 396 21 19 0.5930407
658 232 38 40 0.5627945
536 230 16 15 0.51716435
405 231 18 16 0.50270915
310 265 26 24 0.49205866
209 234 32 35 0.46660334
349 239 28 27 0.46276444
710 278 11 13 0.4365846
286 237 19 21 0.3593624
236 262 31 24 0.2789851
733 351 26 29 0.275071
482 243 6 8 0.23125042
345 226 50 55 0.20666511
672 242 41 39 0.19992316
223 248 24 21 0.16053633
720 400 10 11 0.12827638
737 361 15 16 0.1273204
797 351 25 29 0.12189824
682 330 5 7 0.115053475
380 389 14 19 0.109996825
604 330 18 17 0.10492003
269 224 36 31 0.09778477
371 246 22 23 0.09732804
284 228 27 26 0.08783378
603 245 17 19 0.085529275
547 313 10 12 0.08241128
279 231 24 20 0.0766258
599 325 36 40 0.0626457
521 263 26 24 0.060823284
648 301 71 51 0.060667325
637 387 14 17 0.060281176
357 246 13 13 0.05985478
471 224 37 34 0.05804051
288 237 13 12 0.055672415
264 342 22 22 0.045545828
470 301 28 28 0.0381319
669 241 16 21 0.036384445
446 378 18 21 0.034176845
318 249 25 27 0.03385701
563 410 24 23 0.033594213
487 237 9 10 0.032064192
317 268 13 14 0.031154789
741 356 11 11 0.02971147
545 310 9 10 0.029035771
220 247 4 8 0.026913412
790 324 9 9 0.026852854
602 413 8 11 0.026410045
722 386 28 33 0.021832833
805 356 12 14 0.020951511
