0_Parade_marchingband_1_517
39
204 171 46 51 0.7680805
452 220 45 51 0.75633305
906 266 45 48 0.6270898
704 218 44 46 0.5980022
393 235 33 34 0.58654726
982 286 39 47 0.5404588
52 143 49 49 0.47808024
400 239 21 25 0.41696426
189 161 75 75 0.3344646
274 272 24 25 0.30984467
896 236 32 32 0.202295
335 253 26 26 0.15763837
676 196 94 87 0.122957714
340 260 16 19 0.09844691
465 225 24 38 0.09491404
371 461 15 20 0.08118613
278 279 14 18 0.060927007
896 241 20 25 0.059650835
910 229 31 46 0.059544094
836 294 22 25 0.04593505
356 447 43 52 0.04490286
358 331 19 26 0.044518813
169 411 15 16 0.041980397
424 186 86 85 0.03827566
591 280 13 12 0.03800505
774 295 21 22 0.037932456
781 308 20 20 0.03771854
818 311 15 13 0.03235573
902 4 33 30 0.031988233
666 283 33 32 0.030539805
924 268 22 35 0.030214153
371 270 19 22 0.027929682
344 330 29 31 0.02742182
868 293 26 27 0.02645022
854 306 14 13 0.02589118
880 4 44 31 0.024713947
55 143 31 34 0.022387333
952 291 31 35 0.022373222
543 252 24 24 0.021415006
