0_Parade_Parade_0_470
102
622 139 56 68 0.84042287
312 372 91 104 0.8194114
289 242 81 78 0.8170315
115 474 97 101 0.8147922
592 249 84 87 0.812063
520 176 94 103 0.8096987
460 141 64 69 0.791936
931 272 64 67 0.786925
418 204 65 84 0.7745993
468 330 80 99 0.74603486
326 166 59 66 0.69640875
891 170 77 73 0.6864296
831 233 65 62 0.6797504
139 174 93 99 0.63851553
708 240 56 74 0.6185274
222 165 85 90 0.61287487
-4 156 38 50 0.59679514
944 285 34 41 0.5930777
637 148 28 50 0.5639016
32 163 96 102 0.52060896
1 167 26 26 0.5178432
784 232 54 63 0.48331675
757 167 34 33 0.47150895
752 201 120 128 0.46280324
849 184 45 41 0.45005777
247 185 51 50 0.42620134
259 222 132 115 0.38262624
884 178 58 56 0.3749341
732 230 60 76 0.37079722
169 135 152 156 0.36107758
139 494 54 64 0.31225267
761 168 22 24 0.29259026
496 151 131 152 0.26420507
682 218 90 99 0.19787101
43 172 56 83 0.17776197
222 199 52 50 0.15336081
495 347 36 62 0.14791325
848 160 68 85 0.123469144
73 186 41 54 0.123415515
466 159 47 41 0.11176089
803 218 98 94 0.110269055
828 175 38 38 0.105167426
810 177 20 18 0.10430464
179 160 97 107 0.09739071
154 171 52 88 0.09346733
669 236 136 106 0.092540555
564 197 49 60 0.07995906
261 205 27 33 0.072935045
863 164 88 91 0.069874406
185 201 38 43 0.06763883
23 177 57 74 0.066292554
167 208 28 32 0.06462756
326 120 15 15 0.05858488
706 253 43 49 0.05707835
569 205 125 160 0.056811918
210 212 152 138 0.05543348
305 224 62 75 0.055402227
122 504 43 47 0.054698713
374 246 29 33 0.054314338
330 413 32 35 0.053313166
359 404 58 54 0.047660273
837 162 19 19 0.044024248
306 104 58 56 0.043823984
518 152 188 175 0.04368355
52 462 138 134 0.04355219
168 505 32 42 0.043269545
308 164 98 85 0.04323908
297 265 58 49 0.042873267
510 183 69 87 0.042339817
411 176 98 134 0.041895643
287 398 134 114 0.040105455
161 511 48 56 0.039933458
820 596 316 273 0.03983668
132 103 153 138 0.038679224
475 374 62 50 0.037678666
924 188 22 32 0.036784604
550 193 86 89 0.035476517
419 233 36 36 0.03454622
515 22 86 83 0.0322669
329 254 42 49 0.030426526
317 112 35 36 0.03002709
55 205 33 35 0.029489767
866 189 38 38 0.028509423
234 139 99 92 0.028363002
364 211 95 83 0.028070182
542 226 108 113 0.026929785
277 155 90 85 0.026842501
428 131 79 82 0.026403802
481 359 23 40 0.025466273
0 502 37 75 0.024772493
993 216 32 41 0.024433197
728 244 100 100 0.02420033
757 172 17 19 0.024044689
810 188 11 13 0.02298409
241 159 66 52 0.022924399
-9 515 50 91 0.022829995
265 365 113 104 0.022251327
112 479 58 76 0.021861218
453 212 59 57 0.021008082
296 83 79 71 0.020715658
255 194 57 55 0.020429475
271 201 24 27 0.020171465
