0_Parade_marchingband_1_552
31
735 383 15 17 0.49022266
732 378 25 29 0.4408196
30 353 28 27 0.41293436
967 386 15 16 0.40054157
176 374 23 23 0.39414725
346 375 16 16 0.34068385
537 378 10 12 0.32891494
849 392 14 15 0.32044333
398 383 16 15 0.28886548
182 382 9 10 0.27512527
581 383 16 17 0.23516615
404 381 17 20 0.2201514
586 378 13 14 0.17632328
412 377 15 17 0.17354283
579 379 22 25 0.16648106
181 383 15 17 0.138777
568 384 15 15 0.081580885
306 390 22 21 0.0815647
179 381 24 25 0.07269263
367 473 13 16 0.062948555
555 384 13 14 0.04626627
84 360 17 19 0.045018546
968 376 17 19 0.033025716
441 376 14 12 0.03003012
459 376 10 11 0.027446935
902 402 10 11 0.025592875
560 381 8 8 0.024937304
510 -55 240 238 0.023550494
386 385 17 16 0.023178639
925 379 14 13 0.021290282
81 365 19 19 0.020726524
