0_Parade_Parade_0_519
52
410 254 130 115 0.7813979
865 259 89 91 0.7737701
661 308 54 56 0.7470056
169 266 76 79 0.6744321
85 246 39 47 0.5999769
111 263 48 53 0.5286901
89 256 26 27 0.5152509
757 261 29 36 0.4391868
291 240 46 55 0.43474895
756 267 20 23 0.3739425
304 253 23 27 0.31468594
914 344 42 50 0.24137095
605 241 30 31 0.2078557
665 253 18 21 0.20616512
320 284 43 45 0.20084073
806 283 35 42 0.1992752
779 229 19 21 0.16042385
333 294 34 38 0.1408366
903 342 79 67 0.13545936
594 239 35 44 0.10764242
806 302 20 28 0.10430591
888 266 46 66 0.09702542
817 240 34 34 0.091623284
198 273 55 65 0.08479859
678 261 38 37 0.07841384
872 283 44 49 0.0741331
981 241 28 38 0.06434042
96 238 80 87 0.06017894
849 220 173 171 0.059093013
205 286 32 38 0.056196604
814 261 30 40 0.0534079
285 334 29 27 0.048029937
426 254 84 86 0.04332115
784 224 15 19 0.042156808
920 192 23 25 0.03987511
109 250 39 38 0.038830873
416 277 63 67 0.03817209
457 248 120 122 0.03808296
185 270 50 57 0.035179693
288 330 37 43 0.03505863
882 303 86 93 0.03441848
602 260 132 126 0.03280507
435 283 67 73 0.032135163
704 269 22 22 0.029388726
643 281 90 89 0.028790265
596 271 36 41 0.027786264
978 275 27 39 0.025984455
945 323 43 61 0.025874076
794 226 148 139 0.02290801
72 261 99 91 0.022694705
223 391 25 27 0.022552453
769 258 18 19 0.020492075
