0_Parade_marchingband_1_695
70
848 200 37 40 0.7608768
572 97 61 65 0.71972096
310 173 59 58 0.59457296
504 332 30 30 0.57079566
826 179 84 80 0.5653757
139 253 26 29 0.5213513
921 318 35 37 0.457604
750 268 26 28 0.44783238
802 335 29 36 0.41524127
182 214 35 38 0.41187358
759 267 30 31 0.40244034
84 270 20 21 0.30455503
513 240 16 19 0.3011909
268 175 17 18 0.25633034
307 174 34 37 0.2233267
515 248 19 20 0.21341018
137 244 36 34 0.18928535
390 346 27 29 0.18826891
283 176 7 8 0.15834065
777 267 29 31 0.13813408
512 337 17 22 0.13111234
264 180 18 20 0.1295623
726 320 25 29 0.11958262
288 211 25 29 0.11815367
967 256 31 34 0.11712904
26 297 7 6 0.11222714
513 170 15 14 0.09701199
973 221 29 35 0.09367146
205 155 18 19 0.09219786
676 313 26 28 0.08841173
849 169 16 18 0.086221986
840 167 21 21 0.083229594
26 283 13 14 0.08252152
422 173 13 18 0.08193155
400 350 16 19 0.07769949
145 253 16 20 0.06760838
156 214 31 29 0.0634989
675 303 23 22 0.06305383
290 172 12 12 0.06141243
485 186 10 11 0.058780417
312 143 20 20 0.056706563
430 174 7 7 0.052993122
518 223 12 13 0.052527282
308 139 30 30 0.051081166
468 175 16 17 0.050863363
397 216 29 31 0.050423153
47 273 15 13 0.04768025
106 243 19 17 0.04164541
134 259 15 16 0.041060463
904 302 71 69 0.040649235
547 139 31 28 0.03626845
774 163 12 10 0.035484746
195 170 18 17 0.035426077
552 149 14 15 0.035066463
520 263 17 19 0.0336916
953 208 43 44 0.028803153
741 254 41 37 0.027550498
116 246 15 12 0.025769416
176 182 30 27 0.025077533
480 271 118 105 0.024741357
34 291 17 18 0.024115145
261 216 24 33 0.024086254
758 280 9 9 0.023581907
291 178 40 38 0.023395423
990 114 17 21 0.022421403
316 337 22 25 0.022339813
5 327 14 17 0.021556549
421 183 11 12 0.0210506
532 187 11 11 0.020913478
795 265 26 33 0.020468287
