0_Parade_Parade_0_137
48
311 339 33 35 0.44924408
505 342 29 33 0.40173775
457 328 27 30 0.34714985
218 349 32 34 0.34373823
754 452 16 16 0.2542458
699 354 19 20 0.24082483
717 450 15 16 0.21971072
383 343 25 24 0.19723183
962 485 23 26 0.19635896
658 452 20 29 0.16284257
99 278 28 34 0.13653444
967 481 18 21 0.13108186
211 358 31 31 0.11908885
601 354 21 21 0.11229949
705 362 14 15 0.09373302
469 324 19 23 0.083927065
332 345 28 28 0.08140798
111 277 90 85 0.07762324
587 341 19 18 0.07300282
518 320 18 20 0.07286719
558 332 38 38 0.07231075
167 359 27 27 0.056111857
195 277 18 23 0.04948334
237 462 15 16 0.048112568
993 348 15 22 0.041646097
745 427 18 19 0.035576914
591 397 20 23 0.035145883
764 453 20 24 0.035073426
604 378 22 17 0.033237386
432 299 67 73 0.031902824
995 335 21 22 0.031469762
1000 484 21 23 0.031188898
752 351 16 17 0.031054027
240 464 15 18 0.03013318
477 338 20 19 0.029939055
57 263 121 110 0.029109038
481 322 18 15 0.028800223
742 489 62 56 0.028158296
992 511 13 13 0.027315946
999 317 12 12 0.026436258
884 407 21 22 0.026357487
893 353 17 18 0.02592916
637 455 25 24 0.023866355
282 316 77 84 0.023312425
950 460 25 26 0.022873437
998 510 14 16 0.022792432
309 329 57 58 0.02246685
260 290 117 118 0.020411195
