0_Parade_Parade_0_429
31
603 246 101 113 0.81279355
393 225 113 146 0.80323046
142 278 119 111 0.6395607
73 236 25 27 0.23864786
107 -8 37 33 0.19901451
159 -8 33 29 0.13483495
7 54 27 28 0.10553337
223 0 17 14 0.08932103
605 270 65 75 0.08442473
21 177 20 21 0.075524114
-15 264 117 116 0.04761951
97 -1 34 23 0.043159287
411 110 219 175 0.041057874
69 58 16 20 0.03894288
12 115 19 21 0.03852357
3 -2 33 28 0.034212973
21 295 31 33 0.032024976
20 238 19 24 0.030210618
341 56 138 122 0.030030038
173 114 21 20 0.029884007
54 48 53 50 0.029556481
22 0 30 23 0.028102897
635 292 41 51 0.026607942
675 380 241 241 0.02611924
234 176 19 24 0.024669982
-24 26 95 95 0.024620745
230 186 25 24 0.02304473
62 -2 29 23 0.021667782
224 179 26 27 0.020986635
862 443 15 18 0.020809507
628 282 64 69 0.020784736
