0_Parade_Parade_0_29
52
792 162 56 54 0.7444692
536 175 66 60 0.703936
976 186 44 45 0.66429377
739 241 29 26 0.5192675
317 230 38 41 0.487035
854 230 38 34 0.45717385
233 240 26 25 0.4017265
697 244 22 21 0.392977
705 247 18 15 0.36557928
509 244 20 16 0.35612503
487 231 22 21 0.34178212
329 243 10 14 0.32352328
419 251 20 18 0.31436542
198 247 13 14 0.30670658
593 242 20 18 0.2768102
309 239 22 25 0.27482545
242 241 14 17 0.22435062
861 235 25 24 0.22346725
870 235 25 26 0.20280974
162 255 8 7 0.16824064
420 260 26 24 0.1558379
605 239 20 21 0.14843504
369 246 17 17 0.14032829
623 227 31 30 0.12972562
481 238 22 19 0.116544835
448 245 24 20 0.108493395
290 249 14 13 0.096305266
108 247 12 12 0.092129715
81 222 17 15 0.08362278
465 243 10 14 0.0728253
551 169 43 50 0.07020926
845 411 228 194 0.05931265
92 224 13 14 0.052289464
642 242 9 10 0.0491384
174 248 13 15 0.044337697
988 237 44 50 0.03814806
123 253 5 6 0.03777188
91 358 196 175 0.03398745
725 217 33 29 0.033854216
200 234 8 10 0.030796884
878 447 129 122 0.030654058
37 232 12 11 0.028811092
226 222 32 34 0.028565684
162 233 15 14 0.028280811
399 248 15 20 0.027459355
410 233 15 13 0.027220348
149 393 121 107 0.026622007
530 147 90 67 0.024910329
720 157 116 91 0.023011275
233 229 34 28 0.022797564
379 237 11 10 0.02095167
778 170 46 42 0.020052148
