0_Parade_marchingband_1_606
44
40 156 38 44 0.72012454
253 140 36 34 0.7150469
705 181 25 27 0.7078087
611 192 27 28 0.69010305
483 135 36 39 0.6413406
846 159 21 20 0.58089405
120 209 31 33 0.57798445
776 155 42 48 0.53518736
833 154 29 34 0.41719067
437 184 17 17 0.38126495
3 207 32 35 0.37148386
173 207 25 24 0.36909258
183 242 28 26 0.3655449
462 114 82 80 0.28040934
935 248 22 21 0.25030822
181 212 15 15 0.24563247
945 248 18 19 0.22822867
761 115 96 115 0.17914844
767 142 68 60 0.11587059
908 328 22 22 0.10822183
50 163 21 22 0.1058349
432 192 25 25 0.0756168
736 194 25 24 0.07509141
163 212 25 21 0.074835315
852 165 8 8 0.07162176
489 138 24 23 0.07140235
849 110 23 23 0.06000536
798 157 21 29 0.05971278
830 314 38 38 0.0582018
456 161 30 33 0.05063998
555 178 29 30 0.04853713
508 318 53 58 0.03852145
148 216 21 25 0.03483381
731 361 10 10 0.030588722
183 223 21 22 0.030579058
607 175 21 20 0.030428886
68 276 65 67 0.030342447
746 200 12 13 0.029250806
385 170 21 18 0.028653307
620 200 12 15 0.026376424
842 115 24 25 0.02613553
449 153 24 30 0.025150083
602 318 25 25 0.024537716
559 193 27 26 0.022668576
