0_Parade_marchingband_1_104
53
319 259 29 30 0.59212756
448 264 32 29 0.5440391
313 250 41 47 0.34314564
230 243 21 19 0.28589174
736 232 17 15 0.25603053
1003 223 16 15 0.21649697
994 223 15 14 0.16730352
741 228 19 18 0.15943396
242 242 12 13 0.14766388
836 230 12 10 0.13026397
125 253 13 13 0.12792015
600 228 15 12 0.116249725
492 225 16 13 0.086690165
827 228 9 9 0.084609106
448 226 22 19 0.082548454
890 234 10 8 0.07952725
411 243 13 15 0.07948969
403 245 16 16 0.07712775
899 230 10 11 0.07194429
741 238 12 11 0.06452259
5 269 12 11 0.062046945
42 254 14 12 0.06130548
611 225 12 12 0.06048785
347 225 13 11 0.05978278
278 237 9 8 0.057899516
274 241 8 9 0.05326487
481 225 15 14 0.052094012
848 232 9 7 0.0520566
445 242 15 21 0.051737715
24 246 11 10 0.04401108
29 253 11 11 0.043495744
317 266 16 18 0.042690143
275 233 11 11 0.039506353
176 245 8 8 0.03663193
408 275 15 15 0.036290724
542 246 11 11 0.036259383
639 225 8 6 0.03553218
291 239 14 14 0.03547519
84 277 10 9 0.03478886
530 231 11 9 0.03406474
83 251 11 9 0.03365063
588 253 12 12 0.03278094
311 113 11 12 0.0300219
197 247 7 7 0.028410055
748 196 27 21 0.02670521
547 230 10 10 0.024506958
337 237 18 23 0.02428052
107 252 11 13 0.02360774
518 122 9 10 0.022718536
967 233 6 6 0.022061706
565 232 6 6 0.022053331
388 228 14 12 0.021839153
901 241 6 6 0.021452846
