22_Picnic_Picnic_22_310
46
650 232 34 40 0.7448487
762 193 25 27 0.65775275
594 182 28 32 0.647557
848 215 32 38 0.59887606
444 207 34 38 0.55662477
273 211 48 54 0.46657395
960 226 37 41 0.46177784
512 283 19 20 0.41999587
684 192 27 33 0.31149533
677 193 20 21 0.3105019
257 221 49 48 0.25338203
912 223 21 24 0.19123518
667 193 18 18 0.17488393
36 275 22 22 0.15302975
30 276 11 14 0.1264734
100 281 14 13 0.111022405
966 224 53 54 0.10205431
162 277 9 11 0.09244315
851 180 12 15 0.072014935
916 197 18 18 0.06824997
179 279 18 19 0.067108855
249 202 77 78 0.06055581
156 280 9 9 0.05402624
243 175 115 107 0.048055667
279 561 156 157 0.04788904
546 230 15 17 0.04627592
538 231 18 18 0.046051964
92 279 17 15 0.041704867
498 237 13 13 0.041503873
850 174 14 13 0.038503036
92 305 12 12 0.037832756
510 604 34 36 0.036460843
976 199 18 20 0.035623323
222 252 27 26 0.032031775
863 226 16 20 0.031162793
162 259 13 14 0.030549958
749 175 50 56 0.030186657
115 281 7 8 0.029940205
743 195 25 26 0.026545988
224 379 19 24 0.02430557
225 274 19 19 0.02421628
844 184 26 35 0.023608118
324 330 248 231 0.022875339
200 154 171 148 0.022797432
741 233 15 18 0.021876471
125 263 15 14 0.02048324
