22_Picnic_Picnic_22_564
22
394 229 151 182 0.8377624
647 333 139 199 0.6292064
332 468 104 152 0.46595767
684 384 102 124 0.16852097
402 268 68 106 0.11366288
652 383 81 124 0.1054162
650 391 48 81 0.08348909
47 -1 149 165 0.082143955
240 715 162 196 0.05175634
289 347 97 130 0.041673206
691 317 170 262 0.040117208
12 -55 214 243 0.032713447
370 251 90 139 0.03213013
601 228 275 334 0.029325908
431 292 102 124 0.028144253
400 107 235 321 0.026752243
722 396 275 264 0.026295567
617 376 71 111 0.025324672
763 413 143 179 0.024687566
247 745 107 139 0.021919372
314 222 159 195 0.021909274
491 49 133 176 0.021025134
