22_Picnic_Picnic_22_36
46
639 230 28 34 0.72921115
461 443 32 32 0.691523
282 506 29 31 0.62309754
761 432 73 73 0.5744799
622 653 47 47 0.51465213
450 311 16 17 0.3615478
152 492 52 56 0.360051
144 505 44 48 0.30036712
176 491 35 30 0.27148044
378 280 12 12 0.26814225
44 362 15 16 0.2665872
109 505 55 54 0.2610603
693 581 26 26 0.23560795
607 560 30 29 0.17777494
549 281 16 18 0.13470788
697 583 16 20 0.12659726
123 516 32 33 0.12079244
554 287 14 15 0.10373409
72 293 17 18 0.103298284
557 332 11 11 0.09635495
801 275 13 13 0.09137763
607 543 47 51 0.09064351
663 652 35 39 0.09019468
625 572 22 23 0.0886895
590 654 37 43 0.086629614
420 356 14 15 0.07811154
648 656 35 39 0.07244017
587 550 44 38 0.068820424
469 350 21 23 0.0632242
528 570 28 27 0.06184996
467 453 29 29 0.06174883
414 352 11 13 0.047405366
562 335 8 8 0.044613883
715 279 13 13 0.04239351
466 345 13 13 0.04110367
805 280 8 9 0.036018074
694 646 31 33 0.035932064
890 663 54 66 0.03267817
451 434 45 53 0.03267646
44 382 21 21 0.02947239
549 222 21 18 0.028816806
890 692 69 65 0.021422623
563 650 27 36 0.020894188
182 473 35 36 0.020494627
716 594 50 61 0.020489201
777 272 12 11 0.020310758
