22_Picnic_Picnic_22_313
20
697 278 25 27 0.73870987
616 187 28 32 0.67044187
299 310 28 33 0.6535805
155 302 35 40 0.64674264
508 236 25 29 0.57590425
766 356 44 47 0.4083938
223 305 23 25 0.31025773
649 346 21 24 0.30152166
227 309 14 17 0.16624126
817 272 20 21 0.120817885
626 199 8 11 0.08927414
196 292 30 28 0.078791566
762 345 40 42 0.05866779
489 187 11 14 0.0579714
825 274 16 17 0.048251588
737 233 26 30 0.040609486
74 208 12 14 0.03868784
658 260 39 37 0.026109807
328 619 44 42 0.025536204
334 727 117 104 0.024140615
