22_Picnic_Picnic_22_140
41
566 367 24 27 0.680005
420 348 21 23 0.6761015
310 346 27 27 0.64482814
792 379 20 26 0.5113344
874 379 28 23 0.33331862
920 377 24 23 0.2998787
874 379 37 40 0.2017054
911 423 34 36 0.17312533
799 376 15 15 0.1290524
796 372 24 27 0.1286658
27 421 29 32 0.1259943
451 423 25 26 0.10621183
81 330 22 22 0.09427982
826 456 25 24 0.087499574
49 331 16 17 0.080806255
903 377 22 25 0.072391056
639 358 20 18 0.072043404
637 372 13 16 0.072015
70 417 28 32 0.06308828
796 386 21 25 0.060291223
903 375 58 51 0.0548935
739 448 14 15 0.043842327
965 432 21 26 0.04013301
827 466 23 23 0.039104808
331 470 21 19 0.038319644
606 446 24 23 0.03513416
656 368 12 14 0.034987114
636 374 6 6 0.033955216
859 371 27 29 0.032825015
324 354 13 18 0.029628217
441 448 20 17 0.02954123
448 436 15 20 0.029386256
658 371 7 9 0.028669281
55 333 16 12 0.028310547
87 548 24 25 0.024464866
568 373 17 16 0.023987018
891 422 30 28 0.023779286
87 327 14 13 0.02184305
4 395 25 27 0.020984167
58 340 13 14 0.020859843
378 446 17 19 0.020598201
