22_Picnic_Picnic_22_933
19
698 27 190 181 0.71783525
224 52 182 152 0.62174094
646 191 45 38 0.5468587
4 485 15 17 0.35117847
504 560 24 24 0.06592388
484 558 38 30 0.049193777
43 584 23 24 0.04382053
581 236 98 74 0.042624023
173 509 23 21 0.041826766
681 -15 264 191 0.03430025
496 565 15 14 0.03211337
287 57 133 113 0.028404675
11 548 28 33 0.02792106
333 589 51 47 0.027045755
179 556 21 20 0.024291214
3 468 19 26 0.023975529
856 58 95 95 0.023428187
629 181 78 68 0.020814963
607 582 22 21 0.020120438
