22_Picnic_Picnic_22_308
34
952 192 58 85 0.615629
379 335 29 30 0.53225666
375 327 44 41 0.5053572
519 299 29 30 0.48104793
564 279 18 20 0.42014456
590 243 20 23 0.3102833
244 253 13 13 0.19792736
598 236 20 20 0.15060255
544 283 28 30 0.14031164
687 243 15 15 0.13604318
701 246 13 16 0.13170855
770 255 13 14 0.113265015
818 262 13 13 0.0921121
487 335 22 25 0.085746296
589 225 23 21 0.08193241
741 260 13 11 0.080435395
823 262 9 10 0.07671811
757 258 10 11 0.071829215
454 379 33 28 0.07099098
2 250 11 15 0.05678381
354 372 29 30 0.056184623
961 216 67 76 0.052003782
476 348 15 17 0.049452115
348 365 29 28 0.043680463
522 279 22 36 0.03543028
395 336 15 25 0.03112255
629 232 19 15 0.028493432
749 270 8 11 0.026444005
942 173 62 82 0.026367407
227 200 10 11 0.025677165
456 357 13 14 0.02501501
6 254 9 8 0.022391988
699 238 9 10 0.021598816
359 372 16 17 0.020612001
