22_Picnic_Picnic_22_594
21
492 277 59 57 0.7925082
783 317 59 65 0.5037291
482 258 76 91 0.3763926
661 -2 32 26 0.13621196
988 284 34 58 0.076632366
513 249 27 28 0.06162865
54 380 13 12 0.061396264
125 377 15 14 0.04115971
685 281 80 65 0.041155834
118 376 14 12 0.03977797
500 248 42 45 0.038744204
863 277 64 66 0.03864989
820 272 80 77 0.036748353
441 290 42 51 0.036588363
345 2 20 17 0.034384947
742 309 34 33 0.030769108
389 282 56 58 0.030163161
766 286 122 103 0.029949803
172 537 114 95 0.028309043
237 512 117 120 0.020757675
138 328 180 143 0.020445403
