22_Picnic_Picnic_22_541
27
92 619 43 77 0.49113515
904 852 10 19 0.1494151
90 644 23 45 0.06872375
968 121 10 20 0.068283185
305 205 15 27 0.0665663
658 1149 23 33 0.06144332
726 1 23 34 0.061196283
719 14 17 20 0.055604402
294 1128 16 27 0.05215205
312 215 10 16 0.04201392
739 34 13 20 0.041548707
913 854 9 19 0.040100418
365 1114 11 21 0.034414586
897 827 17 32 0.03396505
104 639 20 37 0.033068668
965 123 10 17 0.032894697
353 1106 16 24 0.0322468
225 306 48 73 0.028889367
571 40 10 18 0.026789153
147 130 163 238 0.02622626
79 348 14 24 0.025874816
738 68 15 23 0.025848249
887 153 13 21 0.023959555
-38 101 135 202 0.023167344
674 121 11 21 0.021333834
299 1117 10 19 0.020862566
40 870 52 91 0.020442441
