22_Picnic_Picnic_22_928
22
608 282 59 58 0.73800147
626 363 55 47 0.3558917
164 655 50 37 0.14745736
540 184 15 14 0.11727377
598 277 92 82 0.11684745
439 173 11 11 0.10697306
535 183 14 12 0.098478764
35 265 23 24 0.070342585
582 333 135 109 0.06309804
440 178 8 7 0.061319444
539 189 8 9 0.053237133
177 658 30 30 0.046169188
645 645 68 62 0.038480196
92 198 13 15 0.037950184
350 187 12 12 0.033642523
620 296 36 42 0.030423278
84 205 13 13 0.028799621
623 343 78 75 0.024444673
883 502 121 107 0.02363908
401 184 8 9 0.021579646
498 395 34 37 0.021152414
489 398 58 48 0.020503882
