20_Family_Group_Family_Group_20_540
18
401 243 20 21 0.9957017302513123
261 243 19 21 0.9934023022651672
752 541 24 28 0.9909942746162415
704 213 22 24 0.9805458784103394
581 233 21 25 0.9729214906692505
894 222 27 29 0.9712315201759338
43 273 42 46 0.9524264931678772
278 529 37 40 0.9279415011405945
825 233 17 22 0.8963746428489685
485 235 17 19 0.8830693960189819
150 555 26 28 0.8757274150848389
28 228 24 31 0.8687980771064758
129 221 24 40 0.8586788773536682
159 240 19 27 0.8374363780021667
780 232 14 19 0.8182185888290405
519 230 16 20 0.814423680305481
200 263 22 22 0.6911767721176147
979 228 24 28 0.6299591660499573
