20_Family_Group_Family_Group_20_427
20
239 181 46 47 0.78591245
818 90 61 65 0.7774605
460 353 46 43 0.7410547
359 163 52 55 0.728208
86 155 66 69 0.6987321
731 266 45 46 0.6143762
100 168 36 43 0.53097475
571 213 54 56 0.52879494
727 379 45 40 0.4703074
735 384 30 28 0.3442677
552 202 95 77 0.3120681
373 172 25 37 0.24622515
448 342 75 64 0.16937552
779 83 136 105 0.09808453
712 261 87 70 0.0973892
226 344 28 28 0.09124354
272 338 30 34 0.06590696
993 242 34 65 0.04374679
852 228 143 117 0.023132805
207 147 112 91 0.022901926
