20_Family_Group_Family_Group_20_799
43
902 470 82 139 0.6506476
542 169 97 154 0.61910856
647 462 39 82 0.4375264
117 632 71 93 0.40791717
521 193 32 73 0.30158553
535 525 85 125 0.27764946
542 198 45 83 0.23666829
914 507 59 88 0.18879752
394 359 36 67 0.17939909
399 358 13 29 0.16984837
405 356 18 33 0.16699962
657 480 21 46 0.15480743
449 345 13 30 0.15304844
865 409 181 292 0.14917304
293 354 12 26 0.14066982
841 382 19 35 0.10462386
882 456 121 193 0.10154407
349 351 13 25 0.058930986
550 193 61 119 0.058442432
959 490 41 82 0.057312895
539 107 137 259 0.05577821
119 344 18 31 0.05420238
438 381 11 26 0.05114673
120 347 10 22 0.04848631
293 380 8 19 0.04592403
530 171 65 133 0.04058141
123 589 71 115 0.03630781
965 526 52 83 0.031954188
823 1218 237 442 0.031155674
847 393 11 20 0.030142425
377 86 174 297 0.029648043
379 363 10 20 0.028607408
451 609 28 55 0.027555285
50 330 12 25 0.02579556
928 491 56 90 0.025599673
246 334 7 16 0.025294533
403 534 97 221 0.02419578
952 507 86 157 0.0235959
513 474 126 229 0.023148585
59 334 9 19 0.022578485
178 349 9 20 0.022090403
193 345 8 16 0.020670114
989 502 31 50 0.02025708
