20_Family_Group_Family_Group_20_579
33
562 221 67 73 0.8237555
455 187 68 78 0.82037055
482 414 69 91 0.81920767
864 195 66 82 0.8098185
644 135 69 90 0.79426575
771 129 82 89 0.7928482
229 448 80 99 0.72205836
147 178 65 74 0.69723266
323 180 79 87 0.5644454
721 400 76 90 0.52697134
435 168 106 117 0.46256307
168 190 32 49 0.25645077
303 154 132 141 0.22484386
488 431 45 58 0.16217886
780 135 46 75 0.122235246
872 212 44 54 0.11446671
722 403 50 61 0.08215264
587 226 36 61 0.06831163
789 165 28 32 0.056172453
240 480 59 58 0.055639353
656 136 37 77 0.04497028
445 419 145 125 0.043930568
845 201 107 94 0.039221495
509 428 46 61 0.03767847
748 405 42 56 0.03739291
734 392 47 62 0.033612315
699 412 115 111 0.030628685
564 227 38 57 0.027252324
499 455 22 28 0.025492048
242 468 24 41 0.023924887
149 197 27 32 0.022058766
221 414 93 93 0.021158146
587 406 57 53 0.020954652
