20_Family_Group_Family_Group_20_739
20
525 205 128 188 0.6911968
360 246 162 180 0.44081086
588 474 128 114 0.23110434
525 237 106 103 0.21170309
-3 204 17 23 0.104059406
561 246 93 102 0.068740934
537 262 53 72 0.057046782
952 -16 80 70 0.05343048
467 251 112 94 0.04857664
346 253 135 119 0.03640879
553 214 147 148 0.035106458
554 439 190 135 0.02995378
906 -9 73 56 0.028252218
429 281 99 108 0.027948251
538 178 218 219 0.026776873
899 328 13 10 0.026109274
544 293 92 82 0.025594754
616 493 75 78 0.025222605
891 322 29 23 0.021521527
178 390 67 58 0.020103449
