20_Family_Group_Family_Group_20_544
28
143 106 71 81 0.81778646
379 118 76 91 0.81136745
705 57 69 86 0.8000158
558 88 72 84 0.77849376
851 104 68 91 0.77369124
643 322 53 68 0.7734563
261 44 68 92 0.7474245
681 246 90 95 0.6059106
498 387 38 51 0.44276425
154 130 47 47 0.23989783
701 264 53 63 0.16422337
541 55 99 126 0.15128872
852 130 46 51 0.08557407
713 69 34 64 0.08273647
392 162 46 46 0.08143247
270 70 41 51 0.06894214
539 103 111 104 0.066572376
627 326 83 83 0.061593466
688 69 101 109 0.038780227
673 66 67 70 0.03755148
563 763 95 107 0.03317545
654 330 31 38 0.031211179
139 117 46 59 0.030480415
249 56 97 108 0.027823467
821 122 65 70 0.026781764
503 795 34 47 0.023619829
874 337 134 130 0.021643072
263 36 48 75 0.021556554
