20_Family_Group_Family_Group_20_1026
20
676 234 68 111 0.8041963
192 441 70 93 0.76839703
368 286 62 92 0.7538945
475 469 66 108 0.73623675
591 243 46 76 0.7247473
230 239 57 78 0.5534826
222 210 76 118 0.43464786
456 442 100 157 0.25566766
669 210 96 162 0.17945565
477 398 48 84 0.1077643
484 411 30 45 0.09785521
308 122 22 39 0.074806765
376 602 107 130 0.06222421
138 410 112 163 0.04694876
706 189 100 190 0.042933095
608 256 38 54 0.03342041
603 254 19 37 0.02665101
385 335 235 319 0.025426533
702 235 77 98 0.022532392
167 884 289 369 0.020736111
