20_Family_Group_Family_Group_20_843
35
149 328 168 254 0.83121365
753 644 187 285 0.82165974
368 746 183 255 0.8037438
506 164 182 261 0.6793277
587 1062 147 209 0.5432012
503 213 116 200 0.30558923
144 267 242 356 0.14588705
542 998 218 356 0.14463729
752 704 95 183 0.13822153
351 686 262 418 0.11460794
221 364 110 200 0.08657805
480 650 149 296 0.07700702
589 204 110 223 0.07286246
648 1087 97 170 0.06654409
99 318 44 94 0.06411709
125 359 106 216 0.052381344
427 155 190 318 0.038213354
576 99 214 426 0.03735889
572 1220 150 260 0.036315612
325 729 180 332 0.033765726
719 518 335 459 0.03329909
802 145 243 395 0.030379537
508 245 73 141 0.03012601
313 639 124 214 0.028817363
546 1028 140 244 0.026639175
873 650 132 290 0.025971383
470 793 88 161 0.025618093
399 549 207 344 0.024068916
830 227 153 275 0.023966737
296 582 193 324 0.02231361
272 295 174 295 0.021846931
857 460 102 174 0.021218382
302 813 101 167 0.021115338
86 354 99 175 0.020673553
306 120 137 245 0.020070752
