20_Family_Group_Family_Group_20_294
62
562 275 30 38 0.7645835
134 391 40 43 0.75437826
487 208 34 34 0.74732953
462 303 35 38 0.72805566
234 335 34 36 0.7269373
704 196 29 32 0.7237694
549 358 32 36 0.7236924
652 361 29 38 0.7098658
793 190 31 38 0.70783913
388 316 28 31 0.7009624
393 180 39 40 0.6833113
213 236 38 41 0.68070996
535 175 35 39 0.68058026
172 183 35 36 0.68039495
279 221 37 40 0.67939216
583 232 24 30 0.6776644
777 267 40 46 0.66703606
568 284 18 21 0.6561288
676 264 33 32 0.6560133
734 243 45 49 0.6446917
654 219 35 35 0.63732445
125 266 23 25 0.6000842
839 257 34 39 0.5982813
350 229 50 49 0.5488438
241 342 22 23 0.5352542
744 251 29 31 0.4896114
203 228 58 57 0.47961837
371 231 36 37 0.448461
587 239 16 18 0.386005
266 202 67 76 0.32061934
473 311 16 20 0.29932553
163 170 58 61 0.23477207
847 258 22 29 0.1761786
105 188 31 29 0.16970655
191 272 17 19 0.115058854
974 229 14 16 0.10881851
784 278 19 25 0.09742006
389 233 17 16 0.08913278
711 205 9 15 0.08582054
662 226 17 21 0.08387326
916 232 13 13 0.079515
179 267 24 24 0.05726283
989 226 11 11 0.056700274
123 251 25 30 0.052442476
915 225 16 17 0.051595066
117 200 14 15 0.048094913
968 237 8 7 0.048050784
968 241 9 13 0.04540876
558 372 9 12 0.036207236
675 201 15 25 0.033732
375 302 48 45 0.030792821
399 233 13 16 0.030137012
530 160 48 59 0.029161137
468 188 24 22 0.027523313
554 221 27 34 0.026993686
171 169 39 39 0.023740515
637 398 98 92 0.022238603
287 193 63 70 0.022139398
452 296 35 49 0.02142896
777 183 46 52 0.020831356
378 212 36 34 0.02059999
243 341 37 35 0.020479925
