20_Family_Group_Family_Group_20_100
29
864 31 116 143 0.8410701
303 163 73 77 0.83657897
679 197 95 93 0.8275439
154 150 85 87 0.8274024
490 172 93 98 0.810923
171 172 55 55 0.22346422
504 185 65 62 0.21756779
704 235 47 42 0.14128084
316 190 46 37 0.13658221
887 93 50 54 0.12268756
716 215 32 50 0.09092479
328 177 40 53 0.063786656
234 452 57 45 0.06089235
631 480 30 36 0.060079366
693 212 36 55 0.053806145
317 190 22 27 0.046771802
473 197 127 99 0.039926462
472 179 70 74 0.036853313
211 422 101 72 0.036761504
121 387 86 126 0.034915168
896 39 162 141 0.03486125
860 58 65 82 0.03379547
451 127 143 105 0.033760976
651 206 73 65 0.0334385
800 -44 246 244 0.033009585
404 372 126 101 0.021844653
183 416 92 87 0.021323323
449 185 180 142 0.021194112
903 73 63 72 0.02077209
