20_Family_Group_Family_Group_20_1015
25
644 332 96 97 0.819482
509 349 108 107 0.7992565
366 288 96 94 0.77965534
334 267 159 134 0.1847381
248 330 48 40 0.17426334
512 354 65 68 0.08293993
213 296 58 45 0.080606766
220 305 38 31 0.060414176
233 310 83 63 0.0597575
116 335 32 27 0.054015394
127 345 14 14 0.051120978
647 341 83 53 0.046908446
224 369 19 14 0.04499261
651 352 46 48 0.03902233
105 328 62 51 0.038071956
197 286 94 58 0.03304752
532 399 30 33 0.032167245
28 325 24 24 0.026443882
489 311 163 153 0.025319064
201 213 200 141 0.025175909
363 302 68 64 0.024464007
899 188 121 85 0.022333592
255 472 19 13 0.020752491
548 35 236 166 0.02037967
525 379 43 56 0.020373087
