20_Family_Group_Family_Group_20_72
23
476 168 57 61 0.7766197
425 265 44 49 0.7642629
577 274 48 51 0.72246814
728 153 53 54 0.66517264
320 197 52 53 0.66380197
203 228 60 59 0.6395569
408 248 82 82 0.4926021
708 218 41 45 0.45336553
454 160 98 86 0.13142405
211 249 45 41 0.11884518
310 183 81 80 0.09792481
279 209 38 43 0.093200736
571 264 70 76 0.05628861
691 203 71 67 0.054774553
376 238 144 118 0.0518538
695 128 120 108 0.05047605
998 268 23 34 0.042834785
521 236 47 42 0.036966085
355 281 117 95 0.02867642
534 263 42 49 0.025420422
828 104 9 12 0.023530722
212 226 39 48 0.0224932
185 469 99 98 0.0208784
