20_Family_Group_Family_Group_20_62
58
557 310 41 43 0.8122638
622 378 49 50 0.78559554
99 102 54 54 0.7801817
440 244 45 45 0.7570628
757 189 41 37 0.7537477
834 152 41 42 0.7410793
359 206 34 38 0.7401365
862 205 42 44 0.7390745
191 167 43 46 0.717492
715 142 42 43 0.7138647
339 136 26 29 0.698772
413 141 35 37 0.6874789
643 306 38 39 0.6734193
307 180 30 33 0.66138387
534 170 43 40 0.65803266
325 130 51 50 0.6569653
445 166 47 45 0.6240212
722 240 25 23 0.61925244
630 176 30 32 0.6186707
547 180 13 20 0.6069139
235 213 56 55 0.58527523
235 126 43 44 0.5666601
512 134 38 38 0.5414523
453 175 24 30 0.5341989
640 186 9 14 0.45325565
653 315 16 21 0.42260373
345 141 12 19 0.415692
626 136 23 28 0.40838596
248 224 24 35 0.35098067
567 322 16 19 0.33088633
636 394 19 21 0.28527936
370 214 19 22 0.24326612
717 307 37 38 0.23393913
849 202 73 62 0.22984558
612 156 49 51 0.21731353
716 230 40 42 0.17966358
517 148 46 44 0.15823683
589 176 25 23 0.08775488
628 134 15 18 0.08603036
636 8 14 14 0.07009561
518 142 20 22 0.06270396
168 162 82 67 0.048189387
772 197 14 18 0.047564633
629 128 21 22 0.046792716
521 178 38 41 0.040191665
248 129 18 31 0.0389308
113 108 31 42 0.037224878
730 161 25 25 0.03620649
538 580 227 167 0.035863817
731 315 19 20 0.035275064
624 129 37 41 0.034780025
570 322 12 12 0.033962984
709 298 26 24 0.03375237
406 611 124 106 0.030907052
636 185 18 20 0.030870477
250 139 14 16 0.024972973
-56 62 172 157 0.021414638
902 350 121 90 0.020171154
