20_Family_Group_Family_Group_20_109
24
175 36 64 72 0.80878717
287 167 66 64 0.7607
394 94 76 76 0.7551942
442 162 52 52 0.5271017
452 172 36 36 0.38953927
196 52 25 37 0.37897128
440 238 33 31 0.23846073
456 188 39 37 0.19335753
378 69 105 125 0.15076613
381 223 24 25 0.12802832
364 212 49 48 0.09613333
958 491 36 42 0.08329031
485 217 28 32 0.08174778
386 114 61 48 0.04629566
188 50 23 40 0.040870275
290 181 38 39 0.03489667
204 45 33 50 0.034105342
960 468 25 29 0.02832131
238 163 93 75 0.02642785
705 599 111 82 0.026258908
666 554 182 147 0.02414832
231 484 140 118 0.020872196
812 476 183 157 0.020842807
188 419 147 123 0.020687046
