20_Family_Group_Family_Group_20_387
19
717 321 91 138 0.8206419
283 338 113 171 0.8203766
503 257 82 132 0.8028897
468 455 95 142 0.74327314
599 660 85 131 0.6292643
722 350 52 91 0.14820781
512 295 34 70 0.09425508
457 479 68 112 0.08025629
525 269 38 95 0.071197905
442 402 152 236 0.07052394
15 123 139 235 0.051779065
354 387 24 78 0.042573437
281 359 55 131 0.03750038
535 260 66 139 0.033960488
-16 70 232 345 0.029739484
601 585 162 275 0.029467924
722 887 109 162 0.02941754
498 202 110 176 0.023192696
692 312 134 205 0.022906315
