20_Family_Group_Family_Group_20_108
21
816 128 74 79 0.8404452
250 72 71 80 0.8354361
687 197 66 64 0.8056307
725 392 80 87 0.7812009
296 326 76 80 0.6699132
451 227 74 81 0.5944209
232 55 108 115 0.5730942
111 327 88 98 0.55453396
701 366 124 134 0.31374958
840 134 41 67 0.16268443
689 210 44 44 0.08600786
477 232 35 60 0.06644953
769 122 160 131 0.05635668
515 418 63 44 0.054178618
39 323 197 158 0.04690105
598 469 48 57 0.03340116
829 150 21 34 0.030868746
768 396 92 98 0.026207319
261 288 122 135 0.022857953
130 144 269 257 0.021917842
93 294 153 146 0.020912185
