20_Family_Group_Family_Group_20_411
33
525 91 66 75 0.826621
601 386 54 65 0.8200448
761 400 52 63 0.8137433
219 397 52 61 0.794762
317 403 67 71 0.7874724
359 69 59 71 0.78149223
478 389 59 70 0.75248903
671 79 69 81 0.6842862
238 414 16 28 0.58839184
621 410 9 19 0.49236074
778 415 19 35 0.3156122
330 415 42 50 0.28814155
500 416 19 19 0.21713121
434 760 16 19 0.118199274
511 108 95 81 0.07254368
330 427 31 30 0.05543346
343 424 14 26 0.051566392
496 399 26 46 0.05105531
697 87 35 54 0.050471853
789 722 45 59 0.047950353
831 392 109 104 0.03475288
345 72 94 92 0.033109248
414 430 27 42 0.03183108
801 740 21 24 0.03148079
498 767 11 13 0.030982915
658 416 28 31 0.03053468
620 791 19 19 0.027085913
604 578 54 56 0.022693055
587 518 53 59 0.021741776
826 450 54 54 0.021260742
604 778 38 28 0.020624764
707 730 70 73 0.020122595
18 767 22 25 0.020011222
