20_Family_Group_Family_Group_20_101
46
894 296 52 53 0.791434
32 63 50 53 0.77632976
841 98 47 51 0.7742968
133 90 40 43 0.7720309
200 217 56 55 0.7583065
558 242 43 46 0.7543475
663 261 52 54 0.7540975
223 66 43 44 0.7458949
966 53 54 63 0.74385476
641 79 26 34 0.7021672
70 270 49 47 0.6908574
489 49 39 46 0.67655665
375 28 53 51 0.64092445
554 75 36 37 0.56751484
731 76 45 45 0.5658507
782 277 53 59 0.46788067
603 54 100 85 0.4343553
934 201 77 129 0.28510538
472 40 73 66 0.25581047
237 77 15 20 0.25455958
45 249 99 94 0.21399903
728 239 165 137 0.21234708
752 245 98 110 0.13238761
46 68 24 38 0.11736678
546 63 56 63 0.11205764
387 31 32 36 0.08930156
712 64 84 80 0.081185445
847 277 145 108 0.07406866
79 116 36 37 0.0711179
640 70 43 52 0.06438131
601 232 173 123 0.06259409
784 287 38 39 0.061341923
883 277 73 76 0.047105532
691 413 51 38 0.044196684
882 502 92 82 0.04099686
561 87 26 31 0.04067462
826 83 57 77 0.03682687
308 340 53 53 0.03409201
167 204 124 102 0.03181878
639 271 94 73 0.027206533
565 46 132 122 0.024855003
579 259 35 37 0.02476325
851 492 139 168 0.024669604
91 130 11 13 0.021448582
938 36 58 52 0.021033065
699 425 31 25 0.020199131
