20_Family_Group_Family_Group_20_339
47
23 86 56 59 0.7741804
520 196 34 35 0.7527452
360 129 46 47 0.7503866
234 137 50 48 0.74803835
614 184 35 35 0.7322011
147 163 39 39 0.71231395
445 169 40 42 0.7110829
854 109 37 39 0.6811287
763 150 42 43 0.675845
694 164 44 41 0.6641314
609 176 50 52 0.63728166
526 202 25 24 0.6239801
659 209 30 30 0.6047984
828 170 31 31 0.57614547
587 144 40 36 0.56109065
838 98 67 57 0.5259831
535 208 8 12 0.49776578
459 183 11 15 0.44069415
684 156 43 40 0.40197542
251 145 16 23 0.35986793
838 178 15 15 0.26450482
367 137 29 30 0.24040543
216 125 91 75 0.15500562
675 149 17 19 0.1486136
157 170 23 23 0.14387508
707 169 21 27 0.10361688
890 115 31 28 0.10069006
934 326 26 23 0.09123157
249 648 19 17 0.0866575
747 125 31 25 0.08356252
341 315 29 31 0.08042693
825 180 34 38 0.061777297
881 542 19 18 0.057308506
241 648 21 15 0.05362238
665 206 18 21 0.052657068
915 120 27 25 0.04656115
985 154 28 38 0.039297707
982 103 31 41 0.036606144
356 321 28 26 0.035165183
753 130 15 12 0.032603633
748 148 84 78 0.030037735
244 160 48 34 0.027036306
-10 48 39 68 0.026385268
565 134 91 86 0.024615634
322 305 72 59 0.02458177
240 652 26 20 0.022603119
221 285 120 99 0.02160869
