20_Family_Group_Family_Group_20_914
46
451 199 46 43 0.7420188
255 253 40 37 0.6937908
518 285 41 39 0.66675836
156 121 29 26 0.6364017
222 192 32 32 0.6280201
806 157 48 45 0.608838
583 227 42 38 0.57502776
626 228 27 27 0.55916995
525 292 28 25 0.48681268
128 158 59 50 0.48608917
379 306 46 48 0.4524734
144 168 31 31 0.41477326
594 371 28 30 0.3868423
854 173 38 26 0.28426677
463 206 27 31 0.28183007
904 268 33 30 0.28168163
386 322 28 28 0.27212122
604 228 30 30 0.25156724
829 167 36 30 0.25081262
165 127 15 15 0.2466598
554 333 31 33 0.17196208
814 164 31 34 0.148667
592 211 11 11 0.1313631
582 358 42 38 0.12964186
597 211 19 18 0.12876302
414 272 36 42 0.10192426
480 253 29 34 0.09791415
627 221 17 19 0.078231454
216 224 18 17 0.07660362
164 208 27 24 0.064446695
586 205 19 17 0.060382687
904 283 26 24 0.05503291
291 138 93 73 0.046274316
108 287 22 22 0.045505296
604 376 17 19 0.043997176
460 279 40 41 0.042956013
547 525 94 86 0.033934943
914 276 15 16 0.033708207
878 185 26 27 0.033132866
870 181 23 25 0.031906564
405 262 46 34 0.031103548
399 259 30 28 0.03014654
856 151 35 25 0.023520274
505 256 35 28 0.023060381
145 171 21 24 0.022929132
195 200 18 17 0.020359565
