20_Family_Group_Family_Group_20_277
27
739 161 77 75 0.687042
157 190 62 63 0.5988859
992 181 35 44 0.5577891
263 127 66 64 0.48224127
582 256 55 60 0.38758403
387 218 43 43 0.22759952
319 166 46 46 0.2108804
135 168 88 94 0.09472517
333 172 34 32 0.08116755
756 44 29 27 0.058279697
399 226 29 30 0.05595803
372 155 62 69 0.05301055
0 439 24 27 0.046852812
156 98 43 42 0.044237655
340 119 143 134 0.040463347
138 114 109 86 0.03527394
740 23 68 72 0.03179189
488 86 25 26 0.031049797
766 41 23 23 0.030128254
14 430 29 44 0.029690078
67 434 68 80 0.02598436
922 11 88 66 0.023540549
297 0 149 150 0.02329009
42 425 42 48 0.022936745
46 416 34 35 0.02128887
178 503 321 325 0.021153385
599 268 26 33 0.020445598
