20_Family_Group_Family_Group_20_453
30
462 420 120 165 0.6141505
137 740 110 196 0.11943036
238 212 165 270 0.11259326
214 952 174 299 0.08972755
214 954 100 179 0.084523655
422 368 166 278 0.056524035
207 1014 119 218 0.050668996
66 682 20 50 0.050570495
208 621 115 243 0.047327537
31 49 143 236 0.044399563
871 686 215 362 0.04257136
100 511 178 297 0.03891202
61 19 119 199 0.0385849
725 594 215 344 0.037496235
242 304 187 296 0.032550853
74 84 84 167 0.030279882
533 429 123 205 0.029808985
180 147 281 451 0.026800511
487 877 25 42 0.0266815
573 -152 298 541 0.025420124
191 772 69 138 0.025263688
921 738 144 258 0.02512422
484 859 37 75 0.023832887
815 927 215 344 0.022488095
0 676 25 65 0.022333745
118 232 151 234 0.0223177
486 385 135 239 0.02187663
273 992 63 112 0.02173013
237 1023 120 261 0.020399068
201 375 131 254 0.020345151
