20_Family_Group_Family_Group_20_493
22
754 157 45 51 0.798334
612 145 58 57 0.7923942
379 116 52 58 0.79022247
15 179 50 55 0.7713968
248 134 42 46 0.7154925
872 113 43 53 0.6994567
230 310 47 52 0.6613995
561 103 54 59 0.6331258
218 173 33 36 0.45992607
213 302 75 69 0.43763378
392 123 26 45 0.42420658
236 123 64 70 0.42389846
158 326 33 33 0.34764856
981 162 34 42 0.19018386
595 476 62 55 0.046930708
557 83 103 98 0.038372476
905 94 181 180 0.03817584
622 150 32 46 0.035955098
14 186 29 43 0.030323109
209 134 77 76 0.027623279
734 155 80 76 0.026905293
762 164 23 26 0.024574617
