20_Family_Group_Family_Group_20_272
23
480 64 51 48 0.8102745
268 30 65 57 0.7821595
375 95 65 52 0.7722829
718 30 61 57 0.75191957
540 41 71 59 0.74010414
106 38 71 57 0.6843719
822 48 64 55 0.57738376
644 93 63 51 0.5563034
76 20 129 88 0.39279342
467 50 73 71 0.23219225
250 18 105 86 0.14612328
628 73 88 82 0.0847178
711 9 84 93 0.062788844
513 39 117 81 0.05161467
352 90 114 74 0.0489468
380 104 40 35 0.039842512
297 254 29 26 0.036091696
570 72 160 95 0.03184119
530 67 43 40 0.027155163
289 245 52 42 0.026059564
455 224 127 87 0.025785139
788 332 233 182 0.025081549
390 496 68 49 0.020478683
