20_Family_Group_Family_Group_20_318
22
858 191 125 154 0.8025519
417 55 89 88 0.79200083
166 166 96 86 0.6899484
741 287 85 76 0.6456591
879 370 57 35 0.22536217
898 378 23 20 0.15236503
428 66 54 60 0.09042826
391 63 147 97 0.07976688
161 175 72 63 0.0792794
864 233 91 71 0.07002008
468 313 110 98 0.065859646
804 207 237 160 0.059107456
850 348 113 66 0.041807078
856 265 106 80 0.035342935
48 475 94 37 0.031654455
414 289 179 146 0.030099731
389 26 152 105 0.028363746
375 320 293 172 0.026415065
793 195 142 141 0.024841854
771 151 305 185 0.021412697
155 144 173 125 0.021196533
446 68 62 55 0.020475833
