20_Family_Group_Family_Group_20_672
179
115 480 32 57 0.72689587
245 490 29 57 0.7015767
440 147 28 55 0.670602
875 310 26 50 0.6687947
190 215 38 71 0.666636
166 470 44 73 0.6542466
689 267 38 63 0.6434147
306 132 31 57 0.6368745
253 1030 26 45 0.6219988
762 339 34 66 0.62136495
103 263 38 61 0.61561894
148 270 22 44 0.61501664
449 1019 29 62 0.59486216
810 288 22 41 0.58891064
565 273 26 52 0.58471584
218 295 42 68 0.55926114
738 1038 26 47 0.55894655
283 290 28 54 0.5588093
481 262 30 55 0.542005
666 134 25 51 0.52736956
651 1033 21 39 0.50997293
174 482 28 51 0.5025176
107 944 20 34 0.4937171
812 902 20 33 0.49345857
358 1036 18 31 0.48886058
304 815 29 54 0.47353724
311 871 18 30 0.46933192
824 1046 20 39 0.45032847
363 273 37 61 0.41282755
89 852 25 52 0.39556396
741 900 18 31 0.3871821
287 302 20 34 0.38669005
158 1104 21 39 0.38449255
269 877 13 26 0.38421917
609 848 20 37 0.37231532
487 1003 34 62 0.37077323
379 347 29 48 0.36160934
676 864 21 37 0.36001366
295 222 29 55 0.35141
623 224 22 37 0.34703887
440 272 16 37 0.31524113
398 231 35 54 0.31393903
749 236 26 39 0.31237754
618 848 13 32 0.25346068
319 881 8 16 0.24707706
591 358 36 61 0.24638394
545 218 16 26 0.24564345
744 223 22 42 0.23658422
460 1038 9 24 0.23276855
784 875 16 32 0.2258433
371 235 12 20 0.22376476
575 884 12 23 0.21594562
362 851 20 37 0.21317227
756 221 29 65 0.21304096
724 184 19 45 0.21216136
579 485 37 53 0.20787068
210 872 11 20 0.20301238
580 502 28 44 0.19838487
131 870 20 29 0.19691277
516 212 19 32 0.19554678
594 484 21 37 0.18429811
493 832 30 50 0.18309653
405 238 18 34 0.17983623
463 829 21 36 0.17899524
373 288 33 60 0.16985959
574 282 14 28 0.1696455
310 827 16 32 0.16901064
225 870 16 25 0.15931371
435 843 18 32 0.15515593
377 223 28 53 0.1533075
533 214 19 33 0.1520373
714 198 12 20 0.14475937
595 363 23 42 0.14289507
105 864 20 38 0.14042126
460 836 8 16 0.13689794
495 834 22 30 0.13637261
288 215 22 34 0.13365377
388 453 15 23 0.1331889
683 198 16 24 0.13173345
367 280 20 43 0.1312009
653 246 19 39 0.13061902
856 855 11 20 0.12950741
622 472 13 27 0.111755066
510 925 11 22 0.11144414
574 275 32 65 0.10925455
549 478 22 35 0.106381916
400 881 14 24 0.10617138
635 244 14 19 0.10423932
463 263 30 58 0.1021366
552 888 22 41 0.101245545
122 493 14 37 0.10092673
692 387 20 34 0.09238627
242 219 24 41 0.0898492
608 224 23 36 0.08541319
378 439 23 37 0.08382234
155 282 11 25 0.07999714
260 262 57 105 0.079037696
757 999 27 44 0.07780973
818 1124 24 39 0.07578457
745 851 13 27 0.075241886
621 217 13 28 0.07445485
144 879 8 18 0.07343325
751 881 24 40 0.07316828
452 495 18 32 0.071965955
421 295 14 18 0.06984734
575 261 26 60 0.069447435
185 862 19 40 0.068750724
738 1133 13 21 0.06787327
223 311 21 36 0.065726526
686 204 21 40 0.06381752
550 237 11 20 0.06250549
470 248 26 40 0.062344342
571 901 9 15 0.061680593
402 895 10 20 0.060704634
696 247 18 35 0.058620058
431 120 55 112 0.0575299
832 853 8 17 0.056105997
764 362 22 37 0.05448641
610 860 12 17 0.053679485
381 868 18 31 0.04753181
818 1117 17 28 0.04584688
331 269 7 14 0.04514815
65 819 73 106 0.04433077
434 892 19 38 0.04389012
116 257 23 45 0.043694936
249 972 21 36 0.040739298
262 1107 21 34 0.040380865
806 983 22 41 0.040113945
477 388 19 33 0.037987206
205 875 43 68 0.036791436
689 868 17 38 0.036566492
585 500 16 31 0.036407087
272 275 33 88 0.03630839
248 868 16 34 0.036308132
860 410 21 42 0.036267776
654 1109 16 29 0.035786863
593 358 14 31 0.034748275
766 1144 31 47 0.03439427
108 241 53 105 0.03409563
343 836 57 93 0.03395927
528 831 17 30 0.03377567
449 1007 12 34 0.033398975
403 211 39 83 0.032488976
741 1133 19 32 0.03234958
150 248 34 61 0.0321217
821 1129 15 25 0.031978913
488 261 15 31 0.031249776
347 264 56 93 0.03101622
410 123 26 45 0.030723684
238 196 23 40 0.02945696
867 295 41 68 0.02935639
196 908 13 25 0.029202554
187 930 27 51 0.028934881
441 1094 36 52 0.028698007
835 872 18 32 0.0286356
506 1010 26 53 0.028274406
43 821 110 175 0.028149476
126 392 24 46 0.027510395
387 489 20 35 0.026209295
159 1124 23 36 0.025893912
380 964 23 37 0.025665035
737 979 28 62 0.02559793
446 269 10 23 0.025553996
778 1019 12 26 0.02530993
544 886 66 101 0.025038786
868 932 34 56 0.024501424
495 282 4 14 0.023943413
399 127 39 59 0.023834135
766 241 8 26 0.023745002
386 364 19 36 0.023401307
46 519 29 53 0.022780392
216 870 13 29 0.02235604
576 883 30 52 0.022240039
531 1068 17 29 0.021818336
316 254 118 179 0.021716263
334 999 33 57 0.021567369
309 902 7 12 0.021119818
905 517 34 77 0.020415118
665 954 20 37 0.020009024
