20_Family_Group_Family_Group_20_255
49
607 422 57 68 0.817415
894 372 54 68 0.80779135
309 446 53 62 0.7662083
145 449 53 66 0.76528364
739 382 65 72 0.7432637
365 299 54 62 0.72721356
660 234 41 51 0.693255
515 121 54 64 0.6761658
789 221 44 60 0.65301585
198 333 50 63 0.60852003
618 432 32 50 0.59565204
493 419 56 65 0.58830535
377 310 29 39 0.5526266
483 396 76 102 0.42909333
773 202 77 97 0.3947901
717 358 114 127 0.3820624
121 432 102 105 0.38181943
275 427 121 114 0.24245712
439 359 32 36 0.18921512
443 365 17 21 0.13451627
904 269 28 34 0.11382748
730 383 49 48 0.08719297
700 358 42 64 0.08364031
575 127 26 34 0.07036724
347 217 124 130 0.051762775
497 117 89 91 0.050586455
672 332 204 211 0.048723374
549 122 56 54 0.046792123
213 358 20 27 0.03890435
14 251 27 54 0.037364114
287 430 77 89 0.03626298
997 537 33 54 0.035191834
326 438 99 104 0.03471015
820 277 170 202 0.0339977
217 359 11 17 0.033361003
797 562 71 82 0.031780045
779 221 39 52 0.03016453
220 135 31 35 0.027637688
10 321 33 75 0.027162232
636 292 68 79 0.02702562
702 372 84 104 0.025877628
480 137 22 30 0.02473419
670 240 21 31 0.024665834
498 223 115 117 0.024606304
708 364 29 34 0.024174294
180 295 92 106 0.022675106
137 679 37 43 0.020694913
181 303 59 77 0.020382388
670 308 144 169 0.02036511
