20_Family_Group_Family_Group_20_22
31
174 282 40 45 0.7531484
539 238 34 39 0.733473
466 222 31 37 0.7094043
614 225 39 44 0.7032923
246 276 36 39 0.70229846
627 286 52 55 0.68812865
756 266 41 40 0.642921
331 246 52 42 0.5792528
409 253 26 36 0.573
301 236 46 55 0.5047618
412 261 16 20 0.45647776
188 299 10 14 0.42203915
705 272 42 51 0.39461216
475 230 16 22 0.35073274
608 527 21 20 0.33859992
550 248 15 20 0.3293457
767 275 20 21 0.28185788
625 230 21 29 0.24824025
613 515 31 35 0.17480068
312 251 24 26 0.16020402
242 320 19 22 0.10611553
721 280 22 37 0.05958304
726 285 15 26 0.05474332
434 16 101 89 0.04763544
712 287 27 32 0.035376247
425 -15 79 73 0.029768892
247 319 22 26 0.029182749
60 32 121 116 0.028111001
380 -3 138 131 0.026532263
670 619 71 57 0.02600871
62 517 222 214 0.021773562
