20_Family_Group_Family_Group_20_326
37
623 193 52 48 0.7747232
691 221 57 46 0.7613701
800 289 28 29 0.7512181
144 217 43 38 0.7431
854 197 40 41 0.71395874
446 277 30 28 0.6976807
346 237 26 31 0.6862143
388 247 38 35 0.6727333
419 374 28 30 0.66886955
812 228 31 29 0.6657547
861 206 26 24 0.6484079
512 246 29 28 0.6407279
211 220 44 40 0.63797593
436 239 28 25 0.6369736
870 336 27 25 0.623627
396 251 21 24 0.54571706
334 231 49 43 0.45378262
441 243 12 14 0.39309868
196 211 72 57 0.37626553
303 359 20 20 0.34255224
709 230 20 25 0.34007108
401 257 11 13 0.31945065
820 232 18 19 0.25052303
426 384 11 13 0.22794154
495 241 60 45 0.0973899
224 262 34 28 0.093817055
810 297 11 13 0.079791866
455 282 19 22 0.078979164
701 229 36 33 0.06014237
338 253 26 20 0.055466413
520 244 16 19 0.04476644
158 225 15 20 0.033724025
218 214 26 33 0.028640946
410 248 7 10 0.02700471
876 345 8 11 0.023728445
230 269 22 23 0.021127233
819 198 63 59 0.020422019
