20_Family_Group_Family_Group_20_1037
21
748 113 88 65 0.7891267
560 51 83 72 0.7554309
3 171 90 140 0.6846039
327 52 103 95 0.54406166
915 135 106 95 0.42122686
121 134 107 106 0.40792972
869 141 38 29 0.269461
885 141 100 76 0.17115213
517 39 184 105 0.13194497
-62 179 217 116 0.102292255
208 68 104 69 0.08175712
815 129 49 43 0.06995046
-4 196 132 82 0.040274307
771 230 166 129 0.034932885
419 123 91 52 0.03301426
829 139 56 30 0.026784262
875 149 20 15 0.02637346
801 278 101 66 0.024743473
125 145 98 54 0.023990557
97 110 190 109 0.022140285
819 338 207 119 0.020842072
