20_Family_Group_Family_Group_20_282
28
140 335 46 48 0.7026727
703 269 24 26 0.7011126
383 270 36 36 0.6959715
460 261 34 39 0.6947276
585 291 22 25 0.62101203
267 299 44 47 0.61344504
814 297 31 34 0.5836868
467 267 23 28 0.5210446
342 281 27 32 0.51159716
60 363 34 38 0.44270256
326 281 40 40 0.41882545
222 371 58 77 0.41302374
975 323 28 37 0.1067762
921 287 26 29 0.0873708
275 309 28 30 0.08369269
345 286 18 23 0.07095084
52 347 53 66 0.06926299
805 284 47 56 0.049385283
591 292 11 16 0.04106741
152 348 19 22 0.040751226
926 282 21 22 0.036049314
243 377 34 53 0.031472232
844 331 26 29 0.029358435
578 288 36 37 0.027625076
470 390 41 44 0.025979424
439 424 49 47 0.025448266
964 326 28 29 0.0247256
267 322 33 34 0.020469615
