54_Rescue_rescuepeople_54_777
36
401 302 101 104 0.81577265
688 126 65 59 0.7982047
771 334 85 89 0.788315
280 45 72 85 0.7684049
643 433 35 34 0.27429292
666 113 107 95 0.2145059
191 260 103 108 0.16527501
199 427 51 42 0.1140575
725 286 143 126 0.113879174
189 397 77 70 0.0960712
417 336 40 49 0.07490314
248 183 117 90 0.07382422
634 421 54 54 0.06328535
1005 346 19 31 0.059478737
427 316 65 69 0.059362065
428 360 19 22 0.057758193
719 485 48 45 0.05559279
719 475 71 64 0.045987356
192 311 83 78 0.04351762
789 365 29 39 0.042955335
261 184 80 60 0.040944364
254 57 123 112 0.037647497
700 105 75 77 0.027485713
265 207 114 89 0.026960297
376 311 71 76 0.026093613
217 277 48 51 0.02501989
273 13 121 134 0.023713615
825 305 63 63 0.023326999
170 372 116 96 0.022336127
804 358 42 49 0.022162868
789 326 115 114 0.021982582
228 150 147 106 0.0214918
180 432 62 51 0.021365233
387 261 87 79 0.020974109
30 277 143 117 0.02090008
164 210 186 133 0.02043148
