54_Rescue_rescuepeople_54_1049
24
437 213 131 166 0.78853047
640 406 89 105 0.7287723
110 118 158 204 0.54444706
616 141 146 187 0.45504573
133 149 114 127 0.32698813
82 155 212 229 0.19489266
481 242 104 111 0.15104617
70 217 48 53 0.12861218
650 367 52 54 0.108867876
627 367 46 51 0.08157741
652 434 45 52 0.066310085
64 200 68 86 0.056939118
606 365 160 147 0.051973198
445 272 113 96 0.04535159
587 375 124 96 0.037663158
152 227 73 67 0.03597831
661 395 112 106 0.035654403
430 232 82 107 0.03443026
51 499 138 125 0.032963026
110 31 158 155 0.029529503
516 47 120 96 0.02750797
613 414 80 69 0.022402637
579 180 115 118 0.02236487
-2 41 62 57 0.020044874
