54_Rescue_rescuepeople_54_335
27
521 227 104 133 0.82749635
829 149 106 136 0.7493478
377 362 114 139 0.7131003
393 403 82 84 0.26165968
488 90 13 19 0.19724478
478 85 24 27 0.09993367
822 166 69 98 0.09054294
628 619 156 237 0.06795344
480 128 190 234 0.045879446
592 448 217 222 0.038003046
832 193 50 65 0.03723324
309 277 240 250 0.035331044
782 331 23 24 0.031943172
604 490 134 128 0.031866506
577 533 268 357 0.03033023
875 508 240 259 0.029697992
533 -82 234 246 0.028020069
501 243 79 101 0.027590867
558 244 57 100 0.027260642
818 299 213 207 0.02505683
16 234 98 88 0.024932688
889 264 174 182 0.024785634
306 423 137 147 0.023321416
531 280 65 82 0.021642217
807 605 193 191 0.021358086
776 77 217 242 0.02115166
508 167 106 155 0.02037818
