54_Rescue_rescuepeople_54_191
26
440 278 68 61 0.7437425
666 280 34 32 0.6977239
784 300 26 27 0.57781863
81 357 22 23 0.5704134
812 256 48 51 0.53786194
938 278 33 35 0.50125873
797 253 78 68 0.49770123
765 253 35 30 0.40349734
790 305 15 16 0.37278214
1000 296 12 11 0.18491152
914 276 56 50 0.16852254
829 185 118 89 0.15785457
814 571 73 57 0.11754506
970 282 27 32 0.103599295
674 283 22 24 0.1033216
891 182 93 75 0.08857989
431 261 94 103 0.073543355
829 576 43 44 0.06818502
769 242 31 29 0.031656545
560 486 38 35 0.027285088
782 287 23 34 0.026918728
601 433 170 144 0.02379814
744 394 175 148 0.022554958
673 479 58 56 0.021834213
892 212 37 27 0.020442901
627 365 43 42 0.020314192
