54_Rescue_rescuepeople_54_188
30
287 102 113 108 0.7986204
390 107 225 237 0.6295935
688 11 68 65 0.62066966
947 175 48 46 0.44214565
934 166 82 65 0.3530256
246 34 46 58 0.3225843
915 145 126 89 0.21841791
840 128 29 29 0.110108174
828 129 43 39 0.10572031
4 66 25 37 0.060687166
0 54 36 53 0.057672873
249 351 289 256 0.04716281
90 154 132 115 0.045881156
683 -5 105 97 0.041192118
701 205 179 206 0.0385698
144 537 92 73 0.0372629
841 285 28 26 0.03488132
268 360 211 162 0.03451631
406 132 132 189 0.03120122
583 161 91 105 0.030685792
260 127 128 119 0.029286845
177 280 178 154 0.027724853
574 -1 63 29 0.026848746
537 124 132 165 0.024662388
163 539 51 57 0.023966063
57 20 79 68 0.022440227
924 137 80 81 0.021983966
947 171 36 36 0.021968102
412 212 144 117 0.021797016
910 129 26 21 0.020046692
