54_Rescue_rescuepeople_54_529
19
409 27 70 78 0.7485439
817 172 78 64 0.49008536
381 23 127 97 0.33112016
296 230 79 64 0.32787463
457 196 63 45 0.2970163
317 235 41 55 0.18814394
865 237 48 40 0.16223204
403 51 64 42 0.08287061
714 224 44 40 0.057125133
431 42 55 48 0.044930816
695 223 50 42 0.038845886
547 156 44 39 0.030953275
846 229 49 54 0.029695375
355 33 183 118 0.029359277
195 313 71 60 0.02762404
280 218 74 55 0.021050911
405 269 43 39 0.020664461
673 204 45 29 0.020352123
496 304 48 32 0.020232143
