54_Rescue_rescuepeople_54_325
36
364 175 72 79 0.7986745
556 304 69 65 0.5074595
141 286 66 56 0.500904
597 253 94 99 0.32584503
342 157 110 116 0.19715069
900 234 42 34 0.12546934
655 217 39 36 0.11928223
615 250 56 73 0.1154593
660 221 53 73 0.09387123
912 237 26 22 0.08220078
583 146 22 20 0.057230346
95 234 47 39 0.052170675
834 242 52 58 0.050961383
69 436 104 91 0.049369626
100 632 64 63 0.04371004
570 314 41 44 0.04265685
14 110 175 159 0.040423587
883 201 42 35 0.0366357
342 182 73 65 0.03650769
127 261 93 77 0.032237913
921 15 21 16 0.03180607
640 257 73 102 0.030901955
135 12 151 131 0.030408252
815 98 23 19 0.030273495
907 304 40 34 0.028859496
3 521 45 40 0.02818563
94 487 154 133 0.027427299
160 370 95 73 0.026647523
612 294 57 55 0.026140088
755 289 40 45 0.024253163
958 64 25 24 0.022631828
880 284 92 77 0.021623341
134 275 110 88 0.021268012
179 31 98 95 0.020506956
850 205 34 37 0.020314358
614 219 109 125 0.020108366
