54_Rescue_rescuepeople_54_102
22
393 245 34 32 0.2876709
536 230 20 20 0.24988171
548 239 10 13 0.22510208
399 256 28 33 0.19502373
534 326 116 113 0.10429831
547 233 8 9 0.048962798
460 229 15 15 0.046707567
177 200 11 11 0.04018371
175 230 14 13 0.039772205
222 245 13 13 0.039186087
24 200 13 16 0.038045134
168 201 12 10 0.03455123
481 246 17 16 0.033702202
575 365 34 36 0.030950246
442 234 30 28 0.029553972
516 214 16 14 0.02759272
181 194 21 18 0.024308365
90 233 16 15 0.023192618
223 216 19 17 0.021180822
271 235 10 9 0.021123674
45 18 111 112 0.020971946
15 629 167 133 0.020416182
