42_Car_Racing_Nascar_42_922
22
529 71 98 95 0.84252065
346 119 88 96 0.80881524
242 195 64 62 0.7673256
314 99 155 132 0.44578362
494 37 170 156 0.37934583
867 150 74 77 0.23892094
262 206 27 43 0.21856762
943 148 39 44 0.09171923
836 153 63 63 0.0769158
560 84 53 62 0.052910138
512 82 66 67 0.040384196
768 231 54 55 0.039497927
835 138 103 104 0.03766296
545 103 39 46 0.03517724
786 150 99 80 0.027377144
967 241 26 32 0.025575371
522 45 135 98 0.023622219
328 121 64 66 0.022154495
873 131 126 110 0.021746527
123 238 15 15 0.021693815
948 206 47 50 0.02169297
513 472 131 94 0.021364162
