42_Car_Racing_Car_Racing_42_602
27
954 218 28 28 0.2987431
960 169 16 17 0.26556534
304 172 11 12 0.2522848
119 168 13 12 0.14533001
999 223 22 26 0.1341078
212 421 109 92 0.13248438
231 175 13 12 0.12883455
816 175 11 12 0.11418727
305 177 9 9 0.098859385
43 166 13 13 0.08872113
154 172 14 13 0.080691494
973 223 18 20 0.0761364
188 173 13 12 0.07561017
108 167 10 10 0.06998157
51 165 12 14 0.069830984
779 170 11 10 0.066826254
698 138 11 11 0.055486254
901 168 7 9 0.053504568
706 139 13 14 0.04375908
928 172 7 6 0.039197806
171 171 9 10 0.038734563
88 174 9 9 0.03853183
861 173 4 4 0.035471663
830 172 8 10 0.03530556
894 175 4 4 0.029237343
624 130 15 14 0.029209947
256 201 8 8 0.027338488
