42_Car_Racing_Car_Racing_42_906
44
414 99 31 23 0.6983136
183 104 54 34 0.6646726
577 106 47 30 0.6376101
747 84 44 29 0.63195515
230 87 41 26 0.594912
832 105 48 33 0.55030453
700 78 32 20 0.53594923
561 77 35 22 0.5189338
487 88 35 24 0.5077308
290 103 44 28 0.50437665
323 116 43 26 0.4576702
647 80 39 23 0.45191178
236 91 28 17 0.43536067
827 112 43 33 0.38729417
382 148 41 26 0.3852951
300 98 24 16 0.27744997
502 89 27 20 0.18619747
761 85 20 14 0.16095394
512 89 31 23 0.13077293
559 101 79 46 0.12796272
633 70 62 46 0.1255615
680 79 30 21 0.079783045
241 84 23 17 0.07714823
308 108 68 35 0.07296701
189 115 38 29 0.06976541
551 76 51 30 0.066301115
149 98 120 64 0.065457314
537 59 83 48 0.06390434
750 83 26 12 0.057405658
655 370 30 18 0.047832258
250 91 26 21 0.046163473
329 121 30 17 0.043198723
557 87 33 21 0.04084693
689 64 61 42 0.0341085
294 108 26 17 0.030494612
281 92 53 31 0.030115591
652 90 24 16 0.029172273
268 76 97 63 0.026562914
656 69 27 17 0.026423028
844 97 35 23 0.025985463
655 360 50 37 0.023939243
805 89 90 54 0.022739694
201 100 18 15 0.02086337
389 90 80 46 0.020819912
