42_Car_Racing_Nascar_42_823
55
988 217 26 26 0.5690855
454 239 24 21 0.4271695
408 232 28 28 0.41935298
888 237 18 17 0.4021837
89 311 22 20 0.35969543
626 239 15 13 0.35742304
542 294 23 21 0.34873375
188 279 16 14 0.30893955
888 227 26 27 0.29502228
93 315 15 13 0.29145062
178 309 16 14 0.25838414
339 256 15 12 0.24750592
844 239 18 15 0.20028448
115 260 20 18 0.19691673
259 254 16 16 0.18588172
1 271 19 21 0.18443954
893 233 17 18 0.17655946
369 258 15 12 0.15984538
278 267 13 12 0.1418952
328 256 14 15 0.12640105
632 242 8 8 0.12223827
664 236 10 9 0.10123402
666 238 16 16 0.09642682
146 274 12 12 0.095809825
296 266 17 16 0.09297936
121 267 8 8 0.0877058
-1 277 13 15 0.085140705
122 229 16 15 0.07997765
315 345 23 22 0.07803746
694 233 22 28 0.07166779
391 248 15 15 0.06840439
673 231 16 16 0.06352666
480 197 17 14 0.06291403
660 239 13 13 0.060586464
469 201 13 11 0.059633303
170 273 15 15 0.049755152
170 309 21 20 0.038774487
463 200 10 8 0.037726577
702 228 14 10 0.03388954
190 226 18 15 0.031030351
627 232 17 14 0.026292
357 209 6 4 0.02621583
222 230 16 14 0.025944881
189 228 12 11 0.025729695
123 260 11 9 0.02457834
395 222 14 11 0.024328412
642 311 12 14 0.024004444
448 216 28 27 0.0235933
375 265 10 11 0.023467297
464 313 16 15 0.022992484
237 251 7 7 0.022895446
754 257 19 17 0.02222718
340 267 9 9 0.022211535
187 338 17 16 0.020619726
641 237 8 8 0.020128064
