1_Handshaking_Handshaking_1_158
20
197 152 126 153 0.8427631
458 250 70 73 0.7444956
691 43 140 210 0.7021678
425 314 48 54 0.22925477
389 360 44 45 0.09287514
386 333 39 35 0.09070622
438 328 33 35 0.080734335
384 463 165 163 0.044405617
138 113 252 209 0.04169107
437 441 202 182 0.038476355
326 198 33 53 0.03527372
123 149 108 113 0.030810717
240 168 113 122 0.028237429
775 75 110 103 0.023740765
-1 475 66 59 0.023471154
389 337 20 23 0.021952538
728 76 135 123 0.02188495
147 137 129 134 0.021861147
177 483 95 97 0.02046829
681 86 83 120 0.02004511
