1_Handshaking_Handshaking_1_602
42
366 237 20 20 0.5130757
839 236 15 16 0.44518822
372 241 12 16 0.38952693
913 272 12 12 0.38338614
251 346 23 23 0.2814517
944 240 21 30 0.26595137
674 310 16 15 0.23225231
933 248 18 21 0.18936275
951 240 24 26 0.17987682
637 246 13 11 0.17752849
604 295 17 19 0.17282315
916 274 8 10 0.1701628
753 245 13 12 0.16094281
440 235 7 9 0.15963441
674 246 13 12 0.15874106
680 229 12 13 0.13732499
610 229 7 7 0.11105488
397 322 19 18 0.10876514
106 297 18 18 0.08473184
712 235 15 13 0.08385541
648 227 5 6 0.0765358
755 249 6 5 0.07408627
132 193 14 17 0.07063968
687 234 16 16 0.048209686
429 231 14 15 0.04815282
130 188 13 14 0.0435942
991 230 37 49 0.041643053
842 242 15 15 0.04087719
623 230 13 16 0.04056712
487 224 4 3 0.039353903
715 248 7 8 0.037437595
775 249 8 9 0.037398525
530 340 15 16 0.035749953
561 227 5 4 0.034654967
680 249 8 9 0.034386568
520 227 4 5 0.032955606
276 266 39 44 0.030503603
476 252 12 13 0.026838303
181 180 12 14 0.026200559
932 234 33 45 0.022287125
274 278 23 25 0.022241728
288 279 15 18 0.021210274
