1_Handshaking_Handshaking_1_781
26
402 181 170 269 0.7253122
723 333 169 263 0.5926429
41 308 76 140 0.41094142
654 475 50 103 0.1222491
662 232 265 438 0.10225237
462 238 111 206 0.095478535
256 338 46 86 0.09466718
189 231 184 323 0.09297096
321 324 64 112 0.085306935
716 392 92 171 0.04677989
516 1219 159 270 0.04021934
577 1257 99 189 0.040114976
608 477 49 85 0.039069902
516 946 251 581 0.03681927
46 232 38 94 0.03546817
669 462 72 137 0.034293484
379 902 62 94 0.03406866
616 505 37 69 0.027416676
870 637 147 289 0.027268065
402 182 98 219 0.02351005
643 487 82 133 0.023317767
340 306 66 156 0.02265462
526 1271 101 170 0.0221918
252 309 101 175 0.020820675
681 564 193 320 0.020418102
648 345 149 265 0.020103594
