1_Handshaking_Handshaking_1_356
36
129 580 117 177 0.707287
666 199 143 217 0.3926605
310 387 19 33 0.27416193
318 373 31 64 0.256379
656 262 79 128 0.25394022
104 498 207 344 0.13421932
416 289 10 14 0.12113699
147 257 11 20 0.11540245
573 303 6 9 0.10134704
603 297 10 17 0.09969902
496 302 6 10 0.078997895
757 137 147 242 0.07486202
662 348 15 30 0.07453058
845 225 172 482 0.070357084
443 298 6 11 0.06983775
270 403 15 30 0.06430924
58 589 122 216 0.06256398
85 262 15 25 0.057075
147 256 8 14 0.055272132
271 390 25 44 0.05404638
423 278 12 24 0.04484338
602 421 12 23 0.044615265
637 300 21 34 0.04134096
422 294 2 5 0.037701752
168 573 111 198 0.031403728
624 104 160 262 0.030660385
613 298 12 25 0.025711538
254 309 9 16 0.024901481
7 521 192 350 0.02429604
426 287 5 8 0.02418852
100 264 10 16 0.023263795
440 1110 238 388 0.02301128
782 149 95 177 0.021933362
524 307 6 9 0.02157454
493 779 123 171 0.021479715
551 295 8 17 0.020713056
