1_Handshaking_Handshaking_1_733
18
764 124 156 191 0.8565679
466 207 77 89 0.8280201
293 183 110 148 0.71817446
161 82 164 203 0.64330035
436 205 134 107 0.10194303
726 135 137 135 0.05313239
97 90 142 140 0.05226022
805 115 195 197 0.037302326
727 77 246 200 0.035372768
83 51 218 203 0.034175847
333 193 81 123 0.030378377
237 144 170 218 0.02825957
364 7 26 24 0.028015018
472 229 38 44 0.026586043
485 231 61 57 0.026271068
103 315 176 139 0.02210786
424 169 156 115 0.021902831
-3 149 43 62 0.021397894
