1_Handshaking_Handshaking_1_236
23
502 194 54 54 0.78251785
192 142 68 69 0.7428667
728 240 33 32 0.7309181
859 246 28 32 0.72040296
366 188 75 76 0.6913643
987 272 24 26 0.5805105
914 235 32 27 0.5008599
-6 186 44 103 0.44806576
340 171 114 121 0.34078997
921 230 22 24 0.14980744
893 525 44 39 0.10086268
75 397 16 17 0.09170843
384 186 44 57 0.08041537
998 448 24 34 0.07429085
384 214 46 51 0.063077316
279 313 185 166 0.05759716
304 343 111 105 0.044943914
196 156 41 41 0.038977224
468 186 75 76 0.03354327
1004 462 16 18 0.029213987
959 353 16 19 0.022019964
625 24 232 159 0.021504298
963 624 60 59 0.02015416
