1_Handshaking_Handshaking_1_343
23
96 80 71 80 0.82836074
885 90 61 60 0.82271713
294 100 75 82 0.81943077
484 76 76 83 0.814826
706 106 55 56 0.7469933
894 102 37 37 0.15399446
304 111 47 61 0.11296953
310 126 34 35 0.11230384
776 154 18 19 0.07955675
474 53 119 134 0.07376456
402 138 62 57 0.05413674
925 399 42 32 0.04992644
423 142 36 39 0.048523128
106 110 39 38 0.042995904
759 146 41 36 0.0366014
715 111 26 28 0.03502326
873 86 91 85 0.03343039
221 143 41 45 0.031522375
419 153 27 23 0.02530169
906 97 23 33 0.023940086
68 86 72 72 0.022329142
485 95 47 47 0.02230375
258 107 93 76 0.02027261
