33_Running_Running_33_786
90
910 451 32 26 0.7305591
498 462 43 33 0.72044754
503 130 32 29 0.71039665
516 240 35 28 0.7083044
879 340 23 20 0.5581898
326 253 27 20 0.5484298
728 460 43 34 0.5393612
337 463 16 14 0.5350184
313 375 21 16 0.5288749
951 115 16 13 0.46384534
46 460 25 19 0.45668718
476 444 88 69 0.44900906
89 455 22 17 0.44623646
974 340 24 18 0.42236564
247 455 15 10 0.40785015
141 463 19 13 0.39019525
124 375 39 31 0.3646055
274 234 22 14 0.35282865
899 124 17 11 0.34433377
949 351 18 17 0.34177068
111 245 13 10 0.30652213
184 377 11 11 0.30289528
700 353 30 24 0.29741305
931 350 27 18 0.29447162
702 133 27 21 0.28161407
754 139 17 12 0.265388
144 465 11 10 0.26183614
72 116 14 11 0.24074557
42 466 25 20 0.23807395
904 125 8 6 0.2063988
486 118 69 53 0.19893551
118 247 12 8 0.19827516
37 469 21 16 0.18829179
253 455 14 13 0.18814869
847 138 7 6 0.17682183
169 377 22 14 0.17582776
697 333 24 17 0.16278344
244 455 8 7 0.1557822
53 468 10 7 0.15143885
117 377 29 20 0.1421059
266 335 16 13 0.13590662
111 366 64 50 0.13572565
528 247 16 16 0.13334775
64 376 32 25 0.11191907
546 339 16 13 0.103166796
510 237 55 42 0.1009631
257 338 17 14 0.098064706
244 347 14 9 0.08216106
75 118 9 8 0.076470144
759 143 7 5 0.0752061
45 239 9 8 0.07471942
244 353 17 12 0.06567614
758 237 23 16 0.06507039
79 390 21 14 0.064158134
334 470 14 12 0.06316425
808 140 5 4 0.06214102
139 466 23 19 0.059221398
827 136 15 11 0.05812728
142 383 14 14 0.05740229
526 337 15 13 0.057345558
169 247 13 9 0.057128634
295 275 16 14 0.05300642
91 103 17 12 0.05101488
72 390 19 16 0.050253835
954 111 13 12 0.04853318
949 103 28 27 0.046102893
509 339 17 13 0.04586834
971 223 20 16 0.044753753
49 240 7 6 0.044023897
307 374 33 26 0.04291395
633 289 26 22 0.041139238
884 346 8 7 0.04010528
858 133 8 6 0.039861992
131 387 22 18 0.03881155
343 129 16 13 0.03681952
822 255 16 13 0.034566313
917 456 19 13 0.03374064
281 227 27 24 0.031972714
854 514 19 15 0.03008725
130 460 27 18 0.029265396
681 241 21 16 0.028997092
773 141 7 5 0.02874809
162 390 28 18 0.0282779
286 223 19 17 0.028173577
989 343 12 11 0.027404519
811 132 9 7 0.027209142
3 523 28 25 0.026756309
777 129 15 11 0.02562776
104 104 16 11 0.024657195
726 444 62 54 0.024526414
