33_Running_Running_33_760
25
432 345 86 130 0.807474
185 309 115 135 0.23806481
701 302 72 112 0.20826377
506 195 123 265 0.1962698
555 202 104 154 0.12347155
654 231 131 192 0.07710053
574 186 76 121 0.066958465
375 265 41 61 0.050081808
196 335 70 98 0.045803912
84 674 93 98 0.03919928
244 64 225 331 0.035426013
222 274 122 220 0.035198778
750 344 122 169 0.031572297
176 307 72 108 0.030714257
526 288 74 148 0.029635377
683 216 83 121 0.029357275
717 307 38 71 0.028506676
522 213 90 152 0.028149154
164 206 181 229 0.028043512
630 250 315 417 0.025529204
123 705 56 96 0.024368733
94 618 126 186 0.023873357
73 216 347 507 0.022974828
-10 -34 77 134 0.021531118
698 434 197 286 0.021062339
