33_Running_Running_33_316
85
756 152 52 64 0.7543596
621 183 49 55 0.7378411
519 223 48 53 0.70017546
149 184 43 54 0.6620511
256 170 49 47 0.6334813
400 183 49 58 0.61764795
856 205 51 57 0.6051348
320 173 33 38 0.5767852
216 162 53 60 0.568525
615 167 64 88 0.5655285
471 224 40 46 0.4936443
332 148 81 97 0.46707675
505 210 76 82 0.45106944
412 191 25 42 0.44295484
328 181 17 19 0.4243925
436 157 38 45 0.40072015
101 152 21 23 0.38199696
178 126 22 22 0.37582722
354 177 37 37 0.36236033
37 110 16 18 0.31847864
854 115 16 17 0.27819195
669 129 15 19 0.27368188
885 116 28 26 0.26081046
701 144 22 24 0.25587165
248 172 35 46 0.24294728
911 136 18 22 0.21252908
384 182 36 46 0.20916383
292 105 7 9 0.174206
778 116 24 26 0.172352
187 133 9 10 0.15917182
897 125 19 21 0.15773569
510 136 16 21 0.15051526
562 131 10 9 0.1495608
363 187 29 35 0.14695884
790 125 10 11 0.13424993
293 103 13 15 0.12924504
109 163 6 8 0.12406407
646 115 11 13 0.12329652
823 121 7 7 0.115059815
100 160 15 13 0.10942026
477 145 10 12 0.10046015
460 129 14 15 0.08742887
843 194 40 45 0.087349415
834 115 15 18 0.08520112
600 122 9 11 0.07819096
273 119 16 17 0.07530424
857 215 30 34 0.07090734
230 158 100 89 0.06863008
913 133 13 17 0.064801835
335 117 11 12 0.06262049
402 153 48 53 0.06017827
86 183 13 17 0.058880936
871 196 34 37 0.0580728
455 127 10 10 0.053076573
867 206 28 45 0.04970607
585 149 101 120 0.04951067
29 175 20 24 0.046387274
183 136 15 20 0.046046037
617 119 14 16 0.045884248
750 143 78 90 0.04585698
319 117 14 14 0.04339439
681 180 22 26 0.042991344
397 232 32 37 0.042466763
427 130 6 6 0.041812606
686 137 17 21 0.04043206
669 70 11 13 0.03959889
671 145 7 8 0.03808103
219 113 10 11 0.032667108
521 135 8 8 0.032108545
78 173 18 18 0.030782895
370 197 46 45 0.02948891
566 140 11 13 0.027888594
247 117 16 15 0.027419189
220 108 8 8 0.027258428
722 134 9 12 0.026561242
247 102 17 20 0.026021453
767 306 29 28 0.0257502
93 206 17 20 0.025098352
712 130 98 100 0.024449758
284 108 10 8 0.023841674
531 219 92 94 0.023724126
542 128 15 18 0.02249588
890 151 8 8 0.022081932
510 168 37 41 0.020331703
827 108 7 9 0.02010878
