50_Celebration_Or_Party_houseparty_50_345
21
308 137 182 242 0.8478602
570 144 200 235 0.824492
894 97 63 92 0.49619293
-17 158 119 173 0.21998788
966 85 50 107 0.17805839
13 208 44 79 0.114691556
763 583 64 94 0.07328741
312 213 65 116 0.07295321
313 181 97 175 0.060487837
349 184 120 163 0.059087988
865 83 87 126 0.054536648
810 1025 5 9 0.049645696
132 95 80 110 0.040064234
575 157 110 151 0.032118555
948 55 92 152 0.031978786
-12 213 76 109 0.029645013
379 143 127 210 0.02464175
489 935 98 133 0.024206962
880 108 56 75 0.023106683
950 28 41 69 0.022315484
733 565 125 150 0.021930942
