50_Celebration_Or_Party_houseparty_50_788
32
243 115 46 36 0.7386178
751 147 47 36 0.7200868
73 77 58 45 0.70435303
657 100 36 32 0.6140797
408 114 46 41 0.5575367
542 139 37 29 0.5271004
453 331 36 25 0.39924634
930 167 30 27 0.27768067
432 316 73 55 0.27550527
82 84 40 30 0.23635805
545 147 38 32 0.14110276
972 349 32 32 0.13104287
218 376 29 24 0.120311216
891 152 107 66 0.05344795
941 164 32 34 0.049556393
617 71 100 71 0.04449764
886 389 182 108 0.040500075
429 120 37 33 0.032124102
98 79 47 30 0.030354122
382 98 98 71 0.029604135
309 371 36 30 0.029398393
398 307 103 74 0.028437594
872 116 142 99 0.027263727
938 179 13 13 0.0257248
190 92 151 100 0.025226746
596 413 107 85 0.02446106
324 377 31 27 0.02349036
911 304 139 105 0.023454819
741 316 144 97 0.022632578
99 91 41 31 0.022101533
812 199 75 53 0.021389812
287 413 175 122 0.021320587
