50_Celebration_Or_Party_birthdayparty_50_134
41
9 339 20 21 0.60910517
846 281 41 40 0.5341265
74 348 27 26 0.5168881
799 359 22 22 0.35834718
601 564 24 24 0.33062568
893 340 28 29 0.26274025
72 349 39 35 0.2551765
484 323 16 13 0.23684558
839 289 26 24 0.22816171
950 357 62 89 0.14337018
946 349 42 58 0.09615726
485 345 8 7 0.088321865
419 345 11 10 0.07835283
549 318 13 11 0.0693246
871 318 30 27 0.061342474
23 405 19 21 0.05675996
447 351 5 5 0.052783363
543 344 10 9 0.05001628
530 329 14 10 0.049976204
713 300 11 10 0.048448484
754 302 12 11 0.04754513
624 319 17 13 0.042295165
616 565 18 19 0.04181912
746 305 9 8 0.041221425
794 304 10 6 0.039089944
594 318 10 8 0.038843386
405 348 10 11 0.036390297
557 318 9 7 0.035677984
804 302 11 15 0.034297246
419 330 15 14 0.03141028
555 350 8 7 0.03046803
692 300 11 12 0.030127473
785 490 66 62 0.029695416
606 569 12 13 0.026116416
611 311 14 13 0.02532101
936 217 117 114 0.023746777
466 344 8 10 0.023375958
382 354 9 8 0.023117654
920 511 85 82 0.022521423
869 580 76 67 0.021219263
490 584 11 10 0.020397356
