50_Celebration_Or_Party_birthdayparty_50_213
32
414 282 116 130 0.81895256
584 227 114 147 0.8101151
198 344 98 109 0.8039291
98 186 119 133 0.76404357
693 231 102 143 0.76350236
927 434 87 153 0.6882294
227 364 60 64 0.16041224
382 306 174 131 0.15707424
620 263 82 75 0.109239034
458 294 75 90 0.10278133
0 450 32 65 0.09849374
412 294 84 90 0.097359724
595 275 83 73 0.08190801
653 255 105 91 0.05651934
606 222 153 138 0.05606724
604 283 30 35 0.046190046
581 242 74 101 0.041059073
672 213 167 134 0.036125563
363 94 67 58 0.030465005
423 359 94 71 0.02929093
140 342 145 132 0.02771878
755 131 49 49 0.027451953
-5 433 47 104 0.025998095
465 42 184 163 0.02557924
557 278 156 139 0.025504299
125 286 241 178 0.024064016
687 318 43 39 0.023923244
370 246 160 138 0.023535794
783 245 86 90 0.022473138
238 368 81 78 0.022145974
350 60 114 104 0.022006446
481 288 113 100 0.021059586
