50_Celebration_Or_Party_birthdayparty_50_249
21
810 192 54 60 0.771957
576 238 51 62 0.7608009
152 275 57 59 0.7565692
660 188 51 62 0.7501602
354 278 46 50 0.6312327
674 198 27 46 0.542832
143 257 84 98 0.25866255
795 166 82 113 0.16539676
556 145 19 22 0.078125216
645 185 85 83 0.05129903
621 92 17 24 0.046246003
365 285 28 29 0.04262572
616 85 25 28 0.03939839
659 608 201 213 0.03441815
218 222 21 24 0.026773116
824 508 87 89 0.025101606
564 150 12 15 0.024843918
57 139 120 127 0.02428676
178 626 135 146 0.023319006
750 34 13 14 0.02256153
315 328 90 113 0.021419182
