50_Celebration_Or_Party_birthdayparty_50_479
39
346 549 113 141 0.82390964
927 266 31 26 0.22899987
70 517 24 28 0.17059566
85 77 34 43 0.114751674
480 711 31 29 0.11435968
165 575 15 16 0.1125985
912 42 11 13 0.098398
203 660 16 18 0.09821529
10 663 25 30 0.08384023
875 434 14 15 0.07780865
91 553 17 19 0.077558585
386 575 72 95 0.06952834
365 585 68 79 0.057965573
530 599 130 107 0.05574041
682 137 7 8 0.053342607
483 713 21 22 0.052347515
66 66 62 63 0.048884086
159 570 16 17 0.040746726
720 443 9 9 0.040103197
197 655 25 23 0.03923065
807 139 5 5 0.03903911
122 521 18 19 0.03753868
98 283 21 17 0.035939276
142 148 58 48 0.035921365
808 133 12 12 0.034628976
905 40 11 10 0.032243367
724 120 7 7 0.030806601
730 121 8 9 0.030512543
534 235 23 21 0.025554046
909 133 13 13 0.025024721
816 714 20 20 0.02499852
691 128 12 12 0.024331031
89 519 19 19 0.023714602
264 421 10 9 0.022847444
832 277 21 17 0.02252837
928 255 26 28 0.021489859
335 479 179 241 0.021475395
488 292 90 98 0.021402253
741 442 10 9 0.021192443
