50_Celebration_Or_Party_birthdayparty_50_75
76
411 206 83 92 0.7595696
174 593 40 44 0.72030926
112 380 37 40 0.6857999
230 384 39 39 0.66886437
168 381 42 42 0.6452663
50 454 34 40 0.6354339
238 452 34 37 0.633551
115 603 35 36 0.6320663
46 376 35 36 0.606406
236 390 27 25 0.56435186
153 368 76 73 0.46784475
660 126 28 29 0.4548734
655 121 43 43 0.43879214
100 600 37 41 0.38136125
57 387 15 17 0.35684192
53 529 46 49 0.3030561
159 472 18 21 0.29974592
596 198 24 26 0.29298154
396 450 23 26 0.2342083
222 440 59 65 0.22183995
367 405 22 25 0.21757911
592 390 17 17 0.16734417
304 592 31 32 0.1665606
66 604 22 29 0.1583218
40 451 55 50 0.15811002
185 605 20 24 0.110072345
11 517 23 30 0.10997461
262 508 35 44 0.10956986
278 515 43 40 0.107769124
1 111 53 160 0.10173497
121 462 23 26 0.09978921
664 123 20 24 0.097926736
593 394 10 10 0.09227937
103 463 23 27 0.090810984
536 393 19 17 0.08814308
742 496 41 42 0.069256224
64 461 22 28 0.06828092
752 501 53 62 0.060097016
881 337 14 15 0.05734244
303 406 17 21 0.05550876
53 604 31 31 0.054950707
291 572 45 46 0.05423438
296 412 19 18 0.052937135
285 525 24 23 0.05222077
751 140 23 26 0.04961816
780 499 93 79 0.048188165
931 401 12 13 0.043153062
765 138 18 20 0.040510904
258 442 33 33 0.03849709
963 393 11 13 0.03782939
154 506 17 21 0.037827067
696 154 28 27 0.037575718
770 137 25 27 0.037490856
431 649 42 34 0.03739914
57 537 26 29 0.03597847
791 624 117 108 0.03480462
382 498 43 50 0.03474315
772 417 23 23 0.034353692
846 451 23 27 0.03128429
520 344 18 22 0.029789582
617 387 19 20 0.029620757
550 463 17 18 0.02850098
92 733 41 30 0.028020024
-8 156 66 164 0.026465014
620 187 48 48 0.025754653
446 505 39 39 0.025068384
177 472 20 21 0.023930043
806 551 88 89 0.023533653
477 424 37 39 0.021753954
237 599 49 54 0.021318061
652 204 43 42 0.021294052
584 240 35 33 0.020555303
970 465 24 26 0.020153845
454 551 45 42 0.020054713
473 442 20 23 0.020052088
228 632 88 73 0.020034691
