50_Celebration_Or_Party_birthdayparty_50_449
30
591 80 86 102 0.8294622
434 237 126 128 0.82642
340 373 118 146 0.8121776
133 449 162 171 0.6540671
843 36 74 110 0.6490915
612 114 47 50 0.15803088
311 352 195 209 0.12964432
377 395 91 99 0.10934747
809 728 17 18 0.08993754
845 512 111 94 0.08929983
454 248 73 98 0.06806478
108 432 240 245 0.053913493
698 682 45 37 0.050349202
410 139 255 258 0.04807397
835 59 44 60 0.04647677
809 734 15 17 0.043172598
481 238 106 114 0.040698227
393 231 219 176 0.036687907
827 32 58 94 0.035484724
712 689 26 28 0.03490838
856 27 123 125 0.0317252
593 114 52 52 0.031399123
309 410 99 97 0.028912554
727 688 23 24 0.028773462
794 50 83 79 0.027877707
812 77 115 101 0.026547045
460 198 147 171 0.02531814
183 443 159 167 0.022841467
566 473 168 127 0.021958493
393 362 144 140 0.021405838
