50_Celebration_Or_Party_houseparty_50_609
122
284 248 47 49 0.75702846
401 232 41 37 0.66755646
140 257 47 44 0.6542682
988 256 37 42 0.648979
211 217 35 33 0.6285391
296 336 73 70 0.61583585
212 354 68 73 0.5947994
844 197 20 18 0.5030309
322 195 30 28 0.4900731
474 181 31 33 0.48517805
268 235 77 74 0.4629395
216 222 23 24 0.46067408
889 178 17 17 0.43587327
580 246 58 62 0.42134288
126 242 22 22 0.36099386
766 186 28 28 0.3574572
846 230 32 31 0.35675675
118 237 26 27 0.29290694
657 256 25 28 0.2914987
755 188 29 28 0.28840417
889 170 19 20 0.26091945
531 272 58 58 0.26059386
631 164 26 25 0.2509658
225 192 20 18 0.246315
960 189 23 25 0.23892021
822 167 17 16 0.23849724
719 280 50 56 0.23443423
84 228 22 21 0.22687267
807 216 16 18 0.22606774
88 221 30 28 0.21454161
708 190 26 23 0.19513659
527 122 19 18 0.17535277
785 159 12 12 0.17222264
364 177 15 15 0.16994272
990 121 20 20 0.16577911
827 175 8 7 0.15479961
825 198 28 26 0.15450044
536 202 31 30 0.153069
49 210 21 25 0.14608853
518 173 23 25 0.12794258
677 196 14 12 0.12745486
538 253 46 46 0.11186931
151 227 13 10 0.11026167
268 191 12 15 0.10806891
442 165 24 23 0.10418059
448 49 21 19 0.10317487
285 346 83 101 0.097682945
997 261 23 30 0.09469883
227 208 22 24 0.09333903
994 125 12 11 0.092279784
455 164 28 23 0.09206364
688 194 20 18 0.089806646
833 130 22 17 0.08488119
743 152 14 14 0.08445532
182 219 18 15 0.08280205
417 51 21 18 0.08033793
149 269 26 25 0.080025814
775 194 7 10 0.07836378
276 180 11 10 0.07599597
727 287 34 37 0.072199814
809 195 16 13 0.06989611
789 172 12 10 0.0659527
191 195 14 13 0.064899154
732 193 22 18 0.06413293
639 201 20 17 0.06348655
153 194 17 15 0.06254754
548 281 35 33 0.062092446
663 264 16 16 0.061404377
382 188 23 25 0.060629513
344 170 18 16 0.06038281
529 165 20 20 0.056958754
840 136 11 11 0.056604203
161 213 17 17 0.054012652
191 177 19 18 0.053541947
476 176 26 25 0.053434152
616 163 20 19 0.052360717
72 355 35 41 0.047285818
597 196 14 14 0.046933364
612 202 21 20 0.041967567
310 365 53 58 0.04072116
313 355 26 28 0.03854573
162 398 33 36 0.03685507
772 160 13 14 0.036842283
85 236 17 17 0.03549345
328 166 20 18 0.03520718
536 124 13 13 0.034879457
470 171 53 55 0.033530544
884 153 7 8 0.03262923
848 175 7 9 0.03160979
129 231 15 15 0.03130179
553 270 35 30 0.031149155
547 205 17 14 0.030845666
299 365 44 61 0.030223045
524 191 20 20 0.030155793
219 377 34 29 0.029817885
121 233 61 57 0.028751206
890 133 16 14 0.027866853
859 490 58 52 0.027492661
750 241 35 32 0.026771327
991 151 16 17 0.025443401
660 258 13 12 0.025119396
672 -5 98 42 0.025058882
547 221 20 18 0.024999073
705 277 39 50 0.024295617
666 154 18 17 0.024257474
222 345 161 145 0.024189658
51 206 16 15 0.024067398
903 200 21 22 0.023510488
664 124 18 18 0.023065763
745 172 9 9 0.022987131
688 277 42 47 0.022731232
766 133 16 18 0.022687916
574 17 147 122 0.022475375
442 181 35 34 0.021990133
891 138 10 8 0.021901896
625 224 15 13 0.021560065
180 174 16 15 0.021537198
458 152 14 16 0.021308258
160 352 103 85 0.021292284
615 267 29 26 0.021123102
862 22 125 114 0.020891184
577 41 76 74 0.020645613
