50_Celebration_Or_Party_birthdayparty_50_374
20
729 311 72 77 0.7855003
428 328 67 78 0.7391086
262 322 70 77 0.69968843
583 282 85 93 0.6307911
130 353 85 80 0.55714476
889 143 55 66 0.42918694
840 132 39 41 0.40776235
709 299 106 107 0.33012724
600 302 52 65 0.3073055
904 141 39 45 0.08524067
879 161 35 39 0.059815556
868 132 111 107 0.047151443
645 246 38 37 0.02813412
893 508 37 32 0.028074522
275 49 50 50 0.025888337
287 334 56 64 0.024970409
559 256 22 24 0.023427406
396 308 113 122 0.021749653
982 118 30 40 0.02118502
379 544 134 122 0.020185452
