50_Celebration_Or_Party_birthdayparty_50_396
20
718 811 92 142 0.7816347
157 811 171 251 0.73610735
767 1042 67 100 0.5829013
750 1010 100 151 0.5459003
192 121 128 181 0.50371516
79 951 27 52 0.29396546
144 849 121 178 0.13031109
703 781 138 234 0.09529366
0 773 19 56 0.065354414
715 77 113 128 0.051038824
730 840 36 91 0.047397926
671 105 74 107 0.04372916
160 29 205 336 0.0404262
0 923 18 45 0.030520333
271 886 130 148 0.02763803
139 851 34 61 0.025356216
306 873 66 121 0.024719097
428 947 39 78 0.02293248
331 920 98 140 0.022237757
450 -15 525 999 0.020710493
