50_Celebration_Or_Party_houseparty_50_326
18
66 307 109 142 0.8289553
355 307 44 63 0.7378434
827 325 106 149 0.6847033
77 317 61 118 0.16088074
844 347 61 99 0.08808009
86 685 23 29 0.06750407
107 336 43 76 0.06687996
833 380 45 61 0.05413549
721 770 151 199 0.052836057
880 376 33 63 0.046904694
785 350 98 125 0.034539413
873 352 47 86 0.02932289
700 906 114 139 0.02623705
342 305 68 87 0.024075832
936 825 79 124 0.023017334
425 382 47 62 0.021973593
816 273 108 133 0.021465614
806 243 155 194 0.020039842
