50_Celebration_Or_Party_houseparty_50_17
46
724 353 68 88 0.77151346
355 152 51 78 0.7584517
647 138 50 67 0.7582248
505 387 50 76 0.75345767
198 397 70 90 0.7124635
470 100 57 77 0.6917972
225 59 61 85 0.6714496
39 401 75 112 0.6637414
924 397 78 94 0.64910865
814 101 47 76 0.6385121
384 384 69 99 0.6315076
218 41 90 114 0.32788494
343 136 73 111 0.32625714
124 703 27 39 0.20242319
782 62 104 155 0.18061912
188 363 95 143 0.17536913
389 410 54 62 0.1646116
27 530 50 66 0.15784666
650 113 56 120 0.13003412
433 71 137 153 0.10257444
16 79 13 21 0.0992186
312 127 133 154 0.07713762
509 403 38 47 0.07293073
171 101 24 32 0.06706839
250 0 36 39 0.058991738
18 72 13 21 0.051549785
927 415 41 56 0.040703334
209 66 50 70 0.039930794
734 378 50 52 0.03808888
259 295 102 167 0.029585406
491 344 124 168 0.028349582
319 157 78 106 0.02636114
218 176 201 252 0.025647305
447 131 13 22 0.025026603
816 127 35 46 0.024986204
24 418 56 92 0.024976848
443 666 466 457 0.024412606
741 246 93 127 0.023881624
10 392 138 175 0.023430407
902 483 152 185 0.021386236
481 127 39 43 0.02128602
108 184 97 126 0.020983046
324 14 35 29 0.020625742
137 223 41 73 0.02060246
7 50 22 36 0.020331103
277 296 59 108 0.020222772
