50_Celebration_Or_Party_birthdayparty_50_283
41
244 377 58 62 0.74251485
653 168 41 48 0.7392398
17 470 69 94 0.73690355
808 174 44 49 0.7252427
594 313 37 38 0.7132017
765 335 43 45 0.6913307
882 294 34 39 0.6699794
125 463 58 70 0.58158904
362 356 39 45 0.5426267
437 275 30 32 0.5156821
352 345 61 68 0.5012754
466 356 30 36 0.43371972
161 120 68 69 0.3393351
752 473 89 76 0.3150835
459 337 27 32 0.30656433
453 313 30 35 0.29732558
604 321 16 21 0.26948726
467 193 24 22 0.15721089
127 540 29 31 0.1286728
139 471 25 41 0.118346974
725 289 35 47 0.10155123
101 448 79 108 0.098025784
125 530 48 52 0.09645031
682 406 21 21 0.08662998
872 425 55 64 0.07596828
443 338 54 65 0.065020874
443 282 14 19 0.053965576
482 223 22 26 0.050561316
144 477 46 44 0.030377947
116 247 49 48 0.029875226
763 500 56 52 0.029620292
177 150 43 52 0.028725078
660 172 26 35 0.028532162
886 417 73 68 0.028358338
645 149 42 49 0.025772277
442 275 20 23 0.02512691
935 71 13 13 0.02390123
735 298 26 25 0.023226768
172 342 153 147 0.022808619
464 324 6 7 0.022069106
293 242 19 19 0.020890843
