50_Celebration_Or_Party_houseparty_50_173
26
711 300 22 24 0.67544955
762 233 34 30 0.65739805
407 271 31 30 0.64869076
323 423 27 25 0.5262416
249 222 27 19 0.24973798
314 417 50 48 0.16267075
336 621 102 63 0.11925621
322 437 19 22 0.08099731
986 407 17 18 0.078338385
173 421 17 14 0.060414832
330 431 9 12 0.059249148
578 157 57 66 0.049357712
578 172 35 30 0.048958313
405 283 23 24 0.043040354
533 409 33 28 0.035308376
504 255 23 27 0.031706687
459 256 18 19 0.028437123
306 445 19 20 0.028282154
669 389 69 65 0.02817791
1003 222 20 28 0.028175406
311 421 25 26 0.026342282
743 324 19 14 0.026076412
717 308 7 9 0.023348182
855 294 19 18 0.021692147
389 172 190 154 0.020383278
439 263 19 19 0.020351287
