16_Award_Ceremony_Awards_Ceremony_16_231
38
557 103 118 153 0.815355
37 149 40 42 0.7447376
430 154 119 144 0.74444044
136 147 49 59 0.6979683
707 127 32 40 0.6631428
788 137 24 29 0.57647824
287 128 30 34 0.44052178
927 137 18 18 0.3308846
901 158 22 23 0.32631758
906 154 26 29 0.1296876
85 123 33 35 0.119032085
478 165 113 124 0.110944174
792 140 32 33 0.09626224
2 584 33 33 0.08544461
83 134 42 42 0.08030623
113 112 88 95 0.07894088
83 112 20 23 0.07812421
420 647 15 16 0.07088152
404 163 39 47 0.068032406
97 143 48 57 0.06722358
747 206 35 39 0.06240105
417 89 198 222 0.054922696
142 136 40 48 0.052090574
763 213 19 25 0.046782807
799 144 15 25 0.04531092
736 159 22 26 0.04248259
100 81 145 131 0.039077565
1007 175 13 21 0.035943482
5 606 22 30 0.030074246
161 128 54 64 0.029395858
302 162 49 50 0.027149716
745 169 26 31 0.026211157
11 128 47 57 0.024309602
594 92 139 162 0.02280203
381 644 23 23 0.022699375
891 138 55 64 0.022333609
731 166 92 95 0.021467164
1001 140 19 27 0.020815654
