16_Award_Ceremony_Awards_Ceremony_16_569
56
558 148 142 168 0.8457166
807 71 176 240 0.7838064
440 7 77 78 0.7599045
89 30 63 69 0.74377483
182 35 49 62 0.6811399
262 16 70 87 0.655836
347 68 50 55 0.47176775
152 96 39 43 0.46467763
-5 41 43 46 0.4365537
74 5 100 116 0.41448575
234 57 48 49 0.29834524
38 77 18 22 0.2681113
239 -2 114 123 0.24653092
9 53 29 40 0.22556917
162 102 24 31 0.22422081
226 50 47 39 0.19105119
500 532 282 286 0.12805311
259 45 33 40 0.12790616
102 49 45 42 0.11499203
285 10 63 61 0.095089875
3 76 16 18 0.07374192
464 17 65 58 0.06702153
495 375 54 55 0.057186157
232 88 42 47 0.05580157
253 98 11 12 0.055097897
762 62 132 175 0.053559188
228 23 78 75 0.050902564
197 34 50 57 0.04896011
383 725 29 26 0.04653873
3 33 26 37 0.04574275
567 228 125 99 0.043895118
733 -4 253 267 0.04387277
373 5 30 32 0.042995747
219 160 202 185 0.04091498
241 89 20 21 0.035867706
512 2 27 26 0.035188206
503 1 41 46 0.033063255
139 294 22 23 0.030945588
444 660 26 29 0.030370006
820 111 106 175 0.030038299
545 85 204 202 0.029162148
202 108 200 181 0.028759621
251 200 135 133 0.028626615
250 18 52 61 0.028561035
213 272 38 38 0.027342249
392 727 16 16 0.026616922
829 144 85 82 0.025585286
369 7 24 22 0.025133014
1005 22 22 24 0.023749793
49 30 66 68 0.023342399
631 535 177 179 0.022068098
953 0 31 23 0.021557964
428 20 51 54 0.021363307
419 303 164 149 0.02092711
192 31 33 40 0.02078046
668 582 104 105 0.020305658
