16_Award_Ceremony_Awards_Ceremony_16_25
35
840 134 44 47 0.79965895
433 122 40 40 0.77152896
218 117 51 49 0.75708586
649 141 40 41 0.7546624
334 150 44 41 0.74548453
739 152 45 42 0.7446268
143 99 51 48 0.7404527
501 97 36 40 0.7031904
62 108 41 39 0.68907416
555 108 52 45 0.63420993
722 134 78 78 0.48956951
541 93 80 73 0.48445797
508 102 22 29 0.470931
852 345 39 34 0.442668
924 149 48 54 0.36600247
918 349 46 42 0.35629362
629 126 81 70 0.34916332
128 92 82 65 0.27068013
416 109 75 66 0.23340642
522 103 54 45 0.21127896
922 357 30 27 0.19377545
199 113 92 66 0.122195445
564 120 32 29 0.11228876
904 136 99 91 0.0829858
855 145 16 20 0.07939896
663 316 14 12 0.07581007
312 151 79 58 0.042511567
337 134 42 32 0.036531873
328 158 42 43 0.036329176
657 311 26 18 0.029692085
503 230 69 63 0.02802493
543 499 174 126 0.022912754
864 325 40 39 0.020926071
685 552 149 113 0.020544358
713 112 119 104 0.020307459
