16_Award_Ceremony_Awards_Ceremony_16_495
19
390 167 197 292 0.6775389
14 5 19 37 0.1247143
51 4 35 49 0.08392502
474 197 123 241 0.07929794
914 525 14 29 0.07002794
4 451 28 54 0.06036683
395 234 78 170 0.055786133
11 446 16 40 0.05271984
-1 185 12 26 0.040730346
117 461 11 19 0.039318334
506 136 175 315 0.03455219
15 635 13 29 0.03308507
-2 530 17 36 0.028071718
290 121 205 344 0.024543252
768 1328 6 14 0.023295417
744 978 69 114 0.022624617
398 617 172 323 0.022556592
13 642 13 30 0.021004537
82 302 10 21 0.020107897
