16_Award_Ceremony_Awards_Ceremony_16_141
52
182 279 45 42 0.7107256
198 288 13 22 0.5861767
84 258 55 55 0.5837714
137 265 45 43 0.54623175
-10 227 64 65 0.5375979
378 237 70 54 0.4558602
125 255 66 64 0.45244524
448 266 37 32 0.4395456
364 221 99 88 0.42586246
629 321 35 31 0.3918064
344 250 54 47 0.3771462
20 251 58 59 0.28860745
604 321 19 17 0.2739402
562 313 18 19 0.27236852
511 301 12 12 0.21121259
284 58 36 56 0.19511423
617 322 25 22 0.18355417
35 291 29 34 0.16869646
465 288 30 35 0.13493368
626 421 31 27 0.13260937
658 434 17 16 0.12516905
645 333 7 10 0.117408626
530 439 18 18 0.09169789
638 424 16 14 0.08686655
472 444 28 29 0.082555786
447 291 19 17 0.0811957
218 425 24 23 0.07955954
207 414 39 45 0.077378295
502 387 29 30 0.07312164
556 309 12 10 0.07065912
562 311 31 27 0.06967107
537 437 21 20 0.06399853
410 284 32 31 0.06270862
66 253 105 82 0.06213607
596 438 12 14 0.06044257
494 300 12 10 0.053135056
16 236 52 48 0.05290236
397 458 40 46 0.049659044
554 439 24 21 0.045171794
593 443 11 10 0.044912495
278 76 45 52 0.04449239
535 304 20 22 0.040226832
4 248 51 50 0.036782514
143 272 57 47 0.031292506
620 434 16 16 0.031073445
81 278 39 40 0.030474305
476 274 27 20 0.030068174
-12 206 77 68 0.026880879
407 251 87 70 0.025374902
269 213 135 119 0.024532413
1 235 28 37 0.022603724
46 315 13 13 0.02101023
