16_Award_Ceremony_Awards_Ceremony_16_338
24
364 144 251 399 0.7956052
983 179 33 80 0.12053576
828 1088 44 82 0.09291141
814 1052 70 176 0.083689414
427 183 150 327 0.07537183
666 808 108 225 0.07520221
874 203 134 285 0.06301046
832 102 219 436 0.037204277
1 -46 329 646 0.03548669
898 1352 157 306 0.03475773
944 1481 62 157 0.034050353
345 121 352 573 0.031600527
854 176 103 224 0.030499132
834 236 74 166 0.029019138
717 854 79 140 0.02542638
712 521 98 200 0.0249386
387 1371 194 378 0.02416503
731 595 95 161 0.023308603
731 102 88 201 0.023097236
698 819 119 264 0.02265238
571 1311 261 499 0.022291785
765 692 53 91 0.021904191
632 59 220 397 0.020493126
643 779 156 340 0.020283641
