21_Festival_Festival_21_290
39
471 296 56 85 0.77313346
305 227 60 107 0.7522684
816 306 59 99 0.623631
92 199 96 140 0.6193986
563 280 52 83 0.5405339
571 301 38 55 0.29814368
991 260 16 32 0.17338993
689 308 29 45 0.14990127
466 262 98 154 0.12913327
541 258 81 123 0.11681065
2 86 269 341 0.11120264
927 316 68 128 0.059122443
973 321 29 63 0.052353125
18 125 169 264 0.051290825
538 291 54 81 0.049289595
741 763 71 95 0.04577621
305 258 42 62 0.04342357
695 319 18 27 0.039376292
839 766 29 47 0.03784717
904 874 25 37 0.037250314
385 282 33 50 0.03701951
383 324 33 54 0.036780413
111 153 97 165 0.036606032
874 886 29 38 0.034307927
884 871 33 41 0.033474516
916 341 42 74 0.031911343
439 204 23 34 0.031014187
416 178 29 36 0.029872729
780 448 34 51 0.02942326
817 331 40 85 0.026052797
119 237 71 112 0.026029864
-11 388 77 101 0.025856344
366 947 128 175 0.025410468
420 184 27 49 0.02513484
907 336 71 91 0.02373962
432 191 21 38 0.023230016
877 894 20 25 0.022487478
704 732 108 148 0.021577735
999 881 33 62 0.020007288
