21_Festival_Festival_21_107
21
173 212 76 100 0.19423525
617 239 19 20 0.09695664
224 127 23 21 0.09371795
168 279 66 55 0.07663007
146 141 14 15 0.061442733
149 141 19 18 0.051014386
132 124 47 36 0.0496989
222 197 30 35 0.03478518
155 135 15 14 0.034721278
628 264 29 26 0.03254595
471 233 68 62 0.027624635
88 466 64 61 0.027593208
311 128 13 11 0.027026
302 132 10 7 0.026673315
46 563 15 13 0.02619632
656 75 103 107 0.02619196
169 132 13 13 0.023040162
840 260 25 25 0.02137506
177 257 59 48 0.02096516
29 120 24 26 0.020463098
334 125 12 10 0.0201458
