21_Festival_Festival_21_414
28
417 347 25 28 0.23743373
278 340 43 43 0.19421272
372 250 33 35 0.16239862
588 329 65 75 0.11203322
124 296 19 19 0.089540884
257 291 44 47 0.08842904
282 288 44 48 0.08350744
527 345 53 52 0.07380231
257 329 56 60 0.06827283
781 342 18 21 0.056847796
588 351 80 107 0.05101091
324 45 26 20 0.047880895
450 348 22 24 0.043134924
668 244 23 24 0.034844883
421 359 16 17 0.03346346
302 573 162 95 0.03229922
162 252 14 13 0.03229305
9 295 42 36 0.031902943
661 364 78 88 0.030889021
432 605 65 72 0.02844541
667 329 62 63 0.027984785
24 303 17 17 0.026408473
788 619 96 84 0.026242923
117 257 15 15 0.026230112
940 386 78 68 0.025173154
509 369 54 65 0.023391524
465 387 32 36 0.023121621
129 292 13 14 0.020623965
