21_Festival_Festival_21_331
55
146 409 99 97 0.81346786
741 221 67 71 0.7468888
60 367 39 43 0.740649
342 286 64 66 0.7055301
137 318 35 36 0.6101263
159 280 24 26 0.6086785
872 234 40 45 0.590242
-4 300 25 35 0.5190097
990 272 29 38 0.48321468
248 270 46 43 0.47446755
654 272 52 52 0.4638161
71 376 17 24 0.46190858
227 273 39 38 0.44528446
361 302 27 37 0.39982057
620 326 21 24 0.39311004
520 295 27 30 0.38368133
294 389 42 49 0.3372738
123 389 146 141 0.3054824
117 302 26 26 0.26866788
695 252 35 36 0.20432265
455 258 25 25 0.15062787
239 282 21 24 0.13094941
692 293 44 40 0.11747227
108 428 65 63 0.11026266
484 284 15 14 0.09995518
720 294 34 38 0.09856221
174 423 56 75 0.0974289
747 231 37 46 0.09627976
465 268 9 8 0.09304258
495 298 17 17 0.08721166
622 301 38 41 0.0623105
479 288 15 19 0.061835237
-24 1 154 165 0.060391977
837 229 39 45 0.058643084
332 276 29 37 0.055298943
692 271 35 36 0.053152595
628 302 25 26 0.052889615
269 279 20 24 0.04346986
686 292 30 30 0.041552633
471 329 20 23 0.039805576
559 260 18 20 0.036147412
173 569 71 87 0.03481404
466 274 8 9 0.034663502
713 263 16 16 0.032420315
901 276 18 24 0.030476829
873 220 58 71 0.027179059
702 320 25 28 0.026835587
920 270 19 19 0.026212374
847 283 34 41 0.025078518
333 265 39 44 0.023626713
624 279 53 54 0.02353741
165 393 66 73 0.022887025
859 197 91 92 0.022127282
627 272 27 32 0.021506656
192 420 59 77 0.020684157
