21_Festival_Festival_21_193
57
193 437 46 45 0.43516478
622 440 34 31 0.30278865
28 494 47 54 0.20801497
375 452 32 33 0.18610051
243 480 60 53 0.17314227
227 414 21 18 0.15051092
375 412 19 17 0.14592034
337 414 10 10 0.115063846
950 503 64 102 0.11345006
655 433 27 23 0.10006344
338 447 29 31 0.07544967
713 464 19 19 0.065446906
319 403 19 15 0.06492286
166 399 12 10 0.061678458
538 417 10 10 0.058615744
376 408 14 15 0.057990827
395 463 24 26 0.05482337
66 502 34 38 0.05446697
582 491 41 41 0.05155653
32 409 26 25 0.051127862
73 321 31 21 0.05034732
265 391 9 9 0.04775586
681 477 34 36 0.0464876
539 402 18 17 0.046441283
961 441 24 22 0.045713037
818 439 20 17 0.044487678
960 325 20 17 0.043611877
820 442 27 25 0.04356693
238 403 15 14 0.04292311
179 398 16 15 0.042375945
675 448 22 21 0.04226048
44 422 23 23 0.042005852
32 480 54 55 0.04155942
119 56 22 21 0.03967217
781 567 123 107 0.03879107
269 147 19 17 0.038061872
465 405 20 17 0.03669972
315 389 9 10 0.035651132
40 349 24 18 0.034034725
29 167 14 14 0.03374173
123 321 15 11 0.03327777
526 493 41 42 0.032837056
452 478 30 34 0.029196015
887 454 38 32 0.029044779
642 413 15 17 0.02845812
372 454 17 15 0.028290333
459 446 27 28 0.02705406
694 486 18 19 0.026959296
17 441 24 31 0.02574124
964 493 51 73 0.025298832
625 410 15 15 0.024505984
950 417 19 16 0.02360336
199 451 32 31 0.022789592
705 569 76 78 0.022254571
677 412 11 11 0.021917092
60 528 40 40 0.021610271
287 625 102 86 0.02084086
