21_Festival_Festival_21_22
125
200 498 46 36 0.5521196
344 449 16 13 0.3272986
180 477 92 80 0.25235605
303 480 26 22 0.21927695
331 447 28 27 0.15445012
256 550 40 26 0.13714714
669 392 14 11 0.13638589
310 488 20 17 0.13261051
178 476 28 23 0.12736143
300 528 44 31 0.123814195
427 504 33 26 0.11794687
398 429 22 17 0.11628939
303 489 30 23 0.11544572
410 434 14 12 0.11244402
787 357 14 11 0.10270085
174 465 29 24 0.10172344
0 231 13 11 0.09978067
557 371 8 7 0.08981985
564 458 16 13 0.085721806
220 397 20 17 0.08567008
185 490 50 44 0.08338851
561 270 15 9 0.07990733
553 455 27 22 0.079284556
811 373 16 12 0.07609465
523 353 13 10 0.074083686
527 348 17 14 0.07338821
519 408 15 13 0.072679535
424 479 19 14 0.07163351
974 411 14 11 0.071592465
230 460 25 21 0.07022384
155 278 16 11 0.064134516
133 310 14 10 0.063620776
967 510 23 21 0.062344372
810 297 12 9 0.061583966
887 515 20 20 0.061341412
390 534 39 31 0.05926886
413 469 24 23 0.058326222
-17 497 163 125 0.0580637
235 372 28 19 0.05722728
803 556 36 23 0.056343567
726 186 21 19 0.05481342
708 187 22 16 0.054731727
545 372 20 15 0.05361922
604 371 7 6 0.05293036
408 270 16 10 0.052871995
999 498 15 15 0.052191593
271 433 15 14 0.05119852
446 273 14 9 0.050793253
433 510 18 15 0.05074725
880 526 22 20 0.050600644
622 197 15 11 0.04914542
251 271 19 14 0.04869953
245 420 28 22 0.048643626
232 269 23 18 0.048390716
158 300 14 11 0.04793292
887 374 18 15 0.047397874
0 381 23 28 0.04697002
36 342 130 86 0.046677224
427 295 8 7 0.04665618
164 298 11 9 0.0463852
588 472 28 27 0.045713983
440 476 20 15 0.045513034
782 354 13 10 0.045108296
971 535 33 26 0.044123933
101 368 31 28 0.04411228
299 371 5 4 0.043869864
196 274 14 11 0.043502927
263 375 12 8 0.04193829
522 271 9 6 0.040678445
298 395 14 10 0.038811453
482 468 28 20 0.038364515
335 438 27 24 0.038208596
747 126 34 25 0.038062796
991 504 31 28 0.037183788
825 374 16 14 0.03635243
394 268 19 14 0.035901923
311 530 22 18 0.035673276
464 467 20 18 0.03536426
678 379 23 19 0.034862727
194 424 21 19 0.034209806
78 404 30 26 0.033849735
972 416 17 14 0.033668436
270 555 22 17 0.0326856
76 353 82 63 0.032304
887 460 21 16 0.031959727
904 540 33 23 0.030427702
919 401 12 8 0.029962556
350 410 15 13 0.029092953
788 455 10 10 0.028842805
203 503 27 26 0.028751193
900 341 18 13 0.028718973
407 502 31 29 0.028428098
166 342 19 17 0.027314736
570 485 86 70 0.02729401
353 382 11 7 0.027110035
982 502 20 21 0.027000176
227 466 23 19 0.02683624
183 379 34 29 0.02633978
40 277 12 8 0.026240602
126 292 9 7 0.025828535
828 341 16 13 0.0251713
840 272 20 13 0.025165772
482 424 18 16 0.024974843
412 293 17 15 0.024672521
459 485 126 90 0.024646118
713 190 14 11 0.024551427
144 474 162 104 0.02450807
852 376 10 8 0.02443087
986 442 11 11 0.023956103
530 413 20 14 0.023380645
834 511 29 24 0.02272906
41 314 22 13 0.02257552
252 377 15 13 0.022314146
959 503 18 15 0.02203878
607 371 17 13 0.021985473
986 540 17 14 0.021844145
7 287 12 10 0.02165537
174 275 12 9 0.020956539
997 162 21 23 0.020927953
747 545 48 28 0.020914303
51 295 61 59 0.020878688
881 293 17 10 0.020745056
219 255 56 53 0.020385839
749 563 20 15 0.020205602
600 343 18 12 0.02018616
