21_Festival_Festival_21_585
50
117 331 31 32 0.6469207
41 343 46 41 0.5226732
198 317 17 20 0.32193014
192 325 20 23 0.3029611
111 282 25 20 0.29640448
374 381 26 26 0.24442457
302 322 29 25 0.22073941
252 331 28 25 0.2153235
19 306 10 8 0.20635828
6 350 22 23 0.17946601
101 286 19 16 0.13118193
254 305 22 21 0.12960452
27 265 8 7 0.102062955
25 240 7 6 0.097170286
57 262 14 11 0.08885852
30 351 22 22 0.083524935
45 288 19 14 0.08047279
9 340 15 14 0.069245726
75 291 13 10 0.06753701
24 293 19 18 0.06698516
246 294 17 17 0.063411616
257 337 17 17 0.060731485
402 68 33 29 0.058846995
629 417 26 35 0.048855796
-4 391 19 26 0.04820668
98 260 14 13 0.04388492
6 289 10 10 0.042324804
220 290 13 12 0.041001856
114 535 122 96 0.0399804
305 290 30 26 0.03813217
98 246 12 9 0.03441782
514 147 42 43 0.030975008
111 241 8 7 0.030350422
90 427 95 79 0.030237732
127 302 18 18 0.029412912
389 65 25 23 0.028226586
215 423 33 23 0.028104471
60 237 10 10 0.027279012
368 372 42 43 0.026919149
193 246 15 10 0.025431918
397 324 41 32 0.024641871
240 390 20 22 0.023641137
455 140 29 26 0.02289553
973 268 10 9 0.022821657
39 491 93 91 0.022810861
120 438 67 55 0.022706134
294 243 12 12 0.022664309
303 530 15 11 0.022569647
965 257 20 19 0.02211746
200 451 24 25 0.020029796
