21_Festival_Festival_21_797
50
654 125 79 145 0.7639209
321 310 39 75 0.6505606
427 204 35 76 0.6490217
505 248 45 87 0.64666
104 328 38 74 0.633047
841 153 30 67 0.62130374
92 233 36 74 0.5433437
176 264 31 68 0.53116393
767 248 60 110 0.39829162
796 266 49 86 0.31599942
292 223 47 95 0.30491358
40 170 28 62 0.26898387
300 262 31 59 0.17144503
84 297 75 138 0.15625283
160 97 32 69 0.13695799
921 168 18 36 0.11718476
166 65 38 61 0.11527354
960 161 16 37 0.10858782
793 284 60 101 0.106177375
95 243 22 47 0.09205588
512 266 29 56 0.0913318
262 309 28 57 0.071623586
463 127 24 44 0.07000895
752 192 92 194 0.06475723
688 140 52 123 0.0594883
320 167 32 61 0.05948668
45 271 26 60 0.057898186
928 167 10 22 0.05539938
368 200 30 63 0.049980752
264 255 30 65 0.044166815
438 135 43 98 0.03858444
296 223 31 61 0.037087165
113 146 28 52 0.03637954
148 313 19 47 0.03518962
913 31 14 27 0.033913497
138 435 24 56 0.032219116
765 137 37 86 0.031461153
378 168 32 63 0.030973375
184 78 19 41 0.02976013
336 199 35 63 0.028184878
99 349 48 71 0.027605185
927 201 21 45 0.026373517
67 273 71 130 0.024270156
289 273 65 131 0.023060478
851 175 11 24 0.022340517
398 149 51 86 0.021558551
295 312 31 54 0.02130853
669 138 42 95 0.020580158
403 198 45 86 0.020378912
952 201 25 55 0.020240005
