21_Festival_Festival_21_373
57
73 185 45 46 0.7671099
396 242 25 25 0.6102675
591 264 32 30 0.47550613
397 204 22 21 0.4594494
854 219 22 23 0.4344953
938 171 12 11 0.35437018
807 247 21 20 0.3398449
875 181 14 15 0.33880344
488 249 22 22 0.26623708
842 218 24 20 0.24998122
937 164 16 14 0.22904225
1006 127 21 25 0.21916042
552 226 11 11 0.18283738
680 222 11 9 0.17765716
827 178 13 13 0.14663225
540 214 16 16 0.14135091
642 221 11 10 0.1398085
738 187 15 13 0.13885604
680 212 15 13 0.13481176
802 219 28 32 0.103182726
797 191 6 4 0.092804454
43 194 23 23 0.091294825
440 202 11 12 0.08768251
656 438 16 13 0.0834981
387 178 15 12 0.07176475
404 210 8 10 0.06781425
587 256 47 48 0.06584022
648 212 6 6 0.060962323
601 213 10 9 0.056544304
449 201 12 12 0.053670995
950 169 14 18 0.053163476
563 189 11 10 0.052598525
623 212 14 16 0.05163708
458 184 13 12 0.04880626
558 188 10 10 0.04590111
715 188 13 12 0.045575146
768 201 14 12 0.044520628
542 251 14 16 0.043316886
383 229 50 50 0.04238025
1 184 19 24 0.039838694
476 186 11 10 0.038537845
845 182 3 2 0.036045592
4 194 6 5 0.031124556
785 204 10 8 0.03058728
557 247 17 15 0.030272156
973 640 6 6 0.03011074
703 198 8 8 0.03007867
676 208 7 6 0.029223926
555 199 15 14 0.027197579
-31 536 120 106 0.026930673
926 154 36 33 0.02522773
389 178 9 8 0.024896342
323 344 73 71 0.024091713
846 204 8 10 0.023685766
965 163 12 16 0.022957506
968 636 13 12 0.021292329
803 638 66 56 0.020734364
