21_Festival_Festival_21_562
19
611 127 50 49 0.77734065
404 272 28 26 0.459622
171 162 47 43 0.43218905
354 280 32 35 0.30867732
360 286 24 20 0.22752458
47 239 25 27 0.12479256
349 288 24 21 0.11659395
477 264 23 20 0.093875796
404 283 28 22 0.091147155
472 264 39 34 0.06047188
746 381 26 28 0.056261316
997 334 26 43 0.050547943
467 234 48 41 0.036438987
664 171 23 20 0.035659865
739 374 44 43 0.03546149
983 200 34 40 0.027093828
339 276 45 48 0.025880441
728 363 63 44 0.023508282
986 324 43 53 0.023174487
