21_Festival_Festival_21_830
24
451 117 348 526 0.7458729
3 499 51 78 0.4123459
15 513 29 49 0.36032283
815 493 72 107 0.2872431
963 485 47 74 0.20465559
952 509 42 47 0.094459005
123 555 23 34 0.049475282
28 514 27 51 0.04818078
184 148 85 121 0.042054858
171 492 47 64 0.041144818
761 368 215 269 0.038040865
581 298 282 330 0.036992397
941 533 49 86 0.035501845
94 553 15 24 0.034986086
120 720 310 423 0.029564751
30 278 133 216 0.028234852
912 491 59 86 0.027530273
738 -6 34 44 0.025747446
895 479 43 57 0.025580594
916 426 125 191 0.025579888
824 495 47 68 0.025081731
822 445 89 162 0.02310362
308 632 130 179 0.022046449
347 541 167 244 0.020213462
