21_Festival_Festival_21_225
23
660 212 56 57 0.78825027
626 474 49 49 0.7769607
840 309 61 57 0.7659826
750 285 50 54 0.7635242
378 443 58 59 0.7495493
393 452 29 44 0.5874322
764 297 17 32 0.36764967
958 230 19 22 0.3265722
508 209 70 80 0.19327629
626 459 68 81 0.045146536
519 399 155 147 0.035042644
457 165 164 151 0.032970507
823 283 11 12 0.03002277
255 680 24 23 0.028031679
225 658 84 67 0.025968513
431 344 40 49 0.024621084
817 282 26 27 0.023924224
637 199 102 96 0.02306383
823 293 57 60 0.021426288
882 322 38 40 0.02141405
442 667 15 16 0.021194369
540 663 115 112 0.020839201
715 605 88 95 0.020253627
