21_Festival_Festival_21_210
25
381 166 83 98 0.7620462
227 389 24 24 0.6480827
738 179 108 114 0.6429403
8 369 34 32 0.5198593
121 379 27 26 0.504972
186 158 27 25 0.3978339
112 142 30 27 0.3175746
14 375 33 35 0.29863733
759 201 70 87 0.2806426
73 398 18 16 0.24940093
693 144 208 186 0.18189575
192 164 17 17 0.09295736
39 139 32 30 0.08868555
163 385 24 20 0.084229454
284 253 23 27 0.083996505
363 142 127 141 0.07523434
275 256 27 29 0.0727958
100 387 19 22 0.054955058
149 387 22 19 0.045073453
760 220 47 54 0.04094224
124 373 20 24 0.035616323
721 204 151 133 0.03283099
189 159 16 17 0.024590055
538 379 50 38 0.024360329
558 382 29 26 0.020173581
