21_Festival_Festival_21_664
20
618 267 261 368 0.80333114
212 197 252 376 0.58097655
452 554 75 99 0.2637616
475 570 37 67 0.2418856
609 363 68 142 0.17200856
532 211 271 448 0.08489976
308 235 201 338 0.05216529
830 286 150 245 0.051247463
374 245 139 230 0.045345895
0 840 95 247 0.03626204
213 -114 213 356 0.035071924
-4 873 59 163 0.03347915
449 287 48 102 0.032838125
268 -9 103 192 0.031562477
434 517 81 124 0.028169595
502 554 119 138 0.027613768
616 397 42 101 0.02559112
601 95 424 729 0.024954753
868 360 76 147 0.023163367
-70 452 307 556 0.020061651
