21_Festival_Festival_21_275
54
239 274 50 48 0.64829254
965 326 19 21 0.43673807
994 346 18 16 0.41041055
-2 189 58 89 0.38812342
968 332 13 12 0.30880338
987 342 15 17 0.225615
303 333 31 29 0.21672517
679 228 20 17 0.16641891
320 287 55 47 0.1653507
704 337 15 13 0.16093785
561 340 25 23 0.1488158
522 314 26 27 0.14783248
748 339 11 10 0.147056
621 337 19 18 0.1348107
744 340 9 8 0.12855975
922 348 10 9 0.11710639
122 334 32 37 0.10374131
633 340 10 10 0.084695786
701 104 18 15 0.08105163
569 347 15 13 0.074569814
453 311 30 29 0.074536
713 340 7 6 0.072776526
686 103 14 14 0.06740071
-26 189 140 120 0.06530424
967 343 9 8 0.06478454
527 322 16 16 0.063546024
459 338 28 24 0.054100588
310 339 19 17 0.050978284
902 344 8 10 0.05072093
146 283 43 42 0.049623463
738 101 12 9 0.04953753
624 306 15 14 0.04763295
133 334 39 37 0.042985298
392 135 19 17 0.041671284
889 349 5 4 0.03990958
787 97 10 9 0.038558245
625 298 15 14 0.038138863
864 350 3 3 0.035833955
842 345 8 8 0.035113435
389 138 22 23 0.03264196
669 104 13 11 0.032505017
825 352 5 5 0.031145921
379 294 35 40 0.028987171
701 322 12 12 0.028702805
261 209 85 83 0.02786627
729 0 100 86 0.027698426
536 374 115 91 0.02753083
89 -4 40 24 0.02708092
642 106 12 10 0.025606763
45 16 111 103 0.024874266
132 343 17 15 0.024226997
141 259 61 54 0.02307949
519 267 23 22 0.022857474
16 207 46 56 0.021491624
