21_Festival_Festival_21_100
29
665 97 155 175 0.7332893
444 455 114 91 0.33470383
480 542 58 49 0.33184358
471 523 75 80 0.313176
162 155 24 25 0.25717926
496 546 35 37 0.20299739
488 463 80 68 0.12491517
85 177 30 26 0.09255447
861 542 20 23 0.08362558
102 173 20 22 0.083590984
11 243 28 27 0.07704395
999 480 22 26 0.055767816
133 328 41 46 0.033025768
473 434 111 93 0.030027512
474 527 132 105 0.028972056
147 279 23 18 0.028687209
109 322 56 49 0.02864007
848 533 39 42 0.028591838
985 474 36 42 0.02712169
870 491 39 35 0.026127193
80 171 42 39 0.02574131
328 464 131 105 0.025062079
305 72 110 112 0.022958785
123 333 35 32 0.022106871
90 255 35 28 0.021198757
231 344 61 80 0.021068504
22 234 37 38 0.020864816
712 205 56 42 0.020307498
821 520 68 67 0.02024131
