21_Festival_Festival_21_140
21
524 494 32 55 0.40263474
1002 508 19 49 0.31414363
440 463 15 32 0.119325794
437 484 19 37 0.10637588
95 582 29 51 0.09794683
441 454 19 36 0.09174637
99 425 21 35 0.09096256
817 663 54 94 0.0855365
337 494 20 37 0.07344688
377 490 22 45 0.04118826
421 455 19 33 0.040883157
831 629 41 75 0.034540784
965 446 10 26 0.03438036
43 507 15 34 0.02869171
413 441 17 31 0.027089743
108 434 13 27 0.025473338
84 524 19 37 0.02490003
688 453 14 24 0.02384652
770 660 91 167 0.022905663
239 1260 30 41 0.02277741
242 691 21 34 0.0206758
