21_Festival_Festival_21_218
52
947 143 41 41 0.73292935
96 156 49 47 0.7040975
84 147 73 70 0.60475653
854 116 53 54 0.5760774
631 167 44 41 0.5624231
545 210 38 36 0.55297524
516 241 36 39 0.42664146
575 196 43 43 0.40377623
301 122 36 38 0.333106
317 193 31 34 0.3023632
145 189 30 31 0.24811384
435 253 25 25 0.19621162
629 152 71 65 0.19437595
146 192 22 21 0.16660397
302 302 35 34 0.13480406
4 308 24 31 0.12827712
676 194 40 38 0.11000305
521 199 71 56 0.10590268
864 127 36 39 0.10515309
977 21 52 75 0.09441335
11 314 14 16 0.08859801
560 198 32 33 0.083333805
992 39 27 53 0.070556365
189 171 33 35 0.067581974
77 190 24 27 0.0656575
408 244 19 19 0.06565016
304 133 38 43 0.060894243
199 170 84 89 0.053938624
413 247 21 18 0.051909354
537 176 82 76 0.048299484
942 152 56 42 0.04775105
309 183 51 58 0.04616275
127 -7 46 28 0.04565508
374 217 31 29 0.042763893
291 113 57 59 0.04055251
957 152 21 25 0.038949158
323 653 32 24 0.037645087
444 348 28 32 0.033324834
173 169 62 72 0.033320677
436 346 25 21 0.03172975
363 334 21 23 0.030976826
315 239 38 39 0.030804034
292 290 54 44 0.029538367
517 217 37 33 0.027315559
304 636 66 54 0.026775973
554 198 46 51 0.025815587
800 215 32 31 0.025503483
30 519 55 71 0.02547767
110 120 185 220 0.023880508
23 37 49 54 0.023178294
204 156 53 64 0.022713782
687 194 26 24 0.021746598
