21_Festival_Festival_21_340
58
17 347 24 24 0.31713566
390 146 31 30 0.28238547
560 268 10 12 0.21888386
36 349 17 20 0.152439
533 55 18 17 0.13919857
591 258 13 9 0.138871
15 393 22 25 0.12810545
730 242 29 25 0.11527523
552 314 30 29 0.102149636
168 356 16 16 0.092350684
97 328 10 10 0.09224786
657 333 15 16 0.08685475
8 341 38 38 0.08108354
231 343 12 12 0.07981242
237 345 12 13 0.07228421
131 322 11 10 0.07125813
71 389 18 18 0.06894332
58 354 15 12 0.068921804
546 264 15 14 0.06735141
172 375 11 13 0.06193821
536 57 12 11 0.061199788
254 355 17 16 0.05240128
107 317 16 16 0.049769524
469 260 16 15 0.047557287
81 350 13 14 0.046522003
900 313 33 31 0.046071526
479 232 15 12 0.04532586
699 295 11 10 0.045282923
77 349 11 10 0.04291186
328 393 40 35 0.04290725
570 312 39 41 0.04288311
529 261 8 8 0.04205091
170 350 10 10 0.039442077
392 269 15 13 0.03811814
32 309 12 12 0.036663983
486 306 18 16 0.03620029
480 301 17 18 0.035822537
378 274 9 7 0.034108184
629 259 10 7 0.033190425
169 272 18 15 0.032157607
-6 325 70 55 0.031951465
304 256 14 10 0.03154579
702 236 15 14 0.03070001
748 257 12 12 0.030629123
565 318 22 25 0.029309439
318 260 13 11 0.028642146
651 333 29 30 0.024761282
668 256 9 7 0.024127593
665 279 7 7 0.023998927
488 262 7 6 0.023876615
489 270 9 9 0.022568522
609 275 7 7 0.021775
254 309 14 14 0.02153321
413 233 13 12 0.021169275
803 -9 165 129 0.021127084
567 265 4 4 0.021001508
777 276 13 12 0.020691508
471 233 10 10 0.020036232
