21_Festival_Festival_21_601
27
401 350 28 29 0.63358325
933 319 27 30 0.5790016
16 329 20 25 0.5598257
872 334 20 24 0.5402381
300 244 26 29 0.5140218
510 361 17 20 0.40100917
303 332 22 23 0.33063203
395 394 19 22 0.27005097
914 378 23 22 0.21639073
402 399 18 18 0.15480767
772 331 14 16 0.1367519
501 401 11 12 0.08146543
644 345 14 16 0.07480995
775 334 15 17 0.06443584
658 312 15 16 0.06305097
934 310 40 47 0.059077326
901 329 20 24 0.04543391
488 400 13 15 0.04505046
410 358 11 14 0.03583915
945 324 23 26 0.035411544
639 314 20 17 0.035226036
769 320 10 10 0.029726062
805 328 13 16 0.029306643
359 346 67 61 0.025510786
491 357 33 34 0.024881031
163 704 78 44 0.02445445
383 387 20 26 0.023952791
