21_Festival_Festival_21_513
25
509 96 74 112 0.7216306
219 123 67 90 0.546488
59 160 38 60 0.4451464
750 101 67 108 0.18952079
29 130 100 126 0.1129371
150 169 43 70 0.112214744
773 108 87 147 0.05406596
507 124 35 55 0.04351007
-8 78 146 198 0.03702274
156 174 28 51 0.036066424
436 70 20 35 0.035875935
317 120 82 106 0.035816256
23 57 21 30 0.034471825
-13 252 85 130 0.03433872
491 684 133 220 0.032276276
-38 299 131 162 0.031319823
40 149 54 90 0.03025512
367 149 25 45 0.030243447
37 161 35 59 0.027919114
803 150 51 78 0.025893476
426 595 226 360 0.025390467
17 89 25 48 0.024877135
213 115 44 88 0.023473946
587 95 37 55 0.022993991
971 196 19 33 0.020854935
