21_Festival_Festival_21_201
68
710 374 36 38 0.41344553
271 355 24 29 0.36906025
506 347 21 30 0.36803705
547 305 24 24 0.3133088
756 300 45 46 0.30833566
302 404 41 41 0.30072314
213 429 23 26 0.2551663
294 397 57 60 0.25277308
391 370 26 31 0.25030515
632 416 25 27 0.21234252
374 284 27 28 0.19943927
362 269 47 49 0.19379438
468 298 26 25 0.18442127
478 326 23 23 0.16145162
33 386 28 30 0.15707412
665 309 18 19 0.14127839
38 378 33 39 0.14011157
512 323 23 28 0.12696347
899 297 28 28 0.12454275
181 354 29 30 0.122832544
9 434 18 21 0.11571449
441 427 35 38 0.09924681
571 352 20 20 0.09765546
373 337 25 24 0.09608242
462 329 17 19 0.09498239
179 342 47 49 0.08623442
407 333 20 21 0.08539317
394 346 20 23 0.084087715
440 331 20 20 0.07585778
635 304 15 14 0.063399576
301 340 25 28 0.05964217
831 223 38 41 0.058298387
255 283 25 28 0.055750236
102 341 37 42 0.05423324
612 300 22 22 0.051570125
607 333 16 17 0.04968721
189 386 18 24 0.04572454
762 380 25 27 0.043939278
826 270 29 30 0.04389787
448 299 36 32 0.03860926
741 278 82 91 0.037788395
255 363 134 135 0.036631275
3 172 68 166 0.036510132
75 233 96 126 0.034884475
239 394 15 20 0.03469428
313 293 24 23 0.033749487
15 437 12 13 0.033463705
960 296 29 34 0.029555012
529 340 24 27 0.028979061
475 410 30 35 0.027739547
596 318 14 12 0.027266948
595 237 17 18 0.026959216
971 227 33 43 0.026282176
311 426 37 42 0.02609522
3 122 260 283 0.025683483
410 300 73 75 0.02525632
770 248 28 28 0.025041878
639 433 18 21 0.02477478
57 176 118 155 0.023834195
724 379 22 25 0.023728061
439 310 49 54 0.022888767
902 311 15 16 0.022825573
659 329 28 26 0.02224553
-9 118 127 183 0.021781527
258 366 54 51 0.021283124
343 88 207 192 0.020951306
92 392 28 30 0.020472107
323 228 25 29 0.02013862
