38_Tennis_Tennis_38_452
22
182 130 49 45 0.81487703
386 67 52 45 0.78654975
275 81 47 44 0.7854854
904 113 56 48 0.7817096
40 115 51 47 0.777358
714 80 48 47 0.7754233
605 61 55 50 0.7373545
503 57 50 47 0.67297316
797 99 58 49 0.58199435
198 142 15 23 0.5742386
818 111 17 27 0.26731527
616 66 33 34 0.09076868
599 200 62 52 0.07042506
27 120 78 57 0.06052029
621 218 19 17 0.0333913
915 257 25 25 0.026136162
381 465 28 24 0.024881778
896 247 84 59 0.024802184
857 73 137 98 0.02267977
843 188 93 76 0.022256019
952 224 59 48 0.020954499
86 219 212 160 0.02003104
