38_Tennis_Tennis_38_535
125
893 487 27 28 0.65277535
42 447 27 30 0.6450327
807 463 32 35 0.60513556
657 468 20 21 0.5717017
775 304 30 31 0.5526583
188 337 29 30 0.5429151
759 426 26 30 0.5395082
510 477 16 17 0.5351547
128 456 24 30 0.5206352
638 311 23 24 0.49901882
860 319 26 30 0.48611012
756 420 37 44 0.48161885
372 452 27 27 0.47684258
370 407 23 27 0.4734779
581 304 23 26 0.4443082
200 435 22 23 0.39234185
555 474 12 14 0.38533837
711 313 22 25 0.37762862
144 305 29 28 0.37451464
321 381 27 32 0.36693364
700 307 27 33 0.36232713
510 312 21 23 0.3509312
481 322 16 19 0.33971202
715 324 12 14 0.33127758
288 457 22 29 0.31908926
361 307 24 30 0.3157549
516 418 26 31 0.31012475
444 435 31 24 0.300738
444 443 24 22 0.29206982
409 321 22 22 0.28545454
593 432 18 20 0.27812678
704 315 29 34 0.2596622
431 454 28 29 0.2593956
467 264 21 26 0.24468608
709 416 20 23 0.23761667
239 285 15 17 0.23503058
473 322 17 21 0.21835871
413 326 15 15 0.21800451
361 514 21 25 0.21314925
293 296 17 21 0.20708084
240 318 22 26 0.19967312
241 292 21 21 0.18451071
83 494 29 33 0.17565969
592 421 19 21 0.17303751
137 412 28 30 0.1722581
447 418 18 20 0.1709819
236 322 13 17 0.14761549
148 460 15 19 0.13870299
332 437 19 24 0.1369926
344 301 35 37 0.12959185
238 312 14 18 0.12900639
461 259 20 20 0.1276461
696 416 20 20 0.12736337
443 419 15 13 0.12505712
290 289 16 15 0.11986907
483 318 17 16 0.11779688
183 282 14 16 0.11298789
377 309 19 24 0.10408041
171 283 13 15 0.10250563
148 416 15 21 0.10197056
520 464 25 30 0.099741645
521 433 10 13 0.09298384
612 416 20 21 0.08692881
871 322 19 25 0.08545761
766 425 15 17 0.08382498
442 297 19 23 0.08236906
516 321 22 24 0.079682805
311 450 18 20 0.079152025
125 281 22 27 0.06627612
512 322 18 20 0.06625921
622 319 28 26 0.06433282
177 442 19 24 0.062014315
86 498 19 23 0.061648853
197 348 16 18 0.0601058
408 316 19 19 0.05925165
467 293 13 15 0.058933157
122 417 19 17 0.057471216
647 421 10 10 0.05747013
456 275 18 17 0.057193007
663 472 9 12 0.056767683
160 299 16 20 0.05577526
249 416 21 22 0.05511748
184 410 20 22 0.05238353
155 247 15 17 0.05108909
249 435 22 26 0.049938653
116 411 20 21 0.048393097
514 480 7 10 0.047652405
868 319 30 34 0.047553424
215 429 26 30 0.04618813
448 334 16 17 0.0455836
166 453 15 15 0.04362935
748 415 29 30 0.041344833
646 536 14 16 0.04133832
438 454 15 19 0.03587302
856 311 26 28 0.035831027
308 444 16 17 0.0355818
781 309 18 22 0.03435753
187 313 12 13 0.031599507
553 429 33 33 0.031311743
844 309 21 24 0.030687094
610 311 16 19 0.029787436
898 493 18 19 0.029559964
428 328 9 11 0.028138135
343 428 11 10 0.027954089
170 451 38 39 0.026651246
150 312 10 13 0.026557392
676 438 5 8 0.026497355
134 277 9 13 0.02526074
118 251 13 14 0.025121339
894 475 28 29 0.025072312
265 322 13 17 0.024695525
548 330 17 17 0.02392295
429 418 10 12 0.023729067
481 422 17 18 0.023699928
792 497 11 13 0.023631265
669 422 6 8 0.023164343
409 305 46 41 0.022840593
523 128 39 30 0.022367388
658 259 19 20 0.022196596
304 415 12 13 0.022184987
462 430 13 12 0.021909473
354 300 39 45 0.021569965
189 415 45 39 0.021506952
115 323 30 32 0.021237941
274 304 16 16 0.020619206
