38_Tennis_Tennis_38_371
17
249 203 16 20 0.9951279163360596
479 208 21 22 0.9922080636024475
395 210 21 22 0.9917675256729126
164 198 22 25 0.9908073544502258
318 206 19 21 0.9886332154273987
554 200 23 25 0.9845479130744934
676 191 23 26 0.9806921482086182
878 189 20 21 0.9621801376342773
545 376 39 34 0.9469168782234192
759 190 21 23 0.944334864616394
347 299 24 27 0.940784752368927
561 291 34 37 0.8821304440498352
760 291 31 25 0.8569996356964111
616 216 16 22 0.8444277048110962
808 189 23 24 0.7769426703453064
484 368 30 38 0.6673977971076965
440 311 23 21 0.51700758934021
