38_Tennis_Tennis_38_232
28
806 328 14 19 0.56025773
162 219 16 20 0.40324208
728 249 17 19 0.33244902
1009 252 15 23 0.24114741
812 468 21 22 0.1627242
610 63 10 11 0.16145983
814 443 26 30 0.15298149
31 264 25 26 0.09284886
24 265 13 17 0.064517505
6 309 9 15 0.050566263
1011 262 9 11 0.049845982
679 68 6 6 0.04715266
649 74 4 4 0.04370964
864 39 11 13 0.042837877
849 63 13 16 0.039469916
898 28 14 14 0.036773257
894 39 12 12 0.033293728
229 12 87 64 0.032497603
682 67 10 12 0.03029924
1014 254 11 14 0.029897336
505 44 53 45 0.023919776
781 10 9 8 0.023467766
621 65 11 12 0.022688692
947 641 15 17 0.021076208
494 20 72 56 0.020924836
858 26 9 11 0.020918213
529 53 32 27 0.02073038
715 72 8 8 0.020628853
