19_Couple_Couple_19_847
18
505 483 172 279 0.81976104
287 640 170 240 0.6572253
106 236 28 38 0.10559883
861 199 136 157 0.08433491
253 269 18 24 0.06752124
222 627 303 346 0.06521377
481 401 297 350 0.057221606
261 674 120 176 0.051560413
579 498 174 262 0.045179654
166 261 25 29 0.042111613
319 591 209 308 0.038521558
497 605 157 164 0.028758235
257 268 26 35 0.027663246
151 244 28 49 0.025934171
198 279 22 33 0.025056563
185 301 23 29 0.022239551
115 246 31 42 0.021875221
22 238 25 44 0.020488393
