19_Couple_Couple_19_836
43
633 414 113 210 0.81735075
114 430 106 186 0.8032723
286 852 116 171 0.80027944
636 26 94 180 0.7954234
803 71 93 145 0.7854462
279 459 102 157 0.7827688
800 468 114 164 0.7716318
109 804 124 223 0.6861871
223 100 71 96 0.53249604
160 136 79 96 0.42594096
201 93 77 118 0.3695903
607 -13 161 256 0.27481425
210 29 143 217 0.09400937
668 445 99 156 0.082903415
45 858 82 115 0.07900992
564 451 102 148 0.06778155
621 871 163 206 0.052557323
817 85 43 106 0.050861508
168 98 79 110 0.049500767
229 371 185 272 0.04489233
43 396 189 260 0.04431781
160 817 88 160 0.041998714
811 -2 188 233 0.040450998
30 821 137 193 0.039296888
95 342 190 243 0.03740965
145 441 118 162 0.036741786
289 713 244 290 0.035738602
582 33 137 200 0.034364253
728 404 174 288 0.03214422
674 52 85 119 0.029148322
734 866 93 146 0.029002301
815 488 69 124 0.02764378
572 369 192 273 0.027559519
782 94 71 122 0.025021646
299 874 74 132 0.024622254
274 463 66 130 0.0244585
763 477 106 180 0.024184758
649 369 140 182 0.023755096
685 443 60 130 0.023559013
-47 985 186 281 0.023283888
527 389 143 237 0.022599021
23 428 124 196 0.022161344
464 588 222 288 0.021878354
