29_Students_Schoolkids_Students_Schoolkids_29_221
28
370 220 37 38 0.45615578
252 231 43 36 0.41897732
715 194 11 10 0.37846765
223 231 50 39 0.35784063
295 248 36 34 0.3002987
519 194 22 20 0.29309648
442 259 45 46 0.2834198
447 277 30 37 0.20954676
158 240 26 24 0.20702945
560 199 13 11 0.19935274
491 199 19 16 0.17039405
804 206 15 14 0.13995768
306 264 13 12 0.13543576
742 194 8 7 0.09793086
164 244 16 16 0.083240636
238 213 61 71 0.08308617
541 196 13 14 0.059145078
775 192 7 8 0.054687034
753 195 6 7 0.052537337
229 222 33 32 0.05110302
505 311 30 32 0.041491125
548 587 205 149 0.03435268
781 187 11 9 0.030991446
242 222 36 36 0.030116655
267 235 23 26 0.025247676
460 254 42 46 0.025192095
516 317 18 19 0.0213027
485 214 20 19 0.02126892
