29_Students_Schoolkids_Students_Schoolkids_29_316
83
287 130 83 84 0.82335675
550 114 85 96 0.81186223
633 194 109 120 0.80427194
14 126 95 92 0.7537528
937 0 76 67 0.735469
407 5 40 42 0.7173382
827 12 86 83 0.70461994
877 99 95 101 0.69338447
162 155 106 124 0.68960977
94 0 59 60 0.67431456
656 2 32 32 0.5440448
759 3 55 47 0.54294556
329 34 46 40 0.54100144
393 -4 71 62 0.53697276
154 23 56 55 0.5237555
0 56 58 72 0.49769214
497 0 77 61 0.48274547
714 -3 53 43 0.45658386
248 19 79 74 0.44029066
661 11 16 16 0.43623105
239 24 56 59 0.39700294
526 97 140 132 0.37652594
233 -3 112 117 0.37442932
525 8 53 41 0.3737295
307 9 97 89 0.3685019
66 4 27 23 0.36191678
554 17 53 38 0.31181067
78 0 50 47 0.27574828
475 18 41 47 0.27517235
211 21 46 46 0.26995334
584 16 28 28 0.23200943
303 149 47 50 0.19132712
926 15 94 76 0.16225186
914 115 39 53 0.15925875
46 145 59 59 0.15019426
131 -1 94 92 0.15003219
815 -3 131 113 0.13277045
643 208 63 86 0.1321233
834 27 47 55 0.111690775
775 3 28 38 0.109203495
49 -10 63 52 0.09665218
893 113 38 57 0.0898656
586 6 16 14 0.08752069
175 237 73 49 0.08320189
184 181 77 82 0.082605205
454 -26 166 134 0.080852725
366 34 35 39 0.07471114
525 43 37 37 0.07323999
653 233 43 55 0.066078305
202 13 89 80 0.06481593
663 220 69 78 0.063723445
887 -14 116 89 0.06347521
566 141 33 46 0.058138896
166 170 65 89 0.057587676
638 226 36 50 0.050404746
887 14 46 46 0.049158935
827 90 123 102 0.04602229
721 -14 67 62 0.04507227
701 -4 40 36 0.04495058
587 32 40 38 0.044319067
884 0 80 62 0.03876237
591 123 218 210 0.03489515
570 95 75 72 0.03300595
944 25 57 55 0.03184435
689 201 92 101 0.030865205
328 151 44 46 0.029234365
177 8 72 73 0.02910018
519 -8 37 37 0.028473925
70 9 43 40 0.028205285
320 48 33 32 0.027591554
102 1 40 44 0.026602525
365 18 54 48 0.026347645
932 114 42 54 0.02619486
288 156 40 38 0.026130214
15 -2 33 26 0.024804296
581 145 54 56 0.024617014
509 47 39 36 0.024416827
143 90 169 151 0.023502592
847 115 81 71 0.022922823
289 25 57 59 0.022687064
511 51 49 49 0.02142999
116 -8 80 79 0.021362461
525 134 74 59 0.020245383
