29_Students_Schoolkids_Students_Schoolkids_29_626
48
768 348 110 120 0.8306038
150 181 82 86 0.82519186
-1 383 123 184 0.788309
82 183 45 44 0.73786265
968 247 62 102 0.67555684
690 133 48 42 0.6597809
510 164 38 39 0.6570083
565 153 80 76 0.6325685
856 154 32 36 0.6249456
321 170 24 23 0.6137247
954 148 84 87 0.5665137
972 158 51 66 0.5420622
883 159 31 32 0.18933961
773 374 59 69 0.14923158
831 132 81 70 0.13783897
482 142 87 77 0.13286567
732 209 42 44 0.09855935
936 237 126 121 0.096316926
-62 395 220 197 0.0882146
880 150 35 28 0.0864259
985 256 51 64 0.085558385
576 177 47 41 0.075886846
974 434 55 85 0.0736063
991 476 36 44 0.07076235
179 197 46 56 0.06827797
313 174 25 23 0.056245394
724 159 35 32 0.05408777
501 366 186 133 0.052862905
2 313 229 191 0.05174838
849 152 50 46 0.051638134
532 145 153 127 0.04943627
-3 460 102 89 0.043391995
453 312 317 241 0.040544987
568 352 159 136 0.039439186
985 465 34 69 0.03943891
960 183 64 54 0.036609564
83 161 149 131 0.03648088
814 346 97 101 0.0342777
918 445 123 97 0.03291609
62 354 149 137 0.032555815
742 369 79 79 0.031080157
670 174 146 127 0.028848918
971 285 76 70 0.026972344
725 220 47 56 0.026315527
910 175 13 15 0.02475728
944 249 71 77 0.024622992
553 162 54 56 0.024044955
736 291 184 167 0.021913424
