29_Students_Schoolkids_Students_Schoolkids_29_524
38
204 32 49 49 0.7635903
428 65 42 44 0.7610779
180 153 57 56 0.76064736
602 346 66 55 0.63482404
571 309 38 37 0.52294016
125 229 51 48 0.4081274
683 543 63 58 0.3825762
135 236 33 33 0.3369165
290 154 38 37 0.32408437
905 56 18 16 0.25890976
171 444 57 53 0.21845925
421 307 52 48 0.21816508
913 61 10 9 0.0940701
265 143 32 43 0.0915146
612 337 43 44 0.0890009
571 315 23 24 0.07646117
862 575 117 105 0.06011604
788 160 20 22 0.051959645
904 61 12 10 0.044361386
109 213 54 50 0.042489044
580 416 100 80 0.042248003
363 382 44 45 0.0364635
701 544 78 58 0.033370323
-3 245 41 60 0.033206426
233 2 36 28 0.028880099
297 322 156 150 0.027374292
585 319 122 106 0.02715023
434 329 40 38 0.02632368
304 145 28 31 0.026183184
116 223 40 33 0.024643105
178 273 106 79 0.024203436
536 283 89 81 0.023220371
209 410 57 41 0.022613956
161 458 70 69 0.022576172
177 410 54 46 0.021727666
621 515 19 21 0.021544233
499 251 158 123 0.021503992
189 28 78 67 0.020264132
