29_Students_Schoolkids_Students_Schoolkids_29_21
93
308 102 71 58 0.7779415
205 110 59 55 0.7701106
67 150 89 76 0.7551447
599 59 77 60 0.7197686
945 68 57 61 0.71691966
148 81 69 55 0.705913
7 74 34 29 0.68702334
449 64 52 43 0.6732676
728 41 43 38 0.6615224
876 20 40 33 0.65478224
358 73 37 34 0.6276919
470 163 92 110 0.6188924
868 12 59 47 0.6119126
106 55 60 45 0.6034146
582 15 30 26 0.55516034
984 34 34 33 0.543602
996 40 26 21 0.5393426
781 62 56 52 0.5251254
501 47 34 28 0.520587
667 26 25 22 0.518615
814 25 26 23 0.5126487
575 53 51 40 0.45948702
658 21 40 32 0.45705712
736 192 144 175 0.44963133
470 26 24 19 0.43750468
921 39 45 41 0.38295507
443 44 20 17 0.37609467
408 57 28 22 0.3630772
169 90 36 39 0.35785678
76 61 43 34 0.33446372
80 72 25 23 0.29518783
456 222 100 59 0.2896245
925 56 100 81 0.28038546
445 45 27 24 0.2418953
739 14 27 21 0.23983058
439 51 82 71 0.22611511
506 49 24 18 0.22211911
521 114 65 51 0.18397024
513 78 60 52 0.17080401
-7 115 25 27 0.16860019
800 29 44 37 0.1523807
454 73 33 27 0.15112342
590 263 43 34 0.12437636
464 63 40 27 0.12009911
409 47 33 23 0.11179349
341 102 63 53 0.1106043
440 168 95 89 0.091305606
802 31 32 24 0.08766435
723 27 62 61 0.0863259
586 66 47 41 0.06944583
-3 119 16 18 0.06898427
365 70 24 20 0.06289309
993 109 41 42 0.062214553
112 70 40 31 0.05874085
946 47 15 16 0.058169257
76 179 54 39 0.057935275
47 128 177 125 0.056920815
443 64 19 15 0.054727457
748 58 97 72 0.05464324
754 105 57 47 0.05015254
184 89 97 84 0.049489938
349 80 69 53 0.045153804
880 31 31 25 0.044986166
502 102 72 54 0.037763994
564 4 65 48 0.037459493
279 93 86 71 0.037152573
237 88 35 29 0.03662802
162 80 95 74 0.036221847
1002 118 25 25 0.03578555
453 27 23 21 0.033791646
483 158 137 107 0.031879183
576 262 71 60 0.03172816
744 10 20 15 0.0313447
566 183 169 117 0.030625902
572 33 119 90 0.02993431
423 24 120 89 0.02888056
125 46 123 107 0.028304828
768 53 48 41 0.027080853
939 48 35 34 0.026416166
147 55 45 37 0.02640284
615 44 95 87 0.025148457
134 63 28 29 0.02501425
263 39 180 141 0.024459422
512 187 82 67 0.023916287
709 238 144 108 0.023846697
536 127 61 59 0.022794962
465 51 72 55 0.022667572
489 39 58 53 0.021593185
620 220 87 62 0.021322746
542 48 63 51 0.021167995
510 -19 137 110 0.020901613
613 33 62 41 0.020627942
149 75 43 38 0.020012375
