29_Students_Schoolkids_Students_Schoolkids_29_902
22
435 117 105 138 0.8300946
972 371 42 55 0.73419744
709 313 67 75 0.71754724
279 287 61 70 0.6830894
884 360 48 56 0.53948474
819 386 38 39 0.20050976
393 84 186 178 0.10623594
438 175 67 70 0.06632177
982 383 23 26 0.052873787
827 392 22 25 0.050787564
431 132 75 83 0.044016536
736 306 84 87 0.043962643
982 300 54 67 0.03163114
425 142 53 56 0.029357351
966 375 36 40 0.028868949
268 246 96 134 0.027052522
895 356 44 44 0.025286682
839 393 20 26 0.023853164
809 348 115 113 0.023473274
241 275 91 93 0.022269422
81 199 29 32 0.020356677
513 280 161 165 0.020343889
