29_Students_Schoolkids_Students_Schoolkids_29_358
43
264 362 24 22 0.60956436
619 377 24 20 0.54320294
482 379 28 24 0.49785098
699 372 32 26 0.41060308
268 366 16 15 0.40742716
547 381 23 18 0.37828428
952 423 17 16 0.2595526
670 393 21 18 0.22515698
844 407 22 18 0.14263861
403 415 16 14 0.12300401
435 401 17 15 0.11471785
415 418 14 13 0.0920285
838 407 16 15 0.08836693
251 427 26 21 0.08757093
854 418 13 12 0.06748023
498 424 15 13 0.06401073
891 414 13 11 0.05755064
778 388 12 11 0.057069026
569 399 12 10 0.055796944
942 50 113 87 0.055376314
326 442 12 12 0.05518871
339 445 15 13 0.04802272
805 397 18 16 0.041009735
671 385 24 18 0.040353555
106 531 168 124 0.04034904
329 428 20 15 0.03808875
550 400 11 11 0.03801676
879 419 11 11 0.032918893
943 424 29 23 0.032613996
252 442 16 12 0.032370508
587 399 14 13 0.029164288
594 396 14 14 0.027887534
469 444 10 8 0.027181065
529 403 16 13 0.025932565
311 443 11 10 0.025771668
769 399 15 11 0.023656365
699 353 22 20 0.022879386
53 502 245 181 0.022446504
785 401 12 9 0.021694114
602 354 57 39 0.021201141
440 387 17 17 0.021103678
417 414 11 8 0.021027833
459 412 14 13 0.020832488
