29_Students_Schoolkids_Students_Schoolkids_29_310
37
89 212 71 68 0.80688685
645 195 69 62 0.800941
464 203 68 63 0.7842622
815 211 89 79 0.7760638
275 197 74 74 0.76936233
544 164 105 102 0.59135896
363 226 103 87 0.3842051
70 199 106 94 0.37027997
838 229 52 51 0.35768446
424 430 36 27 0.25530684
282 210 52 51 0.22004843
659 383 22 16 0.14815949
753 182 74 96 0.13039061
517 424 26 24 0.12931417
846 405 17 13 0.10390258
654 205 41 43 0.09513801
773 188 92 84 0.081443794
82 401 17 11 0.07803398
696 381 22 20 0.06915833
107 396 22 17 0.06541756
367 403 23 19 0.06410589
468 415 21 15 0.0626982
479 416 21 15 0.0614314
378 197 173 136 0.060842354
69 217 70 58 0.056532647
77 241 90 63 0.04640699
451 420 26 17 0.044047303
244 205 85 62 0.041661277
873 399 20 16 0.041442264
830 409 15 13 0.036711454
769 384 30 24 0.032354977
710 175 138 99 0.029504213
539 179 64 81 0.02874495
325 213 176 124 0.027870813
704 155 218 159 0.024718564
86 397 20 14 0.022289641
5 185 160 120 0.022247974
