29_Students_Schoolkids_Students_Schoolkids_29_624
34
141 149 55 53 0.7533513
394 248 14 11 0.20954375
688 253 14 11 0.19416484
406 252 5 5 0.15195271
556 296 11 11 0.12368848
983 252 17 15 0.11607723
809 251 10 9 0.10225163
971 251 13 13 0.08931726
342 248 7 6 0.083194174
325 247 12 11 0.07562765
996 255 21 18 0.07491171
522 249 12 10 0.06979822
342 251 6 6 0.06590926
110 140 121 90 0.05700455
259 254 8 7 0.055047937
751 261 7 7 0.053810965
439 219 12 11 0.05020586
686 260 6 5 0.04485631
246 257 4 4 0.043488543
294 254 7 7 0.039340433
700 255 5 5 0.03816146
583 332 10 11 0.037584007
821 230 95 82 0.03755192
202 262 17 13 0.03219516
560 299 10 10 0.031547517
557 284 14 15 0.030872012
345 124 15 12 0.030410565
764 258 10 9 0.030300565
807 255 6 6 0.029579159
205 265 8 6 0.027260112
786 259 6 4 0.02725525
891 242 12 9 0.02214836
553 333 9 8 0.021810956
273 257 4 4 0.021090077
