29_Students_Schoolkids_Students_Schoolkids_29_632
23
794 268 78 92 0.8117491
83 295 68 65 0.7876224
354 312 63 70 0.7817598
271 362 58 62 0.7232925
525 291 87 90 0.6570547
331 294 99 105 0.32961428
242 339 113 109 0.31679878
535 317 55 49 0.27522755
357 335 48 39 0.17319153
798 296 43 46 0.073058955
527 223 131 98 0.042975884
264 388 73 57 0.03986911
293 292 198 175 0.039745618
518 305 54 60 0.032498818
16 228 169 136 0.031902023
321 310 78 72 0.030833056
204 289 158 135 0.028029714
767 293 131 99 0.025188183
550 251 35 35 0.023075502
86 308 39 43 0.02291164
710 126 14 14 0.021811327
29 284 109 97 0.021013001
39 274 153 133 0.020693349
