29_Students_Schoolkids_Students_Schoolkids_29_66
70
394 105 44 45 0.70892966
451 176 34 29 0.65064746
643 127 49 47 0.62037605
306 194 56 50 0.61434925
188 93 32 32 0.5434641
442 162 51 59 0.54008573
319 113 48 38 0.508677
697 200 43 43 0.47960687
-2 167 33 35 0.38540202
769 142 28 30 0.30111715
477 126 35 31 0.2974295
321 203 33 37 0.27526492
907 172 33 31 0.23757318
245 281 36 42 0.22994201
155 147 40 39 0.21875788
815 179 33 38 0.21047844
294 122 23 24 0.18323903
820 186 19 22 0.15401779
484 141 17 18 0.15175813
896 169 32 29 0.13161074
440 191 36 41 0.12546317
895 195 31 28 0.11739643
11 148 25 34 0.11021166
836 155 37 38 0.10583682
865 146 20 20 0.105068386
888 276 19 23 0.09829953
248 272 37 36 0.092091575
240 299 61 60 0.06783227
392 239 38 38 0.05643441
254 281 19 20 0.055099618
632 237 25 25 0.053592496
970 164 27 29 0.049911764
252 318 35 55 0.047476575
0 177 31 44 0.047383282
247 147 40 45 0.046065312
808 173 31 32 0.04514777
620 222 40 33 0.042108957
165 157 19 17 0.041390225
409 111 25 31 0.041302457
100 139 34 34 0.041216336
702 544 24 18 0.041051608
520 118 23 25 0.039772544
755 141 19 21 0.039658904
710 204 23 24 0.039288007
593 126 26 25 0.03870646
95 121 37 33 0.03731483
502 128 32 23 0.03612528
20 249 36 43 0.035987664
986 186 26 28 0.034439266
92 242 37 41 0.030371783
192 131 110 87 0.030008923
300 104 80 64 0.029264916
294 103 56 52 0.029181797
234 321 40 47 0.02799433
641 270 83 78 0.026226025
95 232 58 46 0.026043886
464 106 75 69 0.025540672
888 168 25 28 0.025269132
543 81 37 26 0.024223316
739 192 31 36 0.023390964
734 538 23 19 0.023115333
843 173 34 28 0.023070084
638 133 31 35 0.023004929
419 469 18 21 0.022231363
175 157 23 19 0.021976067
805 168 51 45 0.021724049
904 207 30 30 0.021709187
572 373 12 11 0.021705715
383 191 95 92 0.020436963
959 178 25 19 0.02009722
