29_Students_Schoolkids_Students_Schoolkids_29_432
23
586 1 65 58 0.72248095
748 59 64 76 0.53816366
890 163 94 97 0.5328376
934 180 68 82 0.14234257
374 284 16 16 0.07130939
963 206 55 84 0.06912816
603 9 28 37 0.057238076
115 534 23 25 0.053229418
26 368 26 34 0.05255699
507 0 57 49 0.047919273
504 56 143 138 0.037950583
250 594 103 111 0.036688276
201 730 245 125 0.03551827
509 296 28 37 0.033196058
180 602 261 315 0.031070827
899 165 162 162 0.029502345
171 479 18 21 0.025462985
740 76 67 97 0.025007494
273 435 14 16 0.023562618
262 430 20 25 0.023401078
437 111 63 69 0.022749199
765 456 132 112 0.021503557
939 188 111 115 0.020907087
