29_Students_Schoolkids_Students_Schoolkids_29_161
33
845 86 91 101 0.7705628
562 142 149 180 0.7060941
515 158 76 85 0.69558084
356 184 28 27 0.43081167
476 182 41 41 0.23874426
471 177 36 34 0.12078223
483 191 21 20 0.100869805
488 270 18 18 0.08362238
792 105 42 53 0.0789277
853 96 44 69 0.070554785
476 251 38 42 0.051901598
572 195 86 85 0.049753446
345 179 30 27 0.048159998
857 129 37 45 0.04615983
195 170 26 28 0.04026108
-6 391 110 87 0.03914381
537 167 64 63 0.037897382
517 184 120 106 0.037736353
823 98 63 63 0.037732292
524 189 44 45 0.03747373
516 181 37 45 0.03563104
475 185 20 17 0.033136155
-11 346 184 153 0.030334014
879 81 82 96 0.029705213
532 169 28 48 0.02922397
653 123 137 107 0.02808076
798 118 23 24 0.027941592
468 164 105 97 0.026449021
868 104 62 69 0.026005803
496 166 53 50 0.0229949
183 202 23 26 0.022604486
241 273 21 19 0.021574335
127 312 128 118 0.020466642
