29_Students_Schoolkids_Students_Schoolkids_29_494
51
296 326 56 59 0.7777581
351 241 54 53 0.6475028
285 26 44 47 0.53344995
897 139 25 22 0.38347608
539 148 25 25 0.374293
382 164 28 29 0.36428842
705 131 37 42 0.3459492
724 138 21 27 0.33498082
784 135 27 26 0.31511036
900 133 36 35 0.29335967
546 155 11 12 0.27091202
442 170 14 13 0.22623953
596 189 29 36 0.21890405
335 232 86 75 0.19596805
346 162 26 25 0.185305
472 163 24 24 0.16827752
818 135 23 24 0.16204043
830 135 28 26 0.1546465
241 220 41 43 0.13862003
545 159 31 28 0.12222077
384 169 18 18 0.11861435
600 204 31 37 0.11128127
367 271 34 42 0.10244568
175 331 30 33 0.09312522
861 140 16 18 0.08347475
619 138 21 19 0.08216533
405 175 12 12 0.07876668
890 138 22 21 0.07561316
251 289 31 35 0.06626677
453 165 15 19 0.057588283
85 422 42 42 0.055235084
310 340 41 37 0.054597996
72 149 108 116 0.053755894
760 136 27 27 0.051608063
534 154 12 12 0.05054129
377 295 35 41 0.048283145
540 166 17 21 0.04729879
90 166 54 74 0.04592469
-25 357 101 93 0.042648964
5 373 34 57 0.041890327
296 571 31 35 0.03719784
678 333 60 84 0.031564403
647 297 142 161 0.031533845
630 142 13 14 0.030969933
216 346 47 51 0.028429395
519 165 19 16 0.027807474
529 225 34 40 0.026519412
552 241 40 39 0.024906509
94 202 44 54 0.024568686
617 202 25 21 0.02354625
489 152 15 16 0.023000754
