29_Students_Schoolkids_Students_Schoolkids_29_311
24
296 378 15 16 0.5496216
686 419 23 21 0.54363656
198 387 16 15 0.50051475
115 368 17 17 0.47955427
441 366 20 20 0.45653898
192 385 27 22 0.4163755
229 382 22 21 0.3530174
44 371 20 21 0.33505386
441 406 20 19 0.28893176
234 378 18 19 0.25098935
828 413 19 16 0.20045076
297 395 15 14 0.11282161
3 369 7 7 0.10277157
437 439 16 15 0.08936447
825 421 20 17 0.08342453
296 409 16 16 0.06876907
24 370 14 15 0.051749125
300 386 14 14 0.04729105
179 378 15 14 0.038454775
205 380 9 10 0.035243466
828 392 14 14 0.0334761
738 443 11 9 0.023444463
689 436 17 15 0.023212634
683 563 150 128 0.02224162
