29_Students_Schoolkids_Students_Schoolkids_29_158
21
554 493 42 70 0.72510505
589 700 46 79 0.72423416
596 392 35 65 0.7077616
699 516 25 54 0.11208311
614 417 8 17 0.10736906
676 162 30 48 0.10226491
682 173 19 30 0.093357004
75 1126 85 111 0.06804649
717 535 17 38 0.0666096
80 1081 104 195 0.055390134
486 460 31 55 0.04929932
543 434 92 195 0.046755496
669 493 24 48 0.038735423
609 316 23 42 0.036116615
40 1059 187 277 0.028069057
751 332 27 48 0.024474759
141 1123 251 454 0.023774251
687 166 19 36 0.022994857
745 221 20 41 0.0219461
573 675 55 124 0.021391446
-3 1021 46 101 0.02105785
