29_Students_Schoolkids_Students_Schoolkids_29_312
21
492 75 102 109 0.7649726
528 90 84 77 0.11019789
500 91 55 58 0.096766666
519 98 63 60 0.09181301
308 64 18 17 0.0901247
998 363 31 29 0.07553035
557 101 70 55 0.0746848
443 95 190 122 0.05196145
302 59 31 25 0.049083415
275 308 13 11 0.04465147
477 93 57 55 0.038113132
295 54 48 42 0.03370132
630 124 23 17 0.029815637
674 348 89 103 0.028589293
225 89 79 59 0.024648957
200 87 8 7 0.024451124
491 36 161 146 0.023613572
266 303 23 17 0.02335135
682 127 23 17 0.022599973
154 92 11 8 0.020864729
676 234 63 44 0.02070978
