29_Students_Schoolkids_Students_Schoolkids_29_132
18
9 5 214 212 0.8591042
480 85 149 190 0.85258627
721 139 177 222 0.5231381
84 4 208 172 0.102668844
828 562 186 116 0.09095852
865 174 53 54 0.05396235
630 518 148 120 0.046866924
722 189 119 121 0.04402981
876 164 46 48 0.04274659
458 154 193 140 0.042433307
489 31 208 191 0.042191587
445 116 122 120 0.0379107
380 496 205 161 0.02788952
649 40 362 272 0.02581648
510 87 239 178 0.025490317
50 75 175 130 0.023919715
660 170 306 232 0.021901734
580 87 59 63 0.021148223
