29_Students_Schoolkids_Students_Schoolkids_29_822
19
337 269 78 77 0.8161495
590 266 81 95 0.8046493
194 264 29 27 0.62720025
319 255 117 111 0.40737408
469 40 89 106 0.38291064
343 282 41 59 0.07201691
365 285 39 52 0.07064841
539 273 77 75 0.05345454
470 70 76 59 0.052698046
569 584 129 107 0.050978344
460 57 60 71 0.035293292
601 290 35 44 0.034265146
547 229 163 140 0.030936453
313 283 56 57 0.02491487
600 590 91 73 0.024541488
512 77 44 51 0.024361582
631 298 67 71 0.022447117
362 641 57 33 0.02240328
495 177 271 219 0.020863866
