29_Students_Schoolkids_Students_Schoolkids_29_84
18
534 436 124 138 0.8532545
329 406 163 135 0.67442584
391 83 158 143 0.6458598
640 263 167 145 0.5228054
313 239 160 148 0.26994604
525 139 170 146 0.24296026
532 112 135 120 0.092870235
273 249 159 118 0.09016486
1002 83 19 18 0.05343624
538 465 53 58 0.04875274
379 105 111 94 0.04481644
312 351 237 214 0.038405087
998 74 23 33 0.03696434
515 405 128 134 0.03216904
522 330 65 55 0.030255532
470 370 248 227 0.030083578
345 -2 150 84 0.022615643
569 163 129 93 0.02195754
