29_Students_Schoolkids_Students_Schoolkids_29_42
26
238 230 203 244 0.8552858
181 159 34 44 0.6668535
556 256 34 46 0.46924016
217 186 45 54 0.40210414
511 263 26 35 0.3008214
444 197 23 28 0.2136974
297 316 146 147 0.19559509
310 268 125 152 0.15834631
681 2 48 37 0.09507304
601 269 29 36 0.090439595
494 235 18 28 0.05310685
545 695 29 30 0.050602783
645 2 60 40 0.04453772
849 528 117 135 0.0350978
565 266 15 26 0.034553003
657 -1 71 49 0.033878807
366 302 77 114 0.0335995
942 872 81 66 0.03187975
538 265 19 30 0.031611554
209 160 71 103 0.029214492
162 220 353 341 0.02711707
192 174 12 17 0.025547959
47 277 217 233 0.025116792
159 122 175 207 0.02356494
257 588 120 149 0.023039458
962 895 35 34 0.020768037
