51_Dresses_wearingdress_51_830
25
557 31 69 78 0.7772493
997 20 22 27 0.57035464
928 37 33 38 0.42936134
713 543 20 20 0.22070226
841 16 54 54 0.20975216
917 32 32 30 0.20770368
710 536 30 29 0.1984088
828 21 45 39 0.17353387
376 612 25 26 0.11075048
272 38 78 64 0.09951673
899 29 29 27 0.082810506
385 615 14 17 0.08123886
284 46 56 43 0.08036007
936 43 22 25 0.059510328
820 26 63 69 0.05460835
871 25 21 24 0.053834766
268 8 86 77 0.042860586
382 619 18 21 0.038647596
800 24 37 36 0.03213976
494 8 133 132 0.027195744
490 117 34 43 0.02565755
257 685 30 31 0.024803812
182 618 57 58 0.021839922
859 21 26 31 0.021218212
521 281 45 47 0.020130401
