51_Dresses_wearingdress_51_464
29
28 355 133 202 0.7652753
401 231 257 321 0.75083566
741 400 65 110 0.60047305
692 378 55 87 0.34770736
993 426 29 69 0.30927953
785 267 22 46 0.3047147
896 402 29 51 0.25763804
790 274 15 29 0.23472448
711 388 26 62 0.17799228
-10 306 193 331 0.1576329
797 315 34 82 0.1402334
995 331 20 50 0.09455954
630 487 80 139 0.07595693
1008 325 12 26 0.063211225
607 498 69 105 0.06025471
901 404 18 33 0.059719894
908 514 25 47 0.05364802
974 533 25 50 0.05212854
710 340 107 218 0.041324172
689 352 43 77 0.03241464
822 416 31 68 0.032191932
756 323 27 59 0.02474157
871 384 139 222 0.024188774
837 511 47 93 0.022858812
985 551 13 31 0.022268515
920 514 25 42 0.021637756
725 405 49 73 0.021357821
154 915 105 172 0.020764502
207 421 65 107 0.020372566
