51_Dresses_wearingdress_51_183
29
270 89 132 139 0.8391532
62 200 120 155 0.8229163
617 67 105 110 0.8098633
457 81 100 110 0.7607008
872 133 121 133 0.7219433
484 121 50 58 0.18285647
33 180 202 190 0.11413076
820 72 240 212 0.09997138
479 94 71 70 0.09543532
465 111 51 56 0.08878246
728 3 24 19 0.081137665
313 113 73 77 0.0708087
885 147 50 63 0.058061447
68 240 75 95 0.05224139
886 178 81 64 0.04437684
90 225 123 118 0.036841877
612 193 31 33 0.036393467
259 24 266 231 0.035695795
61 165 41 35 0.03240453
430 101 77 77 0.030566383
873 140 75 100 0.03055191
668 191 181 140 0.03024228
766 210 92 77 0.029158955
543 274 170 145 0.027529517
685 -2 66 34 0.0259191
233 118 140 116 0.02578448
29 328 50 70 0.024112923
452 42 168 150 0.02281251
408 73 118 111 0.02113573
