51_Dresses_wearingdress_51_335
31
422 158 86 137 0.7196221
604 197 36 75 0.7146275
582 111 35 74 0.6802191
204 69 63 119 0.66602796
339 90 36 75 0.6157235
329 64 57 122 0.45066172
729 56 31 67 0.3842436
281 62 36 81 0.36405343
179 35 109 185 0.3546811
322 84 40 83 0.33743793
287 89 17 34 0.24961822
392 62 31 59 0.2241676
286 90 22 53 0.17146069
398 159 75 145 0.107022
369 44 58 93 0.050829936
379 90 35 84 0.04522725
258 58 46 80 0.04464881
721 43 46 101 0.04293759
399 0 203 362 0.038011048
270 89 38 77 0.034999564
449 100 93 218 0.0315934
437 167 35 92 0.03133969
325 16 86 217 0.030331276
570 79 53 106 0.029370124
364 169 94 180 0.024148446
69 329 67 139 0.023273874
362 75 47 100 0.02254872
650 1039 103 197 0.022322224
216 605 100 193 0.021618985
287 123 51 104 0.02047699
611 215 16 49 0.020384531
