51_Dresses_wearingdress_51_904
23
220 52 69 90 0.81571555
710 55 71 91 0.79081416
973 61 56 94 0.7685761
634 80 61 76 0.70538896
577 85 58 80 0.5206538
943 32 118 151 0.48826116
606 52 113 135 0.4869432
530 37 129 180 0.286116
694 40 117 126 0.27634367
234 81 40 41 0.19894207
245 65 24 62 0.054390512
602 0 159 219 0.05111742
608 93 84 83 0.040582813
547 103 65 64 0.03981345
548 86 97 98 0.037863016
589 505 83 96 0.037098005
707 78 44 54 0.035814162
715 89 53 54 0.03418285
594 71 72 104 0.028750127
227 800 115 130 0.026726848
922 315 45 46 0.02578403
536 201 49 73 0.025669295
572 581 112 143 0.02098687
