51_Dresses_wearingdress_51_77
19
405 238 29 29 0.6142619
144 302 19 18 0.3311857
135 289 36 34 0.2890456
323 114 24 24 0.1904399
408 250 19 20 0.10854151
158 295 22 20 0.09158688
396 121 22 21 0.07300871
201 292 20 16 0.071828425
329 117 18 16 0.05207029
235 290 13 13 0.049140368
410 133 15 15 0.047311485
239 127 31 31 0.035195693
602 369 57 50 0.029188579
375 105 25 22 0.025506618
521 270 13 13 0.025481367
331 124 12 13 0.023952803
238 137 22 21 0.023805205
497 84 13 11 0.02318523
48 112 109 119 0.021088395
