51_Dresses_wearingdress_51_492
21
273 132 117 253 0.76868916
358 140 252 358 0.6686949
741 349 82 142 0.38275105
-2 421 40 109 0.27537826
790 360 76 125 0.11361817
280 171 79 182 0.08484521
602 263 53 115 0.0825256
275 68 347 607 0.05456922
276 169 53 146 0.044368148
220 662 242 471 0.03914996
949 299 97 251 0.03742534
572 203 83 229 0.03252659
306 201 57 121 0.029417438
702 286 122 276 0.028022911
979 349 41 144 0.025186174
354 223 119 244 0.0234205
291 499 134 243 0.023356006
671 179 211 387 0.021900149
53 517 63 146 0.021588258
244 124 89 227 0.02068377
372 474 76 191 0.020110525
