51_Dresses_wearingdress_51_739
44
449 94 108 215 0.7789982
735 213 50 100 0.6888945
568 278 63 125 0.510948
254 167 22 44 0.4747504
910 270 34 63 0.44633844
55 251 48 98 0.43680215
625 240 45 86 0.393856
423 54 163 300 0.33078387
338 237 26 54 0.3179336
646 259 20 42 0.27210212
689 182 26 48 0.2343604
647 237 39 83 0.20534654
1007 254 14 33 0.20151809
872 248 19 37 0.19515288
31 227 71 155 0.18295264
362 225 27 59 0.17920314
544 245 52 88 0.17199966
648 252 25 61 0.16828345
446 143 54 122 0.15167028
960 280 24 46 0.14802088
897 263 24 49 0.12521619
992 264 16 41 0.12001429
1004 269 14 31 0.11357926
496 110 72 192 0.102642685
254 264 21 48 0.07967387
0 338 35 87 0.070171975
677 175 22 44 0.06753292
848 253 26 59 0.06308052
732 180 76 168 0.062367987
978 320 21 50 0.061140295
233 233 16 43 0.058297466
750 220 53 79 0.056762245
866 249 18 33 0.05320795
583 288 39 71 0.04907196
331 256 31 55 0.047666363
659 231 20 45 0.04417963
716 195 60 137 0.03916686
662 167 20 35 0.03887359
277 300 16 39 0.037721597
271 290 28 59 0.037524287
442 177 94 126 0.0367465
499 81 106 247 0.033789925
13 129 135 273 0.026307447
417 1327 99 175 0.02368603
