51_Dresses_wearingdress_51_280
20
457 192 96 153 0.7799333
769 225 54 109 0.75206536
965 259 41 91 0.6962402
43 62 96 123 0.6208804
653 372 27 59 0.5695394
946 241 75 126 0.4718861
782 242 30 75 0.3855777
54 20 120 203 0.12471777
19 91 41 83 0.10905206
637 335 62 129 0.09781993
2 54 36 76 0.0939006
850 394 39 73 0.073818855
-8 115 27 64 0.061942894
-11 2 75 185 0.05271977
868 725 77 160 0.03933235
34 46 64 117 0.03655409
703 607 70 178 0.031796288
970 269 28 55 0.027733626
471 238 41 91 0.027294422
486 215 44 105 0.022696191
