51_Dresses_wearingdress_51_610
21
119 37 70 78 0.8152058
383 32 72 86 0.8085831
866 55 63 69 0.73618585
627 36 58 62 0.7051283
833 42 115 100 0.45130286
395 58 47 42 0.20619635
326 151 26 25 0.18872596
992 62 33 45 0.1250231
550 101 32 30 0.09456722
76 339 55 59 0.07508237
302 179 19 22 0.07468142
323 164 25 26 0.050688855
944 378 63 60 0.045123037
357 50 78 60 0.036212076
456 381 46 44 0.03302231
320 158 20 19 0.031461973
473 246 24 24 0.029387
124 330 61 55 0.025988873
133 68 23 24 0.024933685
93 331 87 72 0.020780776
854 262 14 16 0.020531883
