51_Dresses_wearingdress_51_1035
47
573 279 99 98 0.81307334
172 240 110 123 0.8104223
407 57 90 99 0.8084732
847 183 99 94 0.78818357
262 100 20 20 0.52535397
736 28 24 22 0.4721092
330 48 21 19 0.42737356
515 -2 31 26 0.29245675
193 266 77 84 0.28869873
520 6 26 22 0.25497186
976 5 33 29 0.19651677
601 41 23 20 0.16506815
864 203 58 64 0.15294734
665 33 25 20 0.15042487
291 56 9 11 0.14946952
427 79 54 65 0.1297942
659 42 20 17 0.12097403
591 307 58 53 0.10958247
602 44 13 13 0.09545181
527 20 32 29 0.09165164
608 35 25 20 0.09105824
315 49 17 19 0.087545946
382 41 32 31 0.08611219
279 200 33 38 0.08057265
249 193 60 61 0.069068566
422 83 30 43 0.046247188
164 276 65 69 0.043829616
986 8 13 14 0.042676248
599 38 20 15 0.042672433
453 51 44 55 0.041677568
216 268 84 81 0.040796537
885 200 65 68 0.038069714
75 227 200 166 0.03685341
274 51 29 20 0.032721568
298 110 17 16 0.028334277
887 166 106 93 0.028227553
988 21 22 20 0.027614607
523 57 26 28 0.026226223
862 206 27 43 0.02559139
800 186 103 101 0.025585404
843 222 93 70 0.025374912
384 32 52 49 0.023451477
6 113 34 40 0.023245536
697 15 40 36 0.023180803
740 32 12 15 0.022216814
-13 30 80 76 0.021149771
0 100 50 54 0.020763215
