51_Dresses_wearingdress_51_388
19
593 335 189 215 0.66227394
176 523 131 106 0.10762886
436 348 54 63 0.08547038
407 331 114 95 0.084121235
-22 384 135 116 0.07458097
633 376 145 133 0.049214605
341 132 100 89 0.048024505
99 603 112 94 0.04570531
594 359 118 123 0.044120416
930 -3 103 91 0.041073225
165 75 162 129 0.038356915
127 483 201 166 0.034791242
-20 127 102 98 0.032554135
265 64 114 83 0.027301252
21 552 229 173 0.026002238
165 399 200 161 0.02465376
603 291 197 161 0.022965625
64 14 152 126 0.022421416
45 73 115 89 0.020897724
