51_Dresses_wearingdress_51_140
39
460 72 81 155 0.81445026
143 357 26 63 0.5923038
145 344 33 62 0.4656079
182 289 43 90 0.42137438
264 307 29 58 0.32337767
612 147 25 50 0.17864698
262 278 32 68 0.14423105
242 271 77 140 0.10751204
491 85 44 132 0.098744266
431 63 83 181 0.09760617
978 273 24 45 0.08941453
327 279 23 44 0.07989984
171 494 26 53 0.074570894
147 365 18 34 0.065615915
306 321 37 72 0.060408942
990 286 11 27 0.054888405
1003 442 15 39 0.05111344
929 269 17 35 0.04541565
105 390 142 242 0.040094692
910 555 137 293 0.037518036
169 475 42 86 0.037111863
138 1105 141 293 0.03561423
287 442 210 354 0.033301227
231 424 137 283 0.030227687
0 391 14 45 0.029913167
696 142 28 56 0.029503847
120 646 140 278 0.028971896
182 703 90 161 0.027395464
127 778 130 231 0.026330683
127 451 94 167 0.02631019
711 140 20 40 0.02584559
447 518 146 254 0.025824565
270 644 140 285 0.025284316
300 727 82 161 0.024104105
494 679 125 261 0.022488285
195 302 18 48 0.02243127
994 456 16 44 0.02217812
-7 755 142 275 0.021797413
397 33 103 238 0.021199657
