51_Dresses_wearingdress_51_7
28
292 23 67 75 0.78683704
771 15 77 89 0.77761865
372 91 37 38 0.6944724
949 121 46 50 0.668438
523 53 47 47 0.6067505
485 81 36 42 0.5238651
2 53 35 38 0.5123096
164 82 23 22 0.47341484
107 68 30 30 0.44088715
489 92 26 28 0.3907096
265 -3 119 127 0.37149206
51 65 30 31 0.32596478
171 79 24 25 0.24178734
531 57 30 34 0.18445836
32 61 24 29 0.14983946
229 61 39 41 0.13296892
199 81 16 16 0.082633555
781 26 43 68 0.074333735
539 66 24 34 0.034828383
105 98 28 33 0.03349836
881 130 41 39 0.030696929
11 60 21 26 0.030032763
812 16 68 87 0.028947579
737 10 88 101 0.02828606
791 57 24 22 0.027626269
282 32 49 54 0.02478161
109 107 20 20 0.023380388
131 70 5 6 0.021124896
