51_Dresses_wearingdress_51_414
43
7 134 61 95 0.79110277
701 82 75 113 0.78511786
501 13 136 232 0.74917096
428 55 49 76 0.74882835
200 85 84 123 0.6699587
16 59 57 100 0.6670192
138 -3 46 49 0.64710665
83 100 57 95 0.5616894
341 121 53 75 0.51690423
380 40 43 65 0.42731085
416 38 73 107 0.3896949
578 274 49 70 0.20669289
16 147 39 69 0.18981844
255 -12 45 43 0.1877945
102 128 19 43 0.1612408
376 21 58 103 0.113718726
89 115 37 68 0.10536594
-3 -5 24 45 0.089623354
577 35 83 176 0.08923964
715 117 30 51 0.083391525
226 727 42 57 0.0789291
496 68 188 222 0.077042185
389 54 31 39 0.06966225
675 82 121 143 0.06404804
-4 0 19 28 0.056434043
543 58 91 166 0.05448163
589 281 31 42 0.053022247
147 -2 25 35 0.04026206
446 62 24 59 0.03574162
14 90 33 65 0.03424993
297 79 91 133 0.033324372
-8 131 96 123 0.03258665
189 98 55 92 0.02865975
716 93 41 78 0.02820117
222 135 28 41 0.027027465
221 45 116 193 0.026372777
88 135 28 43 0.026143732
676 95 67 96 0.024991734
207 90 53 79 0.022799285
32 125 49 115 0.021313077
590 68 99 123 0.020692492
-21 154 130 170 0.020445421
27 69 39 69 0.020361742
