51_Dresses_wearingdress_51_377
26
778 642 178 246 0.8281424
196 811 120 206 0.75984406
309 336 380 523 0.70944107
-4 580 102 331 0.49409404
255 819 170 187 0.23175286
10 574 98 212 0.21687673
-9 894 40 82 0.1639013
84 901 43 51 0.13904217
-1 917 24 38 0.124108225
797 681 110 156 0.120249145
272 750 218 291 0.11391182
993 400 22 36 0.08099623
193 889 80 102 0.0731836
104 910 18 31 0.062352248
-29 879 79 99 0.038608562
790 739 91 108 0.0322809
801 621 98 132 0.031715974
550 13 19 22 0.03156143
742 688 151 212 0.031174803
931 741 66 102 0.028513603
306 572 212 261 0.02579621
159 514 65 86 0.023963757
4 342 231 284 0.023849588
-79 588 215 268 0.022685813
710 102 211 289 0.021807112
371 414 227 288 0.021484546
