51_Dresses_wearingdress_51_339
30
449 182 155 237 0.81348747
673 317 93 145 0.72240967
248 411 54 104 0.14642626
744 331 59 109 0.13637187
384 206 88 153 0.10496515
508 200 125 226 0.09281572
675 251 162 288 0.08409593
991 363 35 94 0.07686716
733 246 52 99 0.07519018
386 84 199 362 0.07324727
852 315 75 165 0.054159325
383 160 132 257 0.052817304
876 353 47 93 0.051817063
496 88 185 406 0.05060005
863 31 125 230 0.05015545
748 283 82 149 0.046724014
882 376 29 49 0.044726934
157 365 20 35 0.037186015
158 378 13 24 0.033340182
840 348 165 270 0.03165889
92 354 11 21 0.03148166
261 234 191 335 0.029554589
698 206 191 389 0.027529813
614 342 181 329 0.027205767
707 276 100 204 0.026617974
723 754 143 303 0.026093366
767 55 133 247 0.024849318
840 280 127 239 0.02401378
198 1046 138 245 0.022077974
750 265 53 99 0.020702096
