51_Dresses_wearingdress_51_150
20
721 64 68 97 0.7935803
197 69 76 97 0.7559497
208 95 49 57 0.27661607
252 388 31 39 0.23273657
300 106 24 31 0.09331703
170 354 18 24 0.090652674
730 83 36 64 0.07600491
297 367 18 25 0.061557602
192 532 23 35 0.051062524
161 362 19 21 0.04941324
302 361 17 27 0.04703886
185 353 10 14 0.04329623
633 259 137 164 0.03999795
227 91 22 56 0.03575922
733 819 125 126 0.030672917
206 92 24 51 0.02669414
277 870 53 62 0.024853865
299 382 16 20 0.024508394
36 201 22 35 0.02278171
325 140 19 29 0.022732133
