51_Dresses_wearingdress_51_914
36
817 750 131 184 0.7539132
462 48 39 71 0.74408895
824 82 58 98 0.72061604
130 34 61 106 0.6717745
441 241 37 74 0.6716832
564 762 54 98 0.50467795
630 83 20 39 0.503701
120 856 95 152 0.4216085
470 57 23 59 0.3977411
112 23 96 137 0.3738567
438 461 29 52 0.19573435
554 732 71 160 0.16998313
839 780 38 116 0.09527874
544 484 24 43 0.08745277
155 1089 38 58 0.080906935
713 1339 13 27 0.07109897
812 50 100 174 0.06425849
843 822 30 64 0.061906923
738 1299 25 41 0.058837485
133 905 65 125 0.04871281
598 1333 31 52 0.043484274
219 0 51 73 0.041333918
424 417 58 141 0.036681652
362 320 172 288 0.034155667
91 846 91 160 0.033559058
775 1304 14 22 0.03350148
864 749 109 209 0.031083861
853 697 177 319 0.028930694
212 132 35 70 0.026882574
298 1097 29 51 0.026421268
158 350 213 318 0.024597311
700 1319 30 56 0.024588823
392 1099 17 28 0.023111787
93 285 141 256 0.022547973
806 76 58 110 0.020731106
26 226 293 418 0.020469658
