51_Dresses_wearingdress_51_654
25
71 450 53 54 0.797034
866 42 49 50 0.77385813
601 14 32 32 0.7329429
903 433 29 28 0.703064
374 440 30 32 0.6520053
77 23 27 27 0.6431403
643 427 32 32 0.5583657
876 51 29 35 0.5511759
304 24 30 29 0.55001956
88 462 23 33 0.4443661
188 262 24 23 0.177003
611 21 12 17 0.15252285
374 453 26 24 0.07386998
179 264 27 23 0.07011773
433 672 22 22 0.06635016
124 280 23 21 0.06437441
289 2 66 67 0.050786655
651 433 17 23 0.047829412
358 516 19 21 0.045964915
929 579 96 115 0.034780227
610 691 21 17 0.03249102
348 510 28 25 0.032468785
214 611 15 16 0.03148702
58 614 16 17 0.025115075
-13 352 120 104 0.02390752
