51_Dresses_wearingdress_51_221
24
141 101 89 106 0.82286006
354 151 82 89 0.80061424
725 53 72 88 0.76982653
912 100 66 71 0.66206765
337 132 114 130 0.49584895
922 232 32 41 0.19399875
158 115 54 82 0.19241042
163 143 36 40 0.12344542
923 242 24 24 0.11009145
384 165 37 63 0.09450131
364 172 37 51 0.07335596
938 110 46 58 0.07207726
895 91 102 98 0.0642776
913 71 43 55 0.054130904
312 342 93 90 0.04359697
415 438 15 20 0.03961622
84 65 13 13 0.03494972
141 124 42 64 0.029637223
326 359 68 59 0.029185554
381 146 90 102 0.026280455
98 124 78 83 0.022911107
778 31 21 21 0.022570165
187 126 29 59 0.02071896
774 21 33 41 0.020705884
