51_Dresses_wearingdress_51_606
24
620 72 111 172 0.8089625
262 225 91 127 0.7119866
468 234 26 49 0.1277508
670 100 52 116 0.09069355
408 229 13 23 0.06230358
650 91 45 109 0.055655204
465 232 19 36 0.051063117
475 231 15 27 0.048080355
589 89 54 104 0.046801437
234 12 11 18 0.044454783
199 169 14 34 0.042620018
-13 -17 84 159 0.03566083
638 90 35 110 0.035357103
-49 -12 153 247 0.034878246
293 225 80 158 0.032270547
647 135 20 56 0.029281935
400 775 245 377 0.028009012
604 78 59 122 0.027351495
227 6 19 28 0.026162555
55 698 89 168 0.024855241
834 330 42 72 0.02453863
456 869 136 228 0.024175052
693 306 208 310 0.022180567
477 1054 166 263 0.021705203
