44_Aerobics_Aerobics_44_339
26
127 44 69 63 0.78320676
358 142 50 45 0.75663495
508 142 43 39 0.75588137
805 53 63 57 0.6901198
658 171 32 30 0.6738099
244 161 43 38 0.63753587
766 21 137 119 0.30702683
5 198 37 33 0.22467269
490 129 72 63 0.13060029
350 130 73 72 0.10980809
11 204 38 36 0.07765021
701 303 28 28 0.07559754
122 19 91 107 0.07176804
186 137 89 65 0.061035275
254 168 27 24 0.05702942
234 152 40 39 0.05229528
457 257 17 14 0.04906923
776 553 47 38 0.03854915
702 217 33 32 0.027637297
894 165 29 28 0.02573702
45 179 71 64 0.025443241
57 201 46 44 0.025216842
449 253 25 21 0.023508402
324 487 141 99 0.02247322
519 151 27 27 0.021079216
105 55 73 50 0.020122493
