44_Aerobics_Aerobics_44_246
39
282 606 39 72 0.72877854
665 631 48 82 0.7122734
781 638 40 82 0.6638344
554 173 24 54 0.58146733
796 1035 23 46 0.5306856
244 1187 14 26 0.31804523
96 1201 13 22 0.22133502
388 1191 13 27 0.17912409
435 1162 31 60 0.17855266
11 1198 10 22 0.16561934
393 1181 22 40 0.16518229
319 1203 15 24 0.14679925
488 1155 23 56 0.13370375
394 184 20 36 0.123386994
792 1014 32 73 0.11544165
318 1214 8 16 0.11379561
664 602 66 144 0.08040602
186 1204 11 20 0.08036949
877 144 13 28 0.068365656
460 1159 28 57 0.06728748
768 164 17 28 0.052276243
875 143 23 46 0.04709329
423 1184 18 29 0.045389984
631 175 18 39 0.039865717
678 180 17 31 0.039406847
630 578 80 184 0.036761995
245 137 75 118 0.03601887
387 191 14 25 0.033495013
111 1210 2 8 0.03220735
313 167 25 42 0.032178465
256 1195 10 20 0.028102458
472 1113 62 129 0.025090896
12 1208 6 12 0.02257725
97 1205 4 7 0.022506667
512 1157 21 46 0.02176845
146 479 92 174 0.021483833
911 613 96 168 0.020555405
955 164 86 172 0.020510942
309 1014 13 33 0.020054324
