44_Aerobics_Aerobics_44_742
23
453 133 52 49 0.73215425
265 242 39 36 0.7166313
154 190 41 39 0.71465045
766 252 45 43 0.6979493
584 256 41 37 0.34363902
466 134 28 42 0.241834
692 240 35 35 0.2406491
431 113 100 96 0.17441049
702 216 35 34 0.17022304
706 243 21 26 0.1598328
24 198 20 20 0.1316144
592 263 25 26 0.1313879
706 221 23 24 0.10701016
224 223 120 94 0.07292592
749 236 67 75 0.05903744
551 243 47 45 0.03637402
268 254 30 27 0.031409282
242 219 85 63 0.031033719
306 234 25 26 0.030857341
36 201 10 10 0.02563579
494 179 202 163 0.022417875
537 280 60 51 0.021796558
91 152 168 137 0.020695185
