44_Aerobics_Aerobics_44_640
23
410 218 31 32 0.70951486
86 448 33 30 0.6866166
376 418 29 30 0.6817818
869 206 29 31 0.61311716
926 425 33 34 0.6081043
128 241 29 29 0.6065635
650 431 23 21 0.54093605
132 246 21 19 0.5213625
616 231 32 34 0.45533285
94 454 20 22 0.39158407
907 412 70 60 0.26014236
931 426 22 23 0.24491477
646 419 37 36 0.22879852
625 409 77 66 0.21168427
75 441 53 49 0.17896502
377 550 30 28 0.14712107
369 545 50 45 0.061442904
515 413 15 16 0.042618405
1001 302 21 34 0.027754145
640 226 53 60 0.024694629
72 539 94 81 0.020443775
210 224 61 60 0.020206437
47 209 21 24 0.020054324
