44_Aerobics_Aerobics_44_343
25
286 178 43 45 0.7244674
588 178 29 32 0.68904775
377 160 28 29 0.5839871
891 197 32 34 0.44692895
762 179 19 18 0.24415526
665 206 38 35 0.13924217
932 161 10 12 0.10232067
673 186 17 17 0.1016144
667 189 15 16 0.09913422
677 214 18 16 0.084611215
773 179 11 11 0.07512672
1007 178 15 21 0.044490017
804 175 15 15 0.042604506
756 176 17 16 0.04088663
118 525 222 198 0.038802523
675 170 11 12 0.030819532
555 182 14 15 0.028776689
736 195 15 15 0.028708488
924 232 13 14 0.028149057
484 449 109 102 0.027006244
388 166 15 18 0.02576989
238 251 24 25 0.024803758
968 277 14 15 0.024302835
829 183 12 14 0.02410898
897 209 21 24 0.02348583
