44_Aerobics_Aerobics_44_585
21
817 214 37 40 0.76275176
175 207 28 33 0.7072349
532 185 31 32 0.6304751
281 203 35 37 0.33417824
599 173 22 22 0.31404343
281 184 44 52 0.25966185
306 156 23 28 0.134041
255 209 39 38 0.12578201
302 181 24 28 0.08527299
188 218 9 12 0.069402434
256 194 40 39 0.049761217
63 394 219 335 0.045854747
400 394 190 288 0.045522388
234 194 27 29 0.04405425
243 196 25 24 0.04326873
858 -4 23 21 0.036701433
716 553 85 86 0.03007053
538 194 15 18 0.026236806
55 314 293 339 0.025031846
127 420 166 159 0.02348294
598 184 18 20 0.020916807
