44_Aerobics_Aerobics_44_688
18
263 234 221 387 0.6417817
711 471 81 176 0.4925357
529 342 95 164 0.36385018
781 394 98 178 0.17795047
350 250 153 309 0.12945245
720 507 44 104 0.05241829
738 311 154 295 0.040433355
552 317 115 224 0.039004426
711 410 125 259 0.037956234
903 682 23 42 0.035910945
390 319 104 210 0.030341728
911 690 14 31 0.02469086
741 389 103 171 0.024665322
593 527 108 188 0.022981005
512 1099 92 154 0.02272172
186 196 196 406 0.022308394
496 302 91 195 0.021323727
797 319 140 275 0.020493595
