44_Aerobics_Aerobics_44_332
63
433 310 28 23 0.52927744
543 306 19 18 0.5111129
18 295 16 16 0.39852715
185 309 16 13 0.38712254
116 300 24 20 0.36138391
381 304 25 20 0.3510899
237 292 18 15 0.3385484
702 307 27 23 0.3325687
983 306 13 11 0.33150613
826 308 18 15 0.2889763
525 288 20 16 0.28302962
297 308 11 9 0.25819972
324 293 19 14 0.25509992
750 306 10 9 0.22208962
73 301 10 7 0.1951701
74 296 18 16 0.1607463
936 298 10 9 0.15903513
665 304 9 9 0.14513442
767 298 15 12 0.14217046
659 301 10 8 0.13784288
76 305 7 8 0.13052423
659 297 14 13 0.11950041
641 318 13 11 0.106002994
204 296 17 14 0.10171231
647 298 14 11 0.0918413
840 307 11 9 0.088908255
772 143 152 96 0.08678919
589 291 10 9 0.085370526
399 304 33 23 0.07340919
864 299 11 9 0.06847429
752 298 15 12 0.06743783
178 304 27 24 0.062278677
45 304 21 15 0.056453653
59 309 42 31 0.052198447
642 328 7 6 0.051504023
445 293 24 17 0.050694324
859 309 7 5 0.0505363
933 312 10 8 0.05025939
445 320 35 27 0.04844255
642 307 14 12 0.04640639
236 306 11 10 0.04638658
30 307 11 10 0.044507857
225 304 12 11 0.043369915
211 302 8 6 0.041773286
767 299 11 9 0.04001359
608 295 12 10 0.039054304
319 299 5 5 0.03736864
685 308 11 10 0.03490527
881 309 6 6 0.034294654
358 339 146 101 0.03221391
122 298 13 14 0.03191178
97 304 10 11 0.030811695
1007 67 12 13 0.030434947
391 308 10 10 0.029350495
412 298 48 52 0.028358968
981 327 35 28 0.027304115
525 311 12 10 0.026713602
916 312 7 7 0.0258515
17 305 8 8 0.023319058
866 41 81 60 0.02272834
746 113 240 156 0.021636898
197 184 133 102 0.020931944
405 366 78 67 0.02009596
