44_Aerobics_Aerobics_44_167
49
270 312 77 86 0.7809248
878 318 73 79 0.7575415
173 273 32 35 0.6952502
609 303 31 34 0.69258624
369 283 36 41 0.6803087
889 483 133 202 0.67663014
569 241 26 31 0.5484534
177 280 22 24 0.54525214
798 278 25 37 0.5366051
686 268 27 30 0.4568536
1003 270 13 14 0.43956724
743 242 24 25 0.37905812
803 276 34 40 0.36856684
573 247 18 21 0.34604973
840 228 27 29 0.33583614
926 250 20 19 0.31255502
897 276 33 30 0.30068964
677 272 27 25 0.24799748
994 267 16 23 0.22616173
834 238 23 23 0.22147892
749 250 14 12 0.20146617
375 262 18 21 0.1916454
746 270 22 27 0.19066861
617 309 20 23 0.19030397
371 253 31 37 0.1900159
911 284 15 18 0.17928666
881 266 7 8 0.17747411
956 261 20 18 0.17635241
206 231 222 241 0.16605261
770 277 14 15 0.14940536
381 296 13 18 0.12514277
971 258 21 23 0.11967469
699 273 18 18 0.1188208
298 308 68 85 0.09633154
729 273 18 18 0.0952488
709 250 29 33 0.078073345
379 265 19 29 0.06284223
830 264 9 8 0.06272031
723 261 10 10 0.060327005
959 271 11 12 0.04570318
1001 263 14 15 0.044180464
908 255 17 19 0.039441112
692 279 7 12 0.029134236
839 319 99 88 0.027227256
257 331 65 61 0.026771307
857 314 128 116 0.024499055
953 267 21 20 0.021732116
476 -72 231 212 0.020282345
817 223 27 36 0.020144204
