44_Aerobics_Aerobics_44_936
20
542 839 71 100 0.73804516
293 517 58 101 0.71985304
439 406 52 93 0.7135609
730 394 71 108 0.70604575
544 427 49 98 0.6435248
396 832 56 95 0.5874148
721 371 104 158 0.3598207
477 512 30 61 0.14080872
410 844 29 59 0.108540215
112 496 21 38 0.060072407
600 699 36 58 0.058019917
678 346 129 211 0.045128737
456 418 46 77 0.044740636
436 381 85 150 0.037903737
149 459 15 27 0.036342017
534 464 47 83 0.024896128
729 397 53 74 0.024190405
371 812 154 257 0.023775874
860 1121 93 173 0.022620132
562 824 56 95 0.02129127
