44_Aerobics_Aerobics_44_370
23
289 150 108 90 0.7637149
921 40 83 53 0.74370694
152 60 108 70 0.73772115
653 70 89 67 0.7116129
239 17 65 43 0.60880464
557 1 81 48 0.45586494
818 2 58 23 0.45203447
108 63 129 76 0.16333322
945 46 56 37 0.115741186
165 79 62 39 0.08872022
513 -4 131 71 0.07580066
279 167 91 49 0.06517771
908 47 69 33 0.064635925
631 84 82 40 0.050897706
679 70 123 68 0.04008412
870 0 42 18 0.033658817
314 152 114 68 0.032786176
109 129 42 22 0.030124143
580 6 57 34 0.02892496
625 47 185 103 0.022951292
178 190 284 124 0.02284424
210 18 71 37 0.020669764
226 -14 107 79 0.020069145
