44_Aerobics_Aerobics_44_17
26
816 339 69 65 0.7610501
375 65 33 35 0.6212488
792 317 123 110 0.5349607
273 324 61 55 0.530407
144 147 44 38 0.49690023
205 190 39 36 0.44438484
257 306 90 89 0.36397508
486 128 35 27 0.17396457
405 44 35 33 0.07770122
189 183 48 44 0.070133016
120 123 34 30 0.05139055
429 56 43 38 0.04269307
358 54 69 65 0.040615693
166 158 87 85 0.037697688
369 256 47 36 0.03705929
351 205 49 43 0.031337507
122 103 135 123 0.03106721
565 274 93 76 0.030720573
160 134 136 111 0.027203545
106 114 97 78 0.026701987
429 66 29 27 0.025860721
554 4 37 26 0.024438176
348 232 95 84 0.022712708
552 211 37 34 0.022293169
250 79 25 23 0.021463629
498 136 12 11 0.021399483
