44_Aerobics_Aerobics_44_66
22
250 147 75 86 0.7567363
904 230 33 39 0.730929
676 197 37 43 0.6816918
784 209 45 48 0.6082697
429 230 49 62 0.58491814
447 252 11 15 0.50331175
478 261 21 23 0.46738088
88 252 21 22 0.4457151
909 237 20 27 0.27405208
457 248 34 34 0.18401583
582 225 30 33 0.05145035
239 112 113 138 0.047207598
669 209 37 41 0.044962645
249 166 45 50 0.04337294
523 249 23 26 0.03690626
449 240 17 20 0.035280403
765 210 69 64 0.033419155
293 164 39 55 0.02768272
776 189 69 70 0.023189718
361 247 37 37 0.021947354
227 167 39 40 0.021352261
891 218 41 65 0.02051335
