11_Meeting_Meeting_11_Meeting_Meeting_11_26
79
776 263 28 26 0.41440165
804 274 25 22 0.2968627
337 239 19 17 0.27444738
828 293 21 21 0.26164857
146 311 31 28 0.25462767
70 221 21 20 0.238948
254 262 16 16 0.2252703
831 289 28 30 0.21322405
183 286 21 21 0.19837129
157 284 41 33 0.18770732
271 347 74 63 0.17906024
168 235 12 11 0.17138635
736 252 15 13 0.16302273
224 275 14 10 0.16086847
823 292 18 17 0.15289637
197 239 16 16 0.1455097
366 235 29 23 0.14111163
372 232 23 17 0.13969941
170 292 21 21 0.1376594
669 236 13 10 0.13476963
171 231 19 17 0.13339269
73 225 12 13 0.12841564
449 228 13 13 0.10007324
307 254 10 8 0.09146191
994 357 21 25 0.08862102
71 339 20 20 0.08673582
379 242 14 13 0.08168469
409 241 10 10 0.07221042
632 233 14 12 0.0686698
704 249 12 9 0.06767146
393 233 13 12 0.065445274
407 235 14 10 0.062101375
45 492 36 38 0.0577966
269 260 8 6 0.056566987
869 296 25 26 0.0554969
366 266 7 9 0.055301674
811 282 13 14 0.054057866
36 206 16 16 0.053909138
226 280 7 8 0.052509848
912 343 32 29 0.050764363
243 261 18 17 0.050592396
999 367 17 25 0.050499696
337 230 24 22 0.049286332
630 234 11 9 0.049167663
690 243 10 11 0.04880839
55 396 77 62 0.048754875
346 237 11 10 0.04832755
780 342 25 22 0.047505986
319 246 14 15 0.047431774
188 246 16 15 0.04454599
673 243 8 7 0.04269659
2 156 25 32 0.040762506
294 296 22 22 0.03953744
192 283 11 11 0.039411366
922 312 28 29 0.038738593
257 209 15 13 0.03801727
530 227 10 11 0.037358668
18 372 59 80 0.037084866
908 307 22 22 0.036782343
193 232 17 16 0.034981005
757 257 15 16 0.034053028
930 298 20 22 0.033784166
451 402 25 22 0.03265338
339 8 28 26 0.03152124
991 381 28 33 0.031152079
262 202 11 10 0.029470747
8 338 115 90 0.028577961
915 331 42 39 0.028262008
51 490 53 50 0.027454184
774 256 11 12 0.027062379
611 233 8 7 0.02602579
170 280 16 15 0.025498888
37 202 24 19 0.024987644
248 343 58 57 0.024861606
860 316 21 25 0.020960085
1001 350 23 21 0.020921296
874 382 61 53 0.020535799
302 301 15 15 0.020448005
296 268 13 11 0.020348836
