11_Meeting_Meeting_11_Meeting_Meeting_11_529
45
662 465 78 78 0.8171928
823 319 62 58 0.7991823
845 412 78 87 0.7864491
451 278 63 58 0.7792568
11 313 58 66 0.73706555
535 358 71 70 0.71760225
625 281 58 57 0.67087454
64 232 36 35 0.6593013
176 309 38 37 0.6200092
349 402 60 61 0.59170437
8 252 43 46 0.5810484
419 125 34 34 0.5582339
807 300 94 96 0.5492329
727 294 33 30 0.5461824
774 292 31 33 0.40464225
395 107 79 71 0.2447471
292 296 26 24 0.15636605
109 289 25 25 0.1400997
290 294 19 21 0.12199082
748 292 29 33 0.12094659
33 303 37 44 0.117799595
232 294 24 21 0.08359776
47 297 28 25 0.0748336
167 304 56 54 0.07389087
145 333 27 33 0.07184842
253 385 33 35 0.065192334
511 291 41 38 0.063543856
191 267 27 27 0.0577236
226 293 22 19 0.051106397
734 299 20 22 0.050799664
258 360 43 45 0.05008149
848 445 49 45 0.037604284
513 294 26 26 0.03501787
486 559 140 110 0.033322014
27 261 27 29 0.03278061
849 394 144 125 0.032759637
428 136 33 28 0.031733714
319 398 66 64 0.0301795
419 137 27 26 0.029767198
288 273 24 24 0.028575929
375 312 40 37 0.025093218
452 284 37 46 0.024200909
426 271 113 95 0.022412369
362 -19 137 124 0.021996047
8 242 68 66 0.021529362
