11_Meeting_Meeting_11_Meeting_Meeting_11_339
37
882 250 103 129 0.8291453
154 149 57 51 0.7422386
666 150 49 47 0.730158
611 125 34 34 0.68603235
456 124 27 27 0.68333375
278 146 32 34 0.64792573
130 212 43 50 0.5383454
709 186 54 60 0.5381388
463 131 8 11 0.19766127
262 136 56 51 0.15332788
34 200 36 41 0.14751625
659 141 77 69 0.09535675
622 488 170 154 0.06354612
462 142 21 19 0.057767987
736 468 80 73 0.052061293
596 116 46 50 0.048806973
105 206 42 47 0.04774761
684 440 151 108 0.044150256
491 146 13 14 0.04377787
870 265 78 93 0.038300406
723 560 291 204 0.03776773
679 543 65 52 0.036495805
15 150 37 51 0.033596434
95 196 93 85 0.0331425
758 278 57 53 0.032314334
115 129 149 110 0.032275528
907 443 143 124 0.03143208
137 223 30 34 0.031064441
688 27 28 26 0.03011195
717 194 38 39 0.027904551
924 282 63 77 0.02665234
339 220 25 23 0.025721062
644 123 153 129 0.025409749
45 216 18 19 0.025190696
280 157 34 31 0.024159776
171 155 77 67 0.0229107
945 286 57 69 0.02091645
