11_Meeting_Meeting_11_Meeting_Meeting_11_807
27
547 31 54 50 0.7821496
410 84 44 40 0.76569587
614 73 64 59 0.7410017
884 228 90 111 0.58263063
566 39 22 32 0.5515559
688 412 101 107 0.49689245
392 66 80 77 0.48753232
269 155 61 58 0.32122183
309 113 40 33 0.2860099
857 349 60 59 0.2523847
284 389 82 70 0.24548444
766 104 57 53 0.16801341
784 96 58 60 0.12906824
969 169 51 91 0.10871955
780 117 33 31 0.06566176
312 119 25 24 0.044237662
863 136 136 172 0.041970972
290 411 79 78 0.03887849
135 193 70 70 0.03740072
341 22 138 115 0.032106336
593 67 80 95 0.021607846
217 326 108 87 0.021237928
951 165 101 124 0.02096533
127 173 145 125 0.020758642
320 133 41 39 0.020669002
782 193 75 69 0.020390382
90 157 51 47 0.020111024
