11_Meeting_Meeting_11_Meeting_Meeting_11_102
27
587 8 120 157 0.8311229
8 246 82 153 0.829433
754 201 112 145 0.8216296
125 74 121 130 0.80775857
872 230 136 188 0.7746288
431 171 134 175 0.68203074
892 226 73 91 0.1257772
776 252 53 63 0.1162224
758 243 51 64 0.113668524
973 193 51 72 0.09305708
-33 245 160 161 0.08221251
233 381 165 142 0.06785108
685 141 254 216 0.06641317
67 58 184 177 0.06422877
599 50 75 88 0.062492937
-1 295 69 82 0.043586127
518 -41 293 224 0.04112537
580 35 74 97 0.03647548
115 113 90 91 0.03195879
833 244 148 138 0.03154697
390 136 224 200 0.030676585
521 1 149 164 0.027474824
797 209 94 107 0.025812283
169 104 68 85 0.025548602
262 411 81 80 0.025157332
730 237 65 77 0.021387309
485 206 98 107 0.02054877
