11_Meeting_Meeting_11_Meeting_Meeting_11_206
41
83 324 57 55 0.73274595
473 254 41 44 0.7263695
798 218 42 42 0.71401775
302 279 34 37 0.6653644
180 374 68 68 0.65311915
47 186 23 26 0.58438313
619 241 28 29 0.54474515
84 208 26 23 0.41515636
958 301 44 56 0.39941242
139 182 21 25 0.3938506
314 187 16 16 0.3655199
864 304 60 68 0.35205483
276 193 14 15 0.35132474
805 224 28 29 0.28572372
222 192 13 16 0.20933175
821 326 49 45 0.15725733
204 384 35 52 0.08474494
127 186 21 25 0.08190306
310 208 25 25 0.06833449
256 193 16 16 0.06492605
795 335 62 48 0.055372722
425 193 13 14 0.0470483
602 254 27 30 0.045903392
837 327 59 44 0.042976845
98 326 29 48 0.04083601
975 313 30 32 0.038379665
557 271 24 31 0.038196612
467 241 57 78 0.034191575
831 248 49 42 0.033371463
611 210 12 14 0.028779794
516 451 63 59 0.026442712
240 212 12 13 0.026402686
575 435 47 46 0.025678633
148 219 16 19 0.024530286
879 266 48 41 0.023711419
726 449 120 79 0.023692936
206 186 17 18 0.022617944
960 291 31 32 0.021778049
20 212 15 21 0.021688787
292 276 54 53 0.021525273
845 310 50 48 0.020633318
