11_Meeting_Meeting_11_Meeting_Meeting_11_385
87
937 249 68 74 0.68563765
766 214 42 46 0.67800426
153 211 46 41 0.6488577
833 93 25 24 0.60963285
285 167 34 32 0.54001397
28 266 62 68 0.52332276
61 225 54 61 0.40315333
597 204 27 25 0.39266545
445 145 19 17 0.3897423
960 162 21 22 0.38245976
190 259 34 34 0.38064954
828 213 51 42 0.33068728
800 178 23 23 0.33016992
732 98 17 15 0.31099984
820 202 39 39 0.28260946
886 180 16 15 0.25284174
712 173 21 19 0.24844019
914 164 9 8 0.2262639
373 150 20 19 0.22620717
609 212 16 18 0.2224976
197 271 21 20 0.21406037
426 98 17 15 0.19213176
520 108 16 15 0.18624988
1008 171 19 17 0.18505771
785 167 28 21 0.18316793
429 103 11 10 0.16412538
656 162 18 21 0.1607919
652 151 18 20 0.1535719
755 147 14 13 0.1377926
276 162 48 47 0.13421986
977 165 20 19 0.12996404
705 153 26 26 0.124974735
691 112 20 19 0.12181922
707 114 10 8 0.121779606
405 183 8 9 0.12090594
402 192 16 16 0.12024364
564 107 11 11 0.11675745
770 143 19 18 0.10900582
381 163 16 16 0.1083892
812 189 22 19 0.10341326
830 377 40 43 0.10230508
435 100 14 17 0.10200788
656 132 17 14 0.09023933
767 153 14 14 0.08882664
568 178 17 17 0.08484905
353 152 21 21 0.08479463
888 199 33 33 0.07514125
597 198 20 22 0.07375361
894 170 16 16 0.07311481
38 234 89 87 0.072459474
810 124 16 14 0.07101542
612 149 16 16 0.07052064
630 150 12 10 0.069403
606 150 7 7 0.06073993
971 186 41 43 0.05994983
689 159 29 30 0.058216065
69 217 47 41 0.05547522
837 224 38 42 0.052581444
818 101 23 22 0.04947819
180 222 25 25 0.04814326
649 153 23 28 0.045459457
514 120 12 11 0.044749595
970 164 9 9 0.041641746
918 171 3 3 0.040491495
513 108 19 19 0.03914163
585 172 17 15 0.03893214
746 220 43 52 0.037030384
306 103 11 10 0.03516614
563 190 17 16 0.035019845
900 160 9 11 0.034928024
654 242 33 30 0.03354075
306 191 25 22 0.03329053
50 266 63 70 0.031810146
793 136 12 12 0.027765203
835 569 98 94 0.02663998
498 107 16 14 0.026051125
292 189 24 22 0.025299545
898 194 127 114 0.02449813
408 189 21 20 0.023308797
271 175 31 28 0.023306467
640 164 18 19 0.02317267
544 106 11 14 0.022462532
805 202 90 72 0.022098184
924 230 139 116 0.021833148
462 106 14 12 0.021424064
857 140 60 47 0.0206171
280 187 19 22 0.020322524
