11_Meeting_Meeting_11_Meeting_Meeting_11_774
113
12 604 48 47 0.58297503
599 445 18 19 0.4800159
703 413 25 22 0.45188203
605 441 25 23 0.39871484
400 441 23 21 0.39802516
558 478 24 22 0.3569607
449 441 18 18 0.34390435
877 321 21 19 0.31841227
555 462 27 23 0.27750742
500 426 11 11 0.2740466
824 311 19 15 0.2609624
778 297 18 15 0.259805
341 417 24 23 0.25891927
740 399 17 16 0.24719031
945 323 17 17 0.23360099
746 397 17 16 0.23076661
406 445 15 15 0.22124963
107 308 9 10 0.21945092
885 320 18 19 0.21223974
234 415 14 12 0.21029563
947 326 11 12 0.20637047
805 372 20 14 0.19556625
565 443 21 21 0.1802418
793 357 5 5 0.15508696
607 376 9 10 0.14979893
823 346 13 10 0.14866488
736 350 7 7 0.1481276
640 294 11 11 0.14520223
897 387 14 12 0.1400221
951 358 16 17 0.11778746
107 310 17 14 0.10858846
438 421 8 11 0.10828391
691 409 21 19 0.10622202
619 489 22 19 0.0987422
520 306 12 11 0.097196095
477 397 9 9 0.09042235
3 374 16 18 0.08361176
80 296 73 55 0.081845045
623 401 18 14 0.0814107
607 404 17 14 0.07983678
625 415 15 13 0.07860681
7 345 19 16 0.07768227
188 353 9 7 0.075816855
390 417 5 6 0.07145851
711 373 9 10 0.07136225
558 347 9 7 0.06993463
829 310 10 9 0.06904214
177 107 20 15 0.06882748
895 372 13 12 0.06320176
830 316 9 10 0.061339833
563 422 11 10 0.05866491
770 397 14 12 0.05855842
274 409 12 15 0.057662003
102 360 15 13 0.05762243
50 349 19 16 0.056652498
821 360 13 12 0.055501983
122 391 11 11 0.05227444
612 363 20 20 0.05152497
530 419 10 10 0.051032186
844 367 12 11 0.050023552
44 104 15 10 0.049559038
942 328 13 10 0.049172997
832 399 16 15 0.04915184
242 406 17 15 0.047991816
13 99 7 6 0.04776653
658 368 12 11 0.047309585
646 370 9 8 0.045490947
830 7 16 11 0.045455515
945 357 32 28 0.044483084
424 420 6 6 0.0438582
533 409 20 18 0.04344984
637 442 14 14 0.04311088
189 375 14 9 0.042697877
235 369 9 8 0.042319585
593 411 10 12 0.04216486
668 306 13 12 0.041504487
172 356 14 12 0.04135022
961 560 97 90 0.04120914
704 357 6 4 0.040563032
323 411 20 18 0.040523864
487 605 142 93 0.03872616
98 357 7 5 0.03862473
170 110 10 8 0.038582154
38 387 12 14 0.037640646
692 362 16 15 0.03760503
473 410 19 17 0.03629415
900 375 11 11 0.035428498
659 440 20 22 0.034297366
828 398 8 9 0.034296464
903 386 10 11 0.03380226
267 350 12 8 0.03334457
661 498 15 16 0.03294818
84 104 9 8 0.032605678
565 380 7 6 0.029847987
531 465 25 26 0.028108187
-44 536 145 112 0.027765976
988 581 40 49 0.027760781
190 400 6 6 0.027504548
119 355 7 5 0.027169213
107 393 10 11 0.026757887
594 404 10 7 0.024936125
664 403 5 5 0.024859238
831 10 10 7 0.024354136
126 112 7 5 0.023730913
411 395 6 5 0.023228588
83 395 9 7 0.022646703
-13 608 119 85 0.02213325
659 442 12 12 0.021515314
61 375 9 7 0.021442363
-18 566 96 77 0.020992411
13 620 30 33 0.020670228
318 357 19 17 0.020092137
204 315 15 15 0.02006374
