11_Meeting_Meeting_11_Meeting_Meeting_11_663
20
235 219 63 58 0.78254193
122 481 21 17 0.27007937
967 267 20 16 0.1160522
897 457 50 40 0.09908179
91 480 16 13 0.09358076
82 511 10 9 0.08346443
996 267 18 13 0.07712485
10 514 8 7 0.072223395
710 118 20 19 0.06969951
48 512 8 5 0.06440136
219 214 94 81 0.055026885
900 462 37 26 0.054844722
30 504 16 15 0.04250328
707 127 19 20 0.038682565
107 510 16 13 0.03735342
246 252 41 29 0.035572957
90 472 20 16 0.034471955
975 274 15 14 0.029279113
927 284 15 11 0.027831381
957 290 15 11 0.02069979
