11_Meeting_Meeting_11_Meeting_Meeting_11_441
67
555 283 26 25 0.718994
647 292 30 32 0.68129265
456 275 30 29 0.65580887
246 304 50 50 0.64810264
739 330 42 40 0.60603213
392 275 45 44 0.58144146
653 299 19 19 0.5762923
730 294 33 33 0.56949174
163 487 86 68 0.51220554
128 365 47 60 0.41170412
384 288 48 40 0.3745924
368 313 37 32 0.3481354
438 259 66 60 0.34150115
596 225 16 17 0.3263425
399 281 29 32 0.3025642
181 468 93 100 0.24859728
626 326 20 19 0.2009654
391 359 44 38 0.19124958
137 353 52 58 0.17502262
629 319 31 30 0.13235335
817 351 37 34 0.12901984
298 139 23 20 0.11044678
666 414 19 17 0.097714305
335 305 32 35 0.07507604
657 403 26 25 0.07466463
343 294 93 77 0.07120628
517 490 22 19 0.066325136
755 329 37 40 0.06466417
410 366 25 24 0.0645496
257 323 37 44 0.06363201
798 337 53 43 0.059846375
736 310 37 42 0.059748977
310 297 201 172 0.057413824
636 438 19 19 0.05466126
616 320 33 33 0.0529743
242 311 72 66 0.051794354
853 226 18 21 0.05008639
775 11 10 10 0.049484033
411 277 23 27 0.04336195
634 431 28 30 0.040703017
644 297 21 23 0.03736665
563 289 10 13 0.036248997
947 405 55 57 0.035237752
215 640 83 42 0.034727328
0 378 56 72 0.033808462
88 316 30 26 0.032227293
0 408 53 52 0.030492615
140 486 76 72 0.029367773
392 378 32 30 0.028904282
294 128 37 32 0.027404169
566 267 17 18 0.0262871
821 349 62 44 0.025980076
720 645 41 38 0.025438206
733 533 88 66 0.023456628
731 495 98 91 0.023413451
950 417 41 34 0.023123082
347 310 21 24 0.023045175
568 251 8 7 0.021604782
876 275 165 143 0.02096397
612 349 28 26 0.020957097
268 332 26 28 0.02083657
22 427 193 182 0.0205886
22 286 124 98 0.02057325
905 351 28 28 0.020565923
194 509 87 80 0.020534774
381 652 37 24 0.020494696
102 349 49 52 0.020325102
