11_Meeting_Meeting_11_Meeting_Meeting_11_507
122
52 251 32 34 0.74104834
897 407 47 46 0.7168275
71 408 38 37 0.71193683
120 361 41 40 0.58191115
237 229 23 23 0.55034935
843 299 22 19 0.4930557
43 246 48 46 0.48464954
817 360 30 31 0.4762025
184 234 34 37 0.4680786
187 244 23 24 0.4205035
809 244 21 21 0.41847467
148 296 17 15 0.3787974
729 272 18 19 0.35369533
894 318 27 26 0.35251585
887 310 22 21 0.34691206
1010 250 13 13 0.31862894
885 395 75 74 0.30150306
188 354 29 32 0.29893148
877 288 11 10 0.28705195
747 237 14 13 0.2747957
876 293 37 36 0.2710271
265 300 13 11 0.2650573
258 360 25 24 0.24180306
698 308 17 17 0.2141429
197 365 19 20 0.2075038
865 354 18 15 0.20586342
934 373 19 18 0.20356509
879 278 15 15 0.20144907
961 248 8 9 0.19848213
805 351 26 23 0.19639418
996 419 27 34 0.18949887
700 418 19 18 0.18491633
737 323 21 21 0.18244912
863 499 22 22 0.1731282
772 226 22 21 0.17068994
702 304 12 13 0.16668624
151 298 10 12 0.16471797
969 354 18 20 0.16375366
662 282 15 13 0.14954759
829 355 28 27 0.13736175
920 362 23 23 0.13582288
293 229 17 14 0.13449357
176 360 27 23 0.13009974
332 276 11 10 0.12832052
913 352 29 25 0.1235401
706 423 15 14 0.117586054
759 231 16 16 0.11569653
985 354 18 18 0.10917592
218 272 11 15 0.10900978
898 233 11 10 0.10732653
629 260 14 11 0.09707821
256 281 19 17 0.09620614
81 367 44 40 0.091794245
669 273 10 11 0.08405904
619 258 11 11 0.0830488
1009 281 13 13 0.082393385
879 381 113 99 0.07764296
854 495 28 30 0.07513709
706 315 23 25 0.07492637
199 446 12 12 0.072582975
283 289 7 8 0.071968
310 350 19 17 0.07057288
374 227 11 12 0.06862662
310 289 8 6 0.068110876
911 233 11 10 0.067638606
665 260 8 7 0.06561728
696 288 8 7 0.06459897
83 414 19 25 0.059908304
-1 421 23 31 0.05900382
963 355 18 16 0.05799837
928 234 9 8 0.05607039
308 230 11 12 0.05539518
975 225 14 15 0.051453616
966 228 8 7 0.05083818
267 303 7 6 0.04884124
264 418 13 14 0.047666535
42 620 16 15 0.046268318
870 353 20 25 0.046211697
695 364 16 18 0.044897966
706 359 14 15 0.04462869
164 276 11 12 0.043917622
841 351 48 50 0.04390582
322 272 14 14 0.04187775
198 277 20 15 0.04186244
758 419 17 16 0.039882977
307 345 19 17 0.03830117
878 511 20 22 0.03784005
367 350 12 13 0.037208796
894 523 22 20 0.034132294
194 425 29 28 0.034113597
164 350 21 20 0.03392685
141 373 12 17 0.033460837
296 297 17 17 0.032154582
452 77 29 24 0.03188021
35 618 18 20 0.0317269
341 257 8 7 0.030957475
203 240 10 13 0.029974388
862 279 16 18 0.029311694
382 255 6 5 0.029255774
743 310 15 17 0.02856374
861 490 41 39 0.028349353
551 235 8 7 0.028331028
268 367 12 10 0.028284537
814 239 9 10 0.028061004
413 254 7 6 0.027761942
339 237 8 6 0.027261078
779 320 20 20 0.026024047
617 310 12 11 0.025697285
907 400 30 33 0.025378333
814 235 18 15 0.024746265
545 236 8 8 0.023774473
454 -18 221 111 0.023364395
984 327 14 15 0.02309684
264 368 15 16 0.022744918
955 368 26 25 0.02260099
397 253 9 9 0.022400042
307 432 13 11 0.022336695
874 294 18 17 0.022281984
641 352 13 12 0.02140583
183 232 26 23 0.02097871
904 381 71 78 0.020528655
852 291 29 30 0.020274173
