11_Meeting_Meeting_11_Meeting_Meeting_11_71
34
305 171 46 54 0.7697092
82 275 66 81 0.762648
21 48 40 53 0.74803567
454 141 35 41 0.73619086
606 144 43 51 0.7125875
353 138 40 53 0.7080573
776 199 77 100 0.53685987
799 297 141 203 0.53210235
737 158 47 59 0.48440376
225 203 63 74 0.42739722
361 148 19 35 0.4121254
444 132 53 60 0.35938048
713 136 92 103 0.3566628
763 156 48 63 0.34883124
839 334 62 151 0.27360559
368 428 32 42 0.26250178
590 126 77 93 0.1827294
338 434 29 34 0.07926841
658 235 94 98 0.059017953
747 164 27 34 0.055955425
810 265 97 128 0.054540884
94 299 51 50 0.05095531
332 439 25 25 0.0507345
320 177 26 37 0.040194936
48 271 113 108 0.03917087
34 62 17 25 0.035983264
215 451 26 26 0.033476193
79 165 40 48 0.029798992
326 146 45 55 0.026260955
486 423 107 119 0.023835422
746 170 62 66 0.023423005
81 530 114 119 0.021941522
739 205 82 97 0.021340068
770 199 52 70 0.020836564
