11_Meeting_Meeting_11_Meeting_Meeting_11_574
96
195 285 26 32 0.7009174
120 286 31 34 0.69328
957 329 35 41 0.6726868
704 323 31 33 0.63483316
342 302 30 28 0.62924194
631 281 31 31 0.6121618
255 297 34 32 0.5335426
301 255 22 23 0.5331531
119 52 30 35 0.4969057
352 230 21 27 0.49276045
852 298 20 23 0.48983204
690 261 21 21 0.4886055
401 281 15 18 0.44639924
391 272 29 28 0.43683574
978 291 22 25 0.37689805
920 197 10 9 0.3107522
38 337 53 66 0.2962258
474 253 27 29 0.27862874
472 257 19 20 0.27832
803 267 23 22 0.27741408
862 242 14 15 0.2734871
916 194 16 15 0.268611
739 291 14 16 0.26286057
264 300 17 19 0.26265752
307 255 25 26 0.25659323
515 208 19 17 0.24853308
949 256 17 19 0.2307204
408 243 18 16 0.21539533
967 279 25 28 0.19199102
882 218 12 12 0.17898701
450 223 12 10 0.17674309
341 251 34 34 0.17285101
804 234 23 24 0.16274898
558 206 19 17 0.16103764
739 279 21 21 0.15152912
923 213 20 18 0.1497537
823 194 11 11 0.11316307
732 244 8 8 0.106089115
40 328 42 51 0.104501806
524 243 13 10 0.099763334
570 195 16 16 0.09925093
402 238 17 17 0.09910693
949 241 15 18 0.09831545
829 284 26 26 0.092923574
778 209 10 9 0.09043986
666 207 13 14 0.089376085
968 342 15 22 0.08670614
754 220 13 12 0.08550606
946 234 24 26 0.08384371
784 246 12 9 0.06985101
459 226 13 12 0.06956872
498 225 7 5 0.066921905
564 200 12 10 0.0659644
822 210 10 8 0.06387074
853 215 11 10 0.06269527
484 237 11 12 0.06030996
593 194 16 12 0.059916314
901 268 19 21 0.052184355
611 221 16 14 0.051658075
703 189 11 9 0.05130194
935 230 16 16 0.04931815
695 190 14 14 0.047036573
594 233 12 12 0.044690765
704 319 13 15 0.04382389
458 235 8 7 0.041695025
774 262 14 13 0.038609747
620 214 19 16 0.037890278
430 221 8 9 0.037492096
551 269 18 18 0.037062284
675 242 12 11 0.03491663
410 260 6 8 0.03446409
60 349 42 39 0.03422473
640 286 21 21 0.034071438
604 193 11 13 0.033848986
884 198 4 6 0.033013534
549 235 11 11 0.03268867
754 315 22 26 0.029886743
716 247 9 9 0.028483538
678 221 13 12 0.027635474
-7 269 29 34 0.026751244
142 588 247 185 0.025801895
912 365 26 29 0.025180858
857 302 11 15 0.024670247
775 315 49 59 0.022947384
367 241 13 14 0.022848556
126 310 17 15 0.022833731
855 593 101 97 0.022607954
369 262 7 8 0.02240411
82 353 32 34 0.022355068
793 329 28 32 0.02167208
342 297 9 14 0.021555897
756 224 15 16 0.021517953
47 325 62 68 0.021337396
829 223 17 17 0.020547323
704 357 44 43 0.0205373
747 266 8 8 0.02039912
