11_Meeting_Meeting_11_Meeting_Meeting_11_375
21
220 178 103 108 0.7958174
467 161 114 163 0.7642997
73 196 79 94 0.7349231
759 127 125 195 0.6923404
417 170 69 86 0.3610325
411 152 92 133 0.3064917
418 439 104 109 0.16541138
400 132 69 97 0.16204163
784 205 85 113 0.16045238
747 85 148 174 0.0831285
-22 406 103 99 0.04972046
456 197 101 101 0.04532869
384 659 52 54 0.037659645
75 190 56 72 0.035509095
357 486 23 31 0.030957
189 199 82 73 0.026113413
331 474 64 60 0.023601288
39 167 125 116 0.022445008
396 110 63 77 0.022221912
403 679 17 17 0.020480048
722 173 112 100 0.020382602
