35_Basketball_Basketball_35_209
60
499 137 42 34 0.6011142
413 114 37 33 0.4115852
963 217 29 23 0.33187434
434 117 24 22 0.22863792
405 104 59 46 0.22301516
835 257 15 11 0.148478
936 201 19 15 0.12672485
364 245 12 11 0.10705542
54 292 9 10 0.1017449
951 208 22 16 0.092134714
451 123 27 25 0.09171586
216 190 21 14 0.0887454
403 88 78 79 0.08764264
483 144 35 30 0.08513796
896 190 11 10 0.08402821
466 161 30 24 0.083600804
187 195 11 7 0.0716536
474 158 23 17 0.068085685
148 205 18 12 0.06475307
155 199 7 4 0.05214201
992 221 31 24 0.050730765
481 117 80 69 0.050107025
544 105 17 14 0.049964566
926 208 15 12 0.0497485
439 232 20 16 0.044458985
878 250 12 10 0.04341145
118 292 9 7 0.04206336
162 290 12 10 0.037548907
738 267 10 8 0.03724182
709 267 11 9 0.03440704
338 251 8 4 0.033697158
85 294 7 5 0.033330787
456 249 15 13 0.03139632
903 184 14 11 0.030957673
427 236 15 11 0.030899346
262 208 14 11 0.030443113
627 232 12 9 0.03005466
957 251 21 17 0.030037954
991 291 12 10 0.02966934
736 261 11 8 0.02961519
640 143 14 12 0.029506164
264 206 9 7 0.029084321
-11 73 147 110 0.02901717
523 244 17 12 0.028946424
402 233 22 17 0.026953137
32 260 12 11 0.026326234
331 249 8 7 0.02558832
433 233 19 16 0.024594566
452 112 20 13 0.024198234
366 236 18 14 0.023631971
100 289 12 11 0.023593394
842 226 13 9 0.023466865
617 256 14 10 0.023442158
629 136 16 14 0.022609413
82 208 16 10 0.022572642
525 235 21 16 0.022246722
558 105 12 10 0.021601586
171 196 11 8 0.02068573
275 262 13 10 0.020029834
481 111 16 14 0.020008601
