35_Basketball_playingbasketball_35_362
56
538 410 24 23 0.55292594
473 389 27 23 0.48740163
618 372 28 27 0.42418006
468 384 37 34 0.38503203
700 463 21 19 0.37817404
886 424 24 23 0.3441558
617 430 29 30 0.320842
694 459 36 30 0.30206755
916 438 22 21 0.25317892
485 223 39 38 0.22385687
612 416 37 38 0.21483701
492 237 30 32 0.20705917
622 376 19 19 0.20575447
497 237 18 18 0.17820059
617 420 22 21 0.16833006
883 462 23 23 0.16078885
13 526 12 10 0.15740612
699 490 19 20 0.11175727
536 486 17 13 0.110638194
889 432 20 20 0.10934658
479 258 59 61 0.09250246
44 523 14 11 0.09224281
503 273 26 31 0.08926598
378 179 45 43 0.085844964
787 494 12 10 0.076211035
574 257 31 31 0.07151737
998 466 27 24 0.07109679
199 496 9 6 0.06508484
1 480 10 9 0.0648762
76 476 12 9 0.06367004
686 488 14 15 0.06339825
538 416 15 15 0.05488347
296 516 18 15 0.04859982
218 493 28 20 0.048053585
488 278 38 48 0.04549389
898 449 16 13 0.043951117
357 157 91 65 0.04172404
527 463 25 20 0.041599173
858 586 206 161 0.03970806
923 500 12 10 0.036698878
605 364 53 44 0.034084544
946 1 43 24 0.03323501
-11 275 81 75 0.032616764
769 465 15 14 0.03029226
985 493 11 11 0.0291376
155 496 6 5 0.028890835
264 526 10 7 0.028717365
504 257 46 41 0.028332302
400 71 93 88 0.027998019
666 476 15 16 0.026208686
27 512 14 16 0.025668362
85 537 7 6 0.02522492
663 488 10 9 0.025098594
1001 491 12 11 0.024272848
783 493 8 8 0.022295207
585 410 56 46 0.020854868
