35_Basketball_basketballgame_ball_35_662
114
598 54 55 53 0.7271566
242 65 42 40 0.7249133
464 83 69 65 0.7133653
209 151 41 42 0.7128396
686 120 58 60 0.7069287
804 133 49 50 0.6898012
758 4 28 24 0.6642608
168 3 34 27 0.6577994
683 51 39 38 0.6500271
278 128 52 48 0.6410637
363 139 41 39 0.63753843
65 109 46 47 0.6240868
61 40 32 36 0.6199577
101 65 46 40 0.6164499
377 68 34 32 0.58294
110 110 41 38 0.5577515
764 10 15 14 0.5427717
228 120 31 33 0.5424149
431 14 30 34 0.5211144
664 1 36 30 0.49847865
703 86 47 59 0.46900633
286 134 32 37 0.46289667
314 104 21 19 0.44926015
315 102 31 31 0.4393353
195 135 68 77 0.43882358
714 88 28 25 0.42217734
558 37 27 27 0.3887691
32 115 31 31 0.34855744
298 131 43 41 0.33180583
280 6 33 31 0.32763207
493 -1 26 19 0.32448155
808 43 31 31 0.31800354
552 27 34 30 0.3083326
534 71 14 11 0.30775958
-3 2 19 19 0.29994863
720 127 58 53 0.29502845
2 172 28 34 0.28490055
140 45 51 45 0.25401378
815 50 33 33 0.25146076
328 139 27 25 0.23413831
89 110 45 42 0.20832285
216 151 29 29 0.20406854
254 78 16 20 0.1870463
760 70 26 25 0.16866043
343 121 25 22 0.16382451
73 52 9 12 0.16232972
162 60 20 21 0.15823853
873 149 32 32 0.15693904
112 -5 22 19 0.15426464
197 98 24 27 0.1481057
545 52 22 24 0.14344026
992 144 24 35 0.130917
693 59 16 17 0.12969492
79 50 44 40 0.128272
1 178 20 21 0.12237352
284 17 22 22 0.118956044
269 12 37 31 0.11371591
461 58 26 21 0.10788922
39 97 94 77 0.09340097
452 12 26 22 0.0891225
600 59 34 40 0.08877878
96 -4 25 18 0.08747804
774 71 27 25 0.08620319
496 81 50 55 0.08619357
803 11 25 21 0.08040468
67 1 22 20 0.07981962
392 113 34 29 0.07856499
616 1 20 17 0.0764408
404 137 39 46 0.074845634
749 69 23 23 0.072571434
720 92 16 16 0.070281245
206 98 13 14 0.05539202
485 85 39 47 0.05039499
532 68 21 20 0.04885976
-5 179 31 43 0.044051692
167 6 24 19 0.043818988
149 56 34 39 0.043363366
81 256 31 46 0.04139482
128 125 7 10 0.041373756
874 75 22 22 0.04028128
32 227 133 115 0.038526185
841 140 52 41 0.03820644
435 72 130 104 0.037954558
310 119 15 14 0.037675105
404 15 24 20 0.036804635
525 59 16 16 0.034774773
370 147 21 18 0.034605302
593 44 32 31 0.032614782
632 4 20 16 0.032081112
858 70 25 23 0.031422235
40 95 26 29 0.030933114
317 57 23 20 0.030600777
410 17 41 33 0.03056432
273 9 30 20 0.030412061
258 2 59 52 0.029770857
81 114 22 30 0.029009212
804 5 20 19 0.026701067
351 530 82 70 0.02533658
432 262 109 91 0.025082447
468 531 26 22 0.02491588
692 4 20 19 0.024478996
482 103 42 41 0.024268491
715 86 14 13 0.023810066
194 119 32 26 0.023622721
180 139 31 27 0.023605293
41 518 84 68 0.023540996
170 136 119 98 0.023348933
386 45 19 23 0.022997586
7 66 21 24 0.02259102
449 -2 26 24 0.021787481
385 75 18 18 0.021015758
51 52 19 19 0.020629566
288 95 66 60 0.020250475
482 290 31 27 0.020217782
