35_Basketball_basketballgame_ball_35_412
24
654 161 81 88 0.8082896
850 205 78 97 0.7889941
62 208 51 64 0.49286246
640 126 102 155 0.28897768
786 431 129 125 0.17130104
842 474 29 36 0.10622285
422 755 41 41 0.101034954
391 749 83 58 0.09545413
61 0 95 60 0.063377514
857 236 35 42 0.057778932
687 133 66 56 0.05676387
481 245 121 144 0.050185762
826 470 81 78 0.034318693
711 133 70 64 0.031615313
0 235 22 34 0.0306147
645 172 56 62 0.029150674
518 273 74 87 0.027073957
-6 458 52 68 0.024506137
830 173 142 168 0.024476312
606 309 80 76 0.02443159
628 140 81 95 0.023325516
81 299 219 217 0.023257416
1 346 47 55 0.022607101
865 411 186 198 0.022341695
