35_Basketball_Basketball_35_635
50
306 452 34 37 0.7110836
814 300 32 38 0.7053926
366 410 31 38 0.7052341
539 288 36 40 0.69837403
449 419 29 33 0.63933545
356 403 53 49 0.63568324
694 341 36 37 0.6343172
758 318 29 31 0.631021
486 324 25 27 0.59539855
612 297 50 50 0.5942208
215 322 18 21 0.570621
597 266 27 33 0.5669138
570 450 33 34 0.5448504
361 334 23 25 0.4861296
822 312 13 17 0.483362
424 324 23 23 0.46544278
550 443 57 55 0.44092014
454 283 26 28 0.42166167
508 474 38 44 0.38298184
281 312 33 37 0.351645
281 284 14 15 0.32826224
464 286 11 12 0.29055643
605 274 9 15 0.2292698
603 278 39 45 0.20671935
623 308 27 30 0.20183516
265 286 26 28 0.15312366
458 308 20 19 0.1339544
509 478 27 28 0.13022062
767 305 36 39 0.09272742
217 319 10 15 0.08836868
314 459 17 22 0.086335026
431 329 11 13 0.08544819
460 285 17 18 0.07329085
777 316 13 19 0.07242311
469 317 61 56 0.06708703
492 329 12 20 0.06646087
426 318 27 37 0.06293789
277 302 19 24 0.06025563
438 327 9 14 0.05576956
289 319 19 22 0.054596964
426 312 13 16 0.05002944
741 320 36 33 0.04936298
708 349 14 22 0.03858453
409 301 34 30 0.03703526
662 295 24 26 0.03426992
605 317 39 42 0.027557833
562 292 9 13 0.025674919
705 345 15 17 0.025305212
392 329 22 27 0.02339641
367 342 9 13 0.021328852
