35_Basketball_Basketball_35_754
19
485 18 22 16 0.5251796
489 103 35 27 0.3614
625 10 15 11 0.29927757
102 130 17 14 0.2708639
494 109 25 16 0.23959376
385 116 28 25 0.23191462
228 223 20 19 0.22689757
108 129 15 13 0.21334662
500 60 28 24 0.16024657
924 294 24 19 0.15681739
628 12 9 7 0.12687264
169 332 28 25 0.07656695
390 109 44 36 0.044925712
497 95 36 32 0.043165073
593 437 17 16 0.041232523
96 133 13 11 0.034191165
920 485 117 88 0.029330112
398 107 31 26 0.02510052
656 323 49 44 0.02272546
