35_Basketball_basketballgame_ball_35_80
80
263 117 44 81 0.73894554
811 73 45 73 0.7221082
504 98 79 117 0.7026393
296 7 35 59 0.70005655
479 78 121 157 0.6704247
894 67 34 59 0.6612401
388 22 28 47 0.6324375
169 1 35 54 0.6233648
180 14 16 25 0.6039615
301 18 23 41 0.5979619
2 356 34 65 0.5927279
33 117 31 56 0.5596437
-1 231 33 65 0.50093186
77 266 31 51 0.45651507
140 142 35 66 0.44462004
433 203 30 52 0.44380867
796 48 75 116 0.4377728
73 221 27 47 0.40398112
12 172 29 56 0.3925533
511 4 33 43 0.3917548
614 184 26 43 0.38947842
102 190 25 40 0.38646537
162 238 31 43 0.38326547
385 163 35 56 0.36797956
184 171 32 60 0.3160032
11 203 25 61 0.30320913
381 107 32 59 0.27147594
3 160 51 73 0.2482941
462 53 35 49 0.19840288
413 89 26 44 0.17886315
455 75 28 45 0.17813314
157 228 44 69 0.16974828
87 207 28 47 0.16225697
146 166 20 42 0.15380809
704 453 40 70 0.15010597
338 138 31 64 0.14780398
171 249 39 68 0.13507289
161 201 39 70 0.12990028
509 130 37 65 0.12586828
904 376 29 47 0.12279512
658 185 25 36 0.11930664
76 225 16 30 0.109926224
697 196 18 30 0.10247097
999 313 23 54 0.097138375
551 45 26 40 0.09320031
5 136 25 45 0.08407165
366 134 23 40 0.078783184
111 202 5 14 0.070847996
46 180 20 39 0.06984937
308 26 8 25 0.06356853
18 2 19 31 0.0633721
89 195 17 34 0.060620777
7 252 15 27 0.05127075
725 444 41 58 0.051096942
681 188 17 32 0.05067362
598 152 23 39 0.04876052
661 259 58 98 0.048216864
246 3 33 53 0.047969576
799 500 67 113 0.046577893
46 140 5 11 0.04434121
719 429 56 91 0.04180888
12 258 24 49 0.038848612
387 179 16 24 0.03256013
64 217 44 79 0.03227619
919 296 32 65 0.029145392
470 67 19 32 0.029111914
148 48 11 21 0.028693587
352 150 16 26 0.027867764
461 82 10 24 0.026242161
607 191 16 25 0.02323752
13 121 67 89 0.022685004
510 44 40 41 0.022648422
799 454 101 202 0.022006353
82 254 39 60 0.021532722
698 400 83 138 0.021518856
463 70 18 29 0.021479223
272 137 25 49 0.021205803
391 26 18 32 0.020725187
148 8 17 27 0.020095605
673 285 37 67 0.020009397
