35_Basketball_basketballgame_ball_35_133
20
340 108 162 201 0.8679239
120 31 168 187 0.71862334
741 124 194 252 0.58567536
694 71 112 164 0.57794434
92 265 60 57 0.11825419
385 102 152 121 0.09941688
382 142 129 111 0.07841771
292 70 203 161 0.06613343
274 57 275 237 0.06254076
844 159 196 197 0.05740154
677 160 94 75 0.053289965
178 59 133 135 0.046592854
314 123 129 105 0.04576795
666 85 294 228 0.04295853
915 229 81 84 0.030828226
596 321 223 248 0.030490493
112 87 128 126 0.029608171
399 102 204 193 0.027684733
697 155 197 184 0.025136882
46 224 176 139 0.023378624
