35_Basketball_Basketball_35_529
27
261 209 37 39 0.72580105
375 179 28 31 0.67905325
692 214 37 43 0.66085553
752 230 42 47 0.6507647
439 168 28 33 0.6453071
641 173 27 41 0.6363217
497 152 49 51 0.61627364
564 182 23 27 0.5718067
385 189 11 14 0.3146623
269 216 21 24 0.23565166
430 161 45 48 0.21822728
310 212 26 28 0.16955507
508 163 23 27 0.103525065
539 155 74 66 0.09481377
382 147 22 20 0.08405922
536 170 33 37 0.077940784
316 218 18 19 0.057709266
382 179 17 23 0.04835256
650 180 20 28 0.04313716
328 173 17 18 0.043069188
288 391 174 165 0.042878453
747 214 59 59 0.026698528
699 217 22 27 0.025118794
328 146 25 22 0.0235593
648 165 113 96 0.022945562
337 166 8 11 0.021762399
310 192 31 32 0.02151319
