35_Basketball_Basketball_35_449
43
487 244 30 26 0.5137505
114 429 28 23 0.19091438
987 412 8 8 0.18357743
827 453 13 9 0.17453852
369 421 13 10 0.16083813
901 417 11 8 0.15563908
964 436 18 15 0.15445317
854 395 20 15 0.14080349
76 412 19 15 0.12817642
295 392 14 11 0.12486419
903 425 14 10 0.11018685
832 453 11 9 0.10619816
979 416 15 13 0.099678166
906 413 24 22 0.091700725
780 454 9 7 0.08445214
846 440 16 11 0.062277056
920 442 15 10 0.059822086
976 412 12 8 0.058841422
433 450 24 19 0.057943165
632 456 15 10 0.05373133
376 422 13 11 0.04525477
768 456 8 7 0.043808132
896 456 9 6 0.03669078
677 358 21 14 0.03662921
677 386 17 17 0.035857175
631 458 9 8 0.035065886
891 458 11 8 0.0322001
482 441 14 10 0.032199673
966 454 7 6 0.02877744
495 247 17 16 0.026776452
515 482 7 5 0.026492871
688 467 12 9 0.025761265
604 436 14 10 0.025015675
161 385 16 13 0.024438847
851 455 7 6 0.02419971
317 418 13 9 0.023545653
260 456 16 11 0.022926455
754 460 9 7 0.022726763
377 489 22 14 0.022104146
380 527 100 67 0.021926664
667 456 24 15 0.021869764
776 442 15 11 0.02126978
522 470 11 9 0.02037028
