35_Basketball_playingbasketball_35_65
44
619 386 19 21 0.63959914
452 345 25 25 0.521934
905 350 25 25 0.48392794
916 381 22 23 0.4713536
674 224 19 19 0.46200296
846 411 24 24 0.44906875
968 407 20 24 0.44683868
742 375 19 23 0.39468777
1008 415 16 17 0.29691774
912 356 11 15 0.25345743
669 271 23 24 0.24101326
741 384 22 22 0.2304282
740 366 29 27 0.21891946
742 422 22 24 0.2169036
517 229 22 23 0.21251135
746 373 14 18 0.13743883
804 426 6 8 0.13487472
984 408 22 24 0.12448524
516 309 21 22 0.10663073
716 406 19 22 0.10338751
712 455 20 23 0.10295681
836 416 16 17 0.10183104
904 358 16 16 0.1013502
512 222 32 36 0.076689355
76 494 27 31 0.050339215
652 250 63 66 0.044078816
481 349 16 20 0.04294439
292 -21 132 115 0.041534726
788 458 22 23 0.039342713
552 -43 194 183 0.03831789
931 537 97 90 0.038081266
777 446 12 14 0.037624594
975 417 3 6 0.036015585
479 -24 117 95 0.032914393
950 331 16 17 0.032610316
655 -36 133 141 0.031808853
477 0 123 122 0.028691115
386 1 82 69 0.027294163
804 460 22 21 0.02710396
848 -44 154 156 0.026356116
413 -19 177 159 0.024680186
408 383 17 16 0.024331627
982 448 18 23 0.02339958
495 297 20 20 0.022227313
