35_Basketball_playingbasketball_35_674
107
185 138 50 54 0.8168689
190 148 38 35 0.73331314
364 155 71 68 0.727214
152 65 39 43 0.7088591
86 10 37 33 0.7080635
981 37 41 55 0.70462906
853 257 43 42 0.7035816
-5 92 38 48 0.63863146
17 234 39 42 0.6385686
588 279 45 38 0.6344889
473 103 38 35 0.60751355
558 102 34 36 0.6036127
214 79 29 30 0.58999133
970 22 65 85 0.57134503
795 51 32 30 0.55180085
262 88 33 29 0.54398584
597 28 30 29 0.5415156
174 19 27 23 0.53934366
348 92 49 42 0.527707
898 76 31 31 0.48644456
449 23 28 25 0.4809695
281 114 49 46 0.48088324
616 51 65 63 0.47603998
1001 250 22 25 0.47254774
354 96 32 29 0.46865344
873 168 27 29 0.4192351
407 20 33 31 0.38389903
901 83 20 17 0.3557295
438 36 48 42 0.3401986
735 45 37 36 0.329396
506 34 23 21 0.32733503
343 11 31 31 0.32582766
774 85 47 48 0.30760247
291 121 28 27 0.2965185
578 71 34 30 0.2957927
268 12 26 24 0.28625023
156 72 26 31 0.2796612
513 32 30 26 0.25323346
974 123 27 31 0.2414636
947 258 26 26 0.23351282
818 143 34 34 0.23122698
258 81 48 44 0.22899887
482 109 22 21 0.2226502
650 270 41 33 0.21748534
983 132 13 15 0.19157372
979 17 40 51 0.18353145
742 50 21 22 0.16987982
351 17 21 21 0.16165967
1002 316 19 20 0.15901497
586 24 127 109 0.1447479
625 40 50 52 0.12676279
275 20 17 18 0.11906199
968 173 26 26 0.11884448
261 97 84 66 0.11498807
605 65 40 38 0.109409355
995 302 29 40 0.108502135
482 149 32 40 0.1065168
453 45 19 19 0.10413058
983 252 21 26 0.09741865
952 256 16 18 0.09496888
662 53 26 34 0.090659805
383 163 42 53 0.08511514
96 17 18 19 0.08365094
901 89 26 24 0.07982997
911 82 21 23 0.07566268
163 75 13 18 0.07306322
549 29 37 33 0.072686076
553 41 20 20 0.06999745
0 22 21 24 0.06375247
798 137 47 47 0.063077375
625 33 79 67 0.06266986
537 43 26 21 0.062487636
270 4 24 22 0.061188754
837 140 25 24 0.05664994
492 151 19 24 0.055421706
662 284 32 29 0.05450979
658 283 23 25 0.0517733
654 278 24 21 0.047593586
792 111 47 41 0.046676684
165 135 91 73 0.045992438
362 23 12 12 0.04384428
0 26 14 17 0.04330904
746 93 96 82 0.043182764
602 272 48 52 0.04142983
231 70 102 83 0.04111687
610 263 50 44 0.039038494
385 104 58 53 0.034442764
637 272 62 49 0.034429133
435 11 55 62 0.034115646
-9 77 66 76 0.03123322
38 211 34 47 0.029793018
183 28 7 12 0.029475866
757 334 114 100 0.02919429
683 10 120 110 0.028709609
384 288 101 94 0.028083
7 190 74 73 0.026870329
348 163 58 54 0.026817773
305 128 42 48 0.026384056
764 134 59 60 0.026348555
303 593 13 12 0.026118217
911 288 31 27 0.025412796
409 320 95 65 0.025338536
454 181 49 54 0.024806371
357 111 44 42 0.024379687
102 14 22 27 0.023390746
906 481 110 102 0.022601953
805 153 41 43 0.020356264
