35_Basketball_Basketball_35_737
38
57 42 61 69 0.7505516
834 18 110 110 0.7237476
768 28 99 93 0.6436816
227 314 30 30 0.6376018
638 240 74 71 0.6054317
951 433 22 21 0.4821546
196 337 35 36 0.4238737
942 27 75 101 0.41249147
717 248 46 55 0.2655136
224 364 28 26 0.23740675
234 368 25 24 0.23011807
378 273 12 12 0.12391819
807 20 89 95 0.0859246
772 49 60 62 0.066937745
839 38 69 78 0.06518313
955 427 19 22 0.059119463
691 246 68 65 0.05373916
235 318 17 20 0.05314739
866 30 63 77 0.05157246
952 420 31 34 0.044231948
892 32 98 90 0.04351009
95 308 38 39 0.042738125
140 298 31 35 0.0426932
377 275 8 7 0.03940778
15 289 52 63 0.037340384
653 241 39 50 0.03702161
921 87 35 33 0.03574316
-6 164 123 136 0.030782826
488 267 21 21 0.029875938
66 326 44 51 0.029811548
506 262 26 29 0.028621377
352 277 17 16 0.027910154
82 63 26 32 0.027848084
935 462 23 22 0.027019113
513 338 20 26 0.024504628
851 66 47 46 0.023549456
927 528 101 80 0.022900391
21 317 55 79 0.022762466
