35_Basketball_basketballgame_ball_35_478
28
120 417 82 89 0.80923784
715 315 19 19 0.40566567
803 344 20 17 0.32132083
393 389 20 17 0.28236702
718 319 13 12 0.26641792
930 296 13 13 0.13554429
858 275 12 13 0.08908389
853 273 15 13 0.060936186
120 428 48 62 0.058315746
127 464 68 53 0.050675113
724 314 22 23 0.047423586
319 463 13 12 0.04371919
337 247 17 15 0.04150227
81 86 14 14 0.036292598
858 575 119 106 0.032041434
896 217 9 10 0.028991915
334 251 12 13 0.02861132
621 28 13 13 0.027560197
949 206 14 14 0.027537772
728 319 14 17 0.026592638
802 532 204 170 0.025489945
949 258 21 22 0.024597334
377 448 10 10 0.0212061
408 159 9 8 0.020955963
366 34 13 10 0.020941978
719 378 187 157 0.02089693
920 259 12 12 0.020551685
934 300 7 6 0.020208305
