35_Basketball_playingbasketball_35_794
45
750 90 48 52 0.78454226
96 161 30 29 0.6957234
508 133 37 40 0.6615824
826 136 46 45 0.641831
555 122 33 32 0.63850856
0 172 27 32 0.6377839
543 211 63 58 0.48013392
425 180 18 17 0.46173745
291 182 17 16 0.41363558
176 163 31 27 0.3788694
268 154 16 17 0.32816195
379 190 26 29 0.31935412
516 143 21 21 0.24503991
557 223 39 35 0.24127042
396 149 18 21 0.23364863
256 158 23 24 0.17393482
331 160 10 9 0.16450994
158 185 22 24 0.15183294
380 166 23 28 0.15005484
294 188 6 8 0.14925474
231 176 29 25 0.13834302
393 153 11 11 0.10226727
163 192 9 10 0.09918904
884 121 20 19 0.07456642
309 168 21 21 0.07156349
892 123 15 17 0.06445236
430 185 8 10 0.06384742
713 78 121 90 0.05629147
116 25 34 29 0.054190468
294 185 27 27 0.05176399
525 133 10 14 0.044225477
404 164 22 22 0.044141233
100 168 15 18 0.044031523
226 8 27 20 0.042684626
153 178 26 22 0.041390896
106 169 11 15 0.03796016
240 188 21 23 0.03271944
4 246 18 23 0.026008857
331 168 14 12 0.025325777
289 186 22 19 0.025030669
1 182 33 36 0.023295179
257 190 16 15 0.022536127
417 188 15 18 0.021921534
584 171 33 32 0.021402009
902 140 21 23 0.020513993
