35_Basketball_basketballgame_ball_35_64
158
948 182 78 102 0.7930906
122 291 63 69 0.75695837
293 244 63 69 0.75162166
802 183 44 49 0.7079296
652 104 44 43 0.68501884
432 109 37 38 0.68030727
93 197 55 53 0.6682714
593 212 62 80 0.6539507
622 8 22 21 0.649226
895 175 75 89 0.64919156
486 151 44 57 0.64834136
867 61 30 32 0.64074165
536 22 26 26 0.6218117
479 232 55 63 0.6209577
25 244 71 69 0.6187092
592 78 33 36 0.61548954
383 68 31 35 0.6092824
189 217 35 45 0.58539176
91 126 33 31 0.5812759
341 153 34 35 0.58025545
392 148 34 34 0.5776117
526 97 30 30 0.5490536
452 215 97 90 0.53957695
460 63 30 31 0.53430736
-4 240 32 42 0.5174765
690 221 73 84 0.5166515
10 221 105 107 0.50319374
273 129 24 26 0.5029837
82 41 32 31 0.50219476
445 2 33 32 0.49635342
495 164 28 31 0.4932504
239 238 37 41 0.47863016
407 9 26 26 0.4463659
626 14 12 11 0.4454382
38 36 40 42 0.44123295
147 140 30 30 0.44043252
240 172 34 33 0.42676097
296 90 24 25 0.4185737
-2 103 35 44 0.4154085
38 159 29 34 0.40781683
-2 311 27 35 0.40254134
240 254 23 20 0.40006793
32 150 31 35 0.39947465
457 4 29 24 0.39199352
274 226 99 99 0.3907796
194 222 26 27 0.3897688
212 104 27 31 0.38826507
418 115 28 37 0.3834134
549 192 59 63 0.37852105
43 53 19 21 0.37774837
145 115 13 15 0.37283903
266 6 30 27 0.37220493
812 189 26 38 0.36011425
233 68 34 32 0.35933518
718 90 46 52 0.3590545
89 46 19 19 0.35133392
659 112 27 28 0.33576727
256 95 36 35 0.32071376
533 102 18 18 0.3153077
566 204 32 36 0.30343962
880 137 121 144 0.30232143
70 23 50 55 0.29808986
279 215 44 48 0.28341728
199 4 32 26 0.28038588
152 2 27 27 0.27519098
65 -9 26 31 0.27377567
4 131 82 71 0.26892695
337 0 25 24 0.2589722
44 186 36 37 0.25246966
137 298 34 41 0.24558909
81 155 43 46 0.24357335
415 16 21 25 0.23728968
229 243 49 56 0.23519191
238 186 30 38 0.22909233
726 73 46 49 0.22276348
727 100 29 32 0.22133353
149 123 24 26 0.21988377
104 133 16 23 0.21635866
501 164 33 41 0.20752582
459 251 58 60 0.20542261
4 108 21 30 0.20172192
256 4 29 29 0.19977841
193 61 29 29 0.19119589
471 74 13 16 0.18969233
568 192 99 114 0.18640547
302 101 12 14 0.16899644
758 598 37 56 0.16679914
293 0 25 22 0.16594465
68 207 44 39 0.16238989
608 224 32 53 0.15833792
676 171 71 76 0.15449233
29 75 26 31 0.15146281
257 115 58 54 0.14904498
144 265 51 54 0.14774825
80 22 21 19 0.14721951
247 164 26 30 0.12968928
120 302 46 48 0.12608117
522 84 33 31 0.115482755
693 193 50 60 0.10648349
254 80 12 15 0.10548396
233 249 34 39 0.10368725
3 257 25 27 0.10154548
490 5 23 25 0.09526664
684 71 36 32 0.093624905
317 0 22 23 0.09284304
330 145 52 48 0.09216882
272 220 27 28 0.09205285
55 22 25 25 0.09204541
217 10 13 19 0.08806892
260 237 31 32 0.08661079
175 5 24 24 0.08489671
872 65 18 24 0.08397715
164 151 31 34 0.08249583
392 76 13 17 0.079350315
670 423 35 34 0.07031217
904 189 49 57 0.06859756
59 46 11 12 0.06639033
183 80 29 24 0.06334436
562 216 69 64 0.062755376
694 0 23 21 0.06065218
37 136 35 34 0.05996073
461 54 23 22 0.05747466
126 108 22 21 0.057043932
244 111 28 34 0.055843037
198 48 31 33 0.055450216
406 157 11 17 0.054416526
923 223 110 97 0.052671168
322 197 66 56 0.051346146
932 185 62 73 0.050677523
674 417 53 46 0.050003886
416 134 14 15 0.04968181
462 305 15 20 0.042698212
680 51 44 49 0.038550362
237 78 18 18 0.037896313
16 77 28 30 0.034791723
117 111 81 62 0.033913497
952 70 27 29 0.03387722
800 404 36 36 0.032079127
158 148 9 13 0.03201274
622 367 125 113 0.028781
241 93 82 72 0.028735718
97 179 66 86 0.025253803
598 126 30 33 0.025009442
795 377 73 92 0.024806263
397 76 16 18 0.024478253
272 9 17 21 0.024458442
37 50 49 45 0.023848189
792 185 64 67 0.02288898
234 372 169 153 0.022761852
851 57 28 27 0.022730961
149 151 25 23 0.022017824
275 234 53 56 0.021355484
93 169 14 17 0.021272847
649 399 71 76 0.020974707
380 614 11 13 0.020953238
0 235 43 57 0.02086975
583 159 44 46 0.020037262
3 307 19 19 0.020001814
