35_Basketball_playingbasketball_35_606
34
184 202 32 32 0.63468415
372 191 33 34 0.5457593
75 385 21 22 0.46234518
22 384 17 16 0.43301684
949 380 21 22 0.28299877
981 430 20 21 0.26466462
233 396 21 21 0.23811215
237 407 11 10 0.21863978
26 388 10 9 0.17173025
957 381 17 19 0.14533547
842 407 10 12 0.13313335
887 391 12 13 0.12953553
909 428 15 13 0.094395556
915 440 10 12 0.093612075
459 208 25 22 0.08703007
975 425 38 38 0.07845187
897 387 14 14 0.07750915
34 385 13 14 0.057216913
1 406 14 17 0.051430836
12 200 49 58 0.047145806
828 409 6 7 0.042577945
834 396 12 11 0.039306648
365 361 15 15 0.037512355
826 401 9 8 0.036838297
349 121 42 47 0.03475806
818 410 5 4 0.034493797
1007 387 18 18 0.0344428
783 412 7 6 0.03334426
86 310 17 13 0.029217517
849 402 7 7 0.028149458
695 418 13 14 0.027865356
929 392 8 8 0.024122983
499 422 10 9 0.023350857
567 418 12 11 0.021131754
