35_Basketball_basketballgame_ball_35_290
42
900 133 43 44 0.7602163
635 120 40 38 0.66818255
471 181 42 41 0.6114593
412 259 38 38 0.57163656
465 189 29 30 0.3201168
145 328 13 12 0.18958403
150 323 14 15 0.16786847
5 312 17 19 0.13486724
8 79 21 20 0.11102169
649 131 14 20 0.10365737
219 321 22 22 0.09713357
543 187 30 29 0.09702629
217 326 16 15 0.084623955
295 299 26 25 0.057060685
429 146 116 90 0.055806976
436 202 19 16 0.050967198
648 128 22 27 0.04755476
16 204 13 12 0.041764088
55 372 11 12 0.040373504
460 300 26 24 0.036018
52 205 15 12 0.03531369
6 320 8 7 0.031804528
555 192 16 15 0.031563763
696 327 19 15 0.03123536
528 243 30 31 0.029976834
445 264 24 24 0.029968148
236 338 24 23 0.02732287
126 316 19 19 0.026352802
215 332 33 32 0.026342483
282 287 40 34 0.026142655
565 312 24 28 0.024419341
811 132 18 14 0.024322059
752 142 24 23 0.024270201
456 347 18 15 0.022922244
134 327 13 11 0.022874605
476 174 23 27 0.022368496
906 251 142 118 0.021651434
393 229 79 69 0.021544343
142 404 95 86 0.020776479
614 309 18 18 0.020685507
63 380 7 6 0.02032787
408 351 16 18 0.020323774
