35_Basketball_basketballgame_ball_35_208
21
599 0 132 93 0.719751
584 224 137 139 0.71338546
239 215 158 170 0.6791776
596 276 114 68 0.32482588
269 264 106 91 0.21898597
593 253 87 80 0.14630964
250 -1 125 36 0.12824365
619 -1 73 67 0.08278712
178 194 284 176 0.054715138
636 -5 87 74 0.043049492
611 275 52 51 0.042551972
633 230 136 123 0.040349547
251 296 132 81 0.03430051
560 -18 109 85 0.03163372
306 272 87 76 0.028689146
238 247 99 91 0.024359116
590 -32 122 98 0.023049943
689 256 73 56 0.02284656
118 495 75 53 0.022499299
649 -33 141 117 0.020536093
202 261 94 60 0.02034801
