35_Basketball_playingbasketball_35_782
46
508 308 104 164 0.8024563
220 576 90 126 0.80206573
931 405 71 114 0.7877023
230 5 56 83 0.76510286
284 42 65 103 0.7582388
762 -2 66 78 0.74681896
116 341 69 109 0.742887
463 74 57 86 0.7200939
119 10 59 92 0.7182415
308 68 21 48 0.5771998
416 19 64 97 0.5675304
514 244 104 153 0.47875926
134 366 31 60 0.44612187
778 3 34 58 0.39031228
136 28 23 57 0.28242776
384 -18 127 182 0.19782263
550 353 35 81 0.19757612
235 20 36 53 0.19456191
303 -6 45 60 0.18803214
241 589 48 87 0.16604932
610 6 39 50 0.13542321
28 432 52 88 0.11374934
400 7 50 69 0.113740444
961 438 17 43 0.10796937
94 329 117 150 0.10366851
-7 580 44 116 0.095553234
537 365 21 58 0.09510996
241 618 27 44 0.0948216
533 122 43 67 0.08639068
947 441 38 52 0.07176474
-2 18 43 68 0.056682885
427 57 43 64 0.054588906
471 41 88 155 0.050448857
659 5 30 35 0.044200875
264 603 22 55 0.044142414
385 630 18 37 0.039337225
321 0 24 37 0.03801698
534 350 70 107 0.0318539
125 40 38 52 0.029860264
248 609 14 46 0.029129412
564 341 43 106 0.026763132
613 -8 67 76 0.026134947
60 410 151 218 0.024463085
377 626 32 52 0.02441097
588 -3 45 61 0.021771537
545 348 31 62 0.02050843
