35_Basketball_basketballgame_ball_35_276
45
272 173 65 66 0.82536703
233 1 58 44 0.8161563
489 134 61 59 0.8088537
12 1 60 49 0.78392476
664 135 78 73 0.7795142
960 49 52 58 0.734709
15 131 55 58 0.73194855
941 157 60 65 0.7276099
64 186 60 60 0.72624755
249 4 26 29 0.5884799
504 141 35 43 0.5858811
739 -4 45 28 0.5832278
926 32 111 94 0.41434392
649 110 111 114 0.39821532
522 361 29 31 0.223915
46 166 102 99 0.21450758
160 10 51 34 0.19493756
404 23 35 34 0.1948702
29 7 24 29 0.19085702
437 45 40 43 0.1243412
953 20 40 41 0.08220806
665 149 54 51 0.079677895
124 143 76 77 0.06486774
594 4 31 22 0.062497646
978 344 41 42 0.054847106
969 15 29 32 0.05242078
564 389 25 26 0.051899467
608 112 121 105 0.04797232
441 4 56 43 0.047201857
401 35 44 46 0.039087486
987 357 29 24 0.037968274
497 195 85 86 0.036436893
19 107 58 65 0.032048553
284 517 110 101 0.030397007
308 -14 88 93 0.027283482
535 361 89 77 0.02481619
587 60 29 34 0.02435689
16 149 15 23 0.022819022
14 16 22 28 0.022791434
933 42 53 51 0.022747763
904 150 82 78 0.022220295
947 16 100 79 0.02186928
515 225 81 71 0.020805573
135 150 43 57 0.020173356
243 6 23 25 0.020068746
