35_Basketball_basketballgame_ball_35_192
42
551 595 138 175 0.73128504
735 117 147 189 0.6485428
162 491 24 40 0.2609661
6 933 30 55 0.23484553
522 542 215 296 0.22828694
436 605 46 77 0.21574275
446 617 29 50 0.15046856
756 175 54 110 0.13847983
64 998 81 137 0.12921342
76 1009 55 76 0.12831047
943 1140 42 68 0.12137291
0 1125 43 87 0.11763617
113 429 120 171 0.10275353
764 32 203 354 0.07804136
249 492 44 86 0.077136844
657 646 89 129 0.05163999
150 483 40 59 0.05097998
712 35 205 266 0.050651446
6 961 25 56 0.047119804
714 130 96 159 0.03941384
812 130 108 200 0.039179165
627 587 111 212 0.03882556
561 623 77 135 0.036245912
29 650 181 265 0.035175927
912 1035 131 197 0.031891827
924 1095 96 160 0.031641427
438 1145 61 94 0.03107831
3 515 88 139 0.027436119
268 644 80 93 0.027277956
635 221 168 245 0.027029062
-49 418 190 288 0.02592495
668 35 145 218 0.0258554
519 616 149 244 0.025430547
236 466 70 95 0.023302585
219 94 93 145 0.02249479
730 1081 165 233 0.02204866
170 589 84 126 0.021794375
663 286 88 117 0.02168867
507 168 284 432 0.021151355
504 401 72 108 0.021095997
346 201 16 26 0.020929867
302 249 220 358 0.02089905
