35_Basketball_basketballgame_ball_35_341
27
664 30 113 181 0.82910144
255 244 92 161 0.80187404
507 187 106 166 0.6334523
609 700 59 130 0.2608176
530 245 33 69 0.124035984
526 208 42 120 0.11824535
722 70 61 109 0.09265892
539 202 59 129 0.092127234
700 88 68 103 0.08336104
770 1237 31 47 0.047116023
752 90 38 69 0.044505965
644 27 89 162 0.042809915
516 229 25 79 0.038758416
678 51 61 116 0.03850691
480 963 37 73 0.034726486
587 1016 196 329 0.030858666
311 1006 94 113 0.029804746
545 652 56 89 0.029305087
617 -46 177 259 0.028839257
626 686 82 147 0.027966075
569 722 59 96 0.027383465
358 1032 39 66 0.026029818
711 58 47 106 0.025684865
670 78 45 96 0.02509138
233 177 140 232 0.020724962
458 166 93 200 0.020258158
524 595 101 162 0.020151988
