35_Basketball_Basketball_35_327
61
916 147 39 41 0.6843976
966 180 35 41 0.6762801
252 170 23 22 0.63573796
23 177 26 26 0.6328069
398 231 72 80 0.63279694
84 162 33 34 0.63073623
462 187 26 24 0.5534894
663 155 30 27 0.5410094
384 178 19 20 0.5374581
542 160 25 24 0.52950567
326 189 18 19 0.5066303
378 170 28 28 0.48319164
903 124 68 84 0.45132908
835 155 17 16 0.42183477
184 184 19 19 0.418278
598 168 18 19 0.4086222
628 168 30 27 0.3904737
987 157 21 24 0.38723198
793 176 28 26 0.3633982
329 192 11 12 0.342109
442 170 9 11 0.29182163
767 154 21 19 0.28838408
176 180 38 34 0.2736968
816 157 34 30 0.2451993
491 184 11 13 0.23602016
989 164 9 8 0.23297971
95 176 7 10 0.21447004
142 170 22 22 0.21338391
170 181 18 19 0.2124867
471 190 15 16 0.20417835
744 160 17 16 0.18134652
736 161 27 26 0.17790411
35 187 7 12 0.15253061
828 156 17 15 0.12749831
325 179 25 24 0.117443174
979 194 11 13 0.11446346
550 163 9 13 0.105007045
668 165 14 16 0.08953506
785 179 23 16 0.0872243
337 186 14 15 0.08664545
756 162 23 20 0.085556746
617 170 20 18 0.07030191
552 169 14 12 0.062797725
529 187 20 22 0.06247829
188 188 11 11 0.05907335
423 237 38 54 0.054451782
920 163 24 22 0.046091072
1000 170 13 12 0.046029974
977 187 21 29 0.043300062
797 266 213 166 0.042496797
973 180 11 13 0.0370203
528 193 11 12 0.035914782
965 182 29 23 0.0351431
523 183 15 15 0.03298188
796 180 14 18 0.025893157
775 161 7 9 0.024440115
768 155 56 50 0.02376174
632 159 14 15 0.023609158
992 231 31 50 0.021008072
537 342 298 258 0.020626936
665 191 14 14 0.020211922
