35_Basketball_Basketball_35_579
26
894 92 62 67 0.7908044
262 526 34 37 0.7398656
734 300 46 54 0.711655
71 598 34 40 0.6824019
408 341 29 30 0.65351766
475 564 29 36 0.56566024
480 572 17 22 0.43576506
199 210 29 33 0.37708896
205 218 18 22 0.26823175
73 91 34 41 0.2621663
697 244 30 35 0.19410518
55 582 62 74 0.076068886
693 280 129 117 0.059494186
69 666 43 46 0.053559795
399 713 63 86 0.049335122
535 316 22 24 0.04658095
375 708 111 114 0.037960004
706 258 20 20 0.035361316
14 32 137 127 0.028515123
206 222 12 15 0.021838812
186 224 29 31 0.021502677
444 227 24 25 0.021004146
84 177 22 24 0.020802377
449 59 68 74 0.020627817
403 730 45 53 0.020090982
968 306 18 25 0.020033104
