35_Basketball_basketballgame_ball_35_446
27
458 314 117 168 0.5612283
726 879 22 42 0.15294804
880 826 22 41 0.13877098
812 810 24 40 0.06943288
799 878 22 44 0.06227759
395 508 134 231 0.05759887
237 864 12 26 0.051175077
431 235 146 277 0.044983443
446 291 79 156 0.04410462
718 973 19 38 0.04071265
342 439 213 373 0.03985166
797 917 99 184 0.03810105
537 557 73 142 0.037864726
791 695 118 222 0.036619876
720 844 10 17 0.033454284
691 921 95 176 0.029748673
533 117 143 135 0.029522385
733 865 24 46 0.027174355
470 54 198 255 0.0270564
220 819 25 39 0.025027355
701 761 28 55 0.022384886
258 818 12 25 0.022265578
822 985 24 49 0.021744061
162 1002 132 272 0.021346243
340 767 22 42 0.021268127
608 417 121 207 0.02050504
707 950 33 55 0.020232186
