35_Basketball_basketballgame_ball_35_309
35
776 71 171 228 0.8649039
391 78 85 94 0.8054974
221 -1 80 68 0.7741069
132 72 72 81 0.5966317
-2 518 66 154 0.37009168
833 98 136 140 0.21060695
988 6 30 29 0.14981571
411 91 58 65 0.118507415
747 -1 36 25 0.099918336
103 -4 57 34 0.0935054
743 172 26 40 0.09218718
397 98 42 57 0.07649712
874 121 85 92 0.06233567
954 174 33 48 0.06121856
686 54 33 39 0.056617863
149 -1 31 23 0.048291806
121 3 28 19 0.046639957
-7 -27 114 98 0.045355905
598 371 20 34 0.043940682
725 160 45 61 0.040880803
748 -9 46 40 0.04081636
905 3 38 29 0.04036472
243 6 34 35 0.03891833
234 17 33 43 0.038636178
966 66 31 40 0.031073688
981 97 26 31 0.02967575
355 83 83 85 0.02498251
715 53 63 65 0.024096504
131 365 88 83 0.023440385
-34 500 123 104 0.02323646
758 102 148 153 0.022797825
147 75 49 53 0.022558218
687 110 33 41 0.022496164
925 39 74 73 0.02158581
716 75 340 284 0.020161742
