35_Basketball_basketballgame_ball_35_82
92
287 257 43 50 0.7201872
444 196 37 46 0.6422196
772 407 18 22 0.5802045
800 405 18 24 0.47190565
987 4 37 62 0.4563457
618 31 26 28 0.2822943
659 409 13 17 0.27398938
399 99 16 17 0.24124795
512 175 12 15 0.23842557
392 145 14 15 0.22371908
672 379 19 20 0.22292417
108 364 22 25 0.21494445
607 411 15 19 0.21488848
710 312 15 18 0.19611357
288 191 19 22 0.1881552
636 369 13 16 0.16888575
375 9 9 9 0.15238346
533 32 16 17 0.1395628
626 379 16 17 0.13492377
146 364 48 61 0.13033476
253 167 10 12 0.12962802
558 414 16 18 0.12490204
343 519 14 19 0.12238742
554 179 15 17 0.11506261
705 318 14 18 0.115056105
523 65 14 15 0.114356086
678 368 17 20 0.11104571
524 57 16 19 0.10483121
565 394 18 20 0.1040214
400 147 19 21 0.09826351
689 312 21 21 0.09016778
395 383 23 26 0.087275505
493 94 15 18 0.08579711
44 261 22 28 0.08181001
99 366 26 27 0.078756094
258 67 13 15 0.075196534
571 413 9 13 0.07356094
564 396 12 15 0.07221014
79 310 186 164 0.0698863
427 125 10 11 0.065693796
406 139 10 13 0.06275194
243 150 20 20 0.055773415
667 324 9 10 0.05520357
264 6 14 16 0.054101806
775 387 16 18 0.05361141
792 386 8 12 0.053577643
158 42 12 15 0.05288705
380 7 8 9 0.051900446
339 516 24 24 0.050585553
231 37 14 17 0.046302892
994 356 23 49 0.046032127
729 305 16 17 0.044711992
496 101 12 12 0.04426261
331 216 24 30 0.043109436
439 129 16 15 0.041639272
493 119 6 9 0.040863793
243 318 87 90 0.03631467
181 404 41 47 0.034687158
626 396 9 9 0.034366924
797 386 26 33 0.03432963
589 19 13 12 0.033285886
391 101 14 15 0.03297869
531 174 16 22 0.031977274
608 29 13 14 0.02936873
451 14 14 13 0.028551957
144 370 34 43 0.028407065
559 41 10 9 0.028065955
801 268 15 19 0.027867598
196 56 12 13 0.027376648
599 400 10 12 0.026703648
591 30 10 11 0.026264315
379 238 176 160 0.025987472
293 200 17 21 0.025907725
673 391 9 10 0.025846686
773 26 16 17 0.025463674
618 312 15 17 0.025438039
442 260 122 117 0.024934141
402 188 16 19 0.024822317
540 131 18 19 0.024787448
803 395 17 24 0.023457037
115 39 14 13 0.023232287
21 294 16 21 0.02290017
791 155 11 14 0.022795483
610 303 14 13 0.022148537
772 244 18 17 0.021862654
977 170 34 51 0.02101437
907 90 142 133 0.02049112
245 70 16 17 0.020439005
600 242 22 22 0.020399325
186 124 21 16 0.0203192
751 391 11 14 0.020198574
148 160 15 20 0.020063538
