35_Basketball_basketballgame_ball_35_201
52
282 376 114 173 0.83075625
725 158 98 123 0.7877328
940 208 83 140 0.75540674
86 133 95 151 0.75391036
385 151 86 128 0.7473181
840 -1 96 116 0.7437114
125 261 90 148 0.7359918
4 26 82 181 0.7020562
621 378 125 158 0.68285495
13 376 111 194 0.6151622
507 228 101 142 0.56925005
581 -18 146 179 0.56598127
630 -3 65 129 0.41690463
40 402 73 142 0.3183347
657 4 40 113 0.25155917
149 281 46 108 0.22403833
492 -9 78 79 0.20172262
701 121 145 213 0.1682403
966 222 43 115 0.15297171
794 -76 179 265 0.11785392
406 165 45 99 0.11326264
165 289 37 89 0.08871544
814 -15 84 150 0.080348074
658 -21 77 167 0.076149434
539 245 60 110 0.076064005
71 223 137 219 0.068973795
614 16 47 96 0.05806776
843 19 61 82 0.056462225
104 156 43 107 0.048312344
442 179 162 256 0.042319298
296 346 146 252 0.041227464
313 426 27 64 0.038670875
762 160 52 111 0.038595926
314 99 162 265 0.037529003
63 417 60 115 0.037182227
831 34 48 95 0.033543766
401 114 88 149 0.032671213
36 38 86 144 0.031538207
-15 396 94 161 0.030769877
346 407 42 103 0.02986657
433 160 60 95 0.029562667
766 143 84 174 0.029354906
823 141 201 329 0.029100846
295 411 64 127 0.027808975
626 80 198 351 0.02643004
634 393 74 115 0.023748094
44 739 27 34 0.023469878
92 235 90 154 0.023192031
814 -15 182 298 0.022823518
471 88 172 290 0.02189991
299 381 51 107 0.021331128
827 -7 53 101 0.020897778
