35_Basketball_Basketball_35_107
101
424 41 121 203 0.8120415
996 495 26 54 0.5523615
42 196 82 125 0.5300296
600 504 41 67 0.528916
952 362 25 45 0.4116792
687 530 39 62 0.40475893
693 544 38 66 0.37800172
924 427 41 72 0.34392756
985 489 44 86 0.31491068
935 445 25 38 0.2683494
691 519 29 49 0.26644102
900 363 23 40 0.2205664
898 374 14 25 0.19511792
948 450 16 28 0.1937544
922 364 21 32 0.17407912
789 1 13 17 0.16494726
224 351 27 45 0.16475852
738 473 28 51 0.1619791
3 171 16 35 0.14774507
1009 359 13 20 0.14530686
862 366 12 26 0.13282518
364 86 19 31 0.12229789
856 384 21 33 0.11693398
413 69 82 150 0.11328209
220 69 13 18 0.11255187
878 81 19 33 0.10939048
899 385 13 25 0.10184192
960 500 21 33 0.09426393
673 493 61 95 0.09413323
771 88 21 27 0.093866505
445 93 79 132 0.087714426
812 86 25 37 0.08693329
5 176 12 20 0.08657436
976 467 30 64 0.07856357
232 361 14 25 0.07789624
185 8 20 24 0.07762602
51 209 40 93 0.07762302
201 328 12 23 0.076971374
607 443 40 56 0.07631824
961 378 7 16 0.07538812
881 327 16 26 0.06712239
383 19 21 29 0.06573332
259 183 19 34 0.06558559
380 27 23 35 0.06363649
1013 395 6 10 0.062261336
241 105 19 27 0.061455674
293 185 18 35 0.059231155
338 -77 254 357 0.05855282
332 44 28 43 0.058089487
921 121 17 28 0.056764238
1006 442 14 27 0.05663128
95 156 13 20 0.056156605
185 305 23 42 0.05534653
684 487 43 60 0.054109555
151 53 8 12 0.053551227
852 306 17 32 0.050279103
95 134 25 37 0.049988516
861 313 9 16 0.049899433
750 516 36 67 0.04932987
1003 503 14 40 0.047844455
664 527 25 41 0.045893278
675 455 28 44 0.044604734
749 369 22 35 0.04417707
745 11 15 21 0.04159113
841 373 17 36 0.040111486
564 989 132 200 0.039143357
679 93 19 27 0.037076693
752 392 16 25 0.03572518
388 -10 127 226 0.035557933
240 106 8 12 0.03531745
316 -2 51 76 0.0339081
292 103 21 28 0.033086523
1002 132 17 30 0.03275886
919 109 20 33 0.032572594
788 223 8 15 0.032460053
293 193 12 20 0.03154337
191 65 6 8 0.031341977
166 280 15 25 0.031276394
236 195 16 23 0.030854303
293 295 55 86 0.029799351
1003 96 20 32 0.029555725
9 120 22 46 0.029529134
83 171 28 38 0.02888362
815 366 9 15 0.028562047
77 236 32 63 0.028489856
985 366 13 33 0.02744301
213 378 68 107 0.026477749
785 355 17 26 0.025839094
1001 318 25 47 0.025366377
211 112 4 9 0.025019813
744 59 10 14 0.024834983
683 96 8 12 0.024762603
683 191 25 38 0.023710398
1012 336 13 24 0.023442455
188 103 15 30 0.02343059
880 69 10 15 0.022448465
699 354 28 36 0.022043774
188 330 34 60 0.021408623
319 21 42 72 0.02133359
735 353 22 29 0.020961119
275 193 7 10 0.020537738
