35_Basketball_basketballgame_ball_35_389
23
500 232 50 44 0.73175097
613 582 34 33 0.49277723
482 223 81 63 0.35419145
615 589 24 22 0.2909624
255 622 15 15 0.19580884
624 593 11 12 0.13516365
80 614 19 18 0.11359553
323 618 6 5 0.100559585
315 613 18 14 0.09725438
220 612 8 6 0.07937713
222 616 7 7 0.07107496
231 468 62 54 0.058345
83 620 11 9 0.05367109
923 402 11 10 0.038979847
16 604 12 12 0.0389512
920 400 17 13 0.038634017
154 623 12 11 0.036439847
153 613 13 12 0.032330174
563 622 11 11 0.025733843
691 619 28 21 0.02344471
20 600 7 7 0.023387374
16 616 6 6 0.022887478
620 614 34 28 0.021311566
