35_Basketball_playingbasketball_35_495
204
825 812 60 85 0.63813657
232 1142 25 48 0.61052185
170 1104 36 59 0.55897367
329 734 90 126 0.5348171
353 764 44 68 0.52750057
249 1101 28 46 0.5206159
762 454 22 32 0.46330717
738 1055 26 39 0.45693976
181 917 26 41 0.42918444
103 567 20 31 0.42692977
203 957 25 47 0.4258827
605 58 20 33 0.4170095
576 423 52 65 0.39788875
744 978 24 41 0.39600608
835 815 30 50 0.39261782
853 484 19 34 0.37776387
737 589 20 34 0.32633853
45 620 17 30 0.32255495
766 461 9 18 0.30077782
-3 431 24 47 0.29600477
28 787 44 77 0.28696468
704 474 14 26 0.2786663
707 615 24 36 0.27042904
165 572 17 29 0.27027267
917 666 23 33 0.2419502
257 1114 11 18 0.23993875
166 621 15 28 0.23607069
685 162 35 60 0.23398867
290 745 14 26 0.22680295
337 711 26 48 0.21479101
302 793 28 44 0.2117028
107 614 23 38 0.20997384
32 561 25 42 0.1996128
843 589 22 34 0.19802064
979 885 21 39 0.19518457
289 445 15 31 0.18260778
678 442 16 26 0.18227638
227 460 19 28 0.17777942
736 811 12 19 0.17385212
973 896 12 19 0.17343153
110 574 11 20 0.16902615
776 858 10 18 0.16555959
822 655 12 20 0.16129975
169 705 20 31 0.16004072
117 627 20 35 0.15721272
127 446 16 22 0.15582915
841 599 14 23 0.15194339
682 971 21 34 0.14604795
672 815 20 33 0.14259526
170 617 23 37 0.14108226
80 474 20 32 0.14100808
672 979 20 35 0.13618515
221 590 12 17 0.12915951
225 745 19 33 0.12646881
735 750 22 32 0.12578684
177 704 19 37 0.122778066
862 90 16 25 0.11941074
683 177 17 28 0.116632596
39 441 34 51 0.11586926
658 137 21 32 0.11187517
353 468 10 19 0.111350164
258 776 30 47 0.107196726
263 614 7 14 0.10609039
994 666 10 18 0.105868846
571 397 48 78 0.10577235
876 636 14 23 0.104159854
292 578 19 27 0.103857614
608 121 18 29 0.10064218
940 602 10 15 0.099123694
860 765 11 18 0.097334534
754 47 15 22 0.09511365
227 586 15 26 0.09186969
792 760 16 23 0.0903503
837 818 36 69 0.089631
967 848 10 15 0.0889411
198 445 13 19 0.087968886
658 479 10 23 0.08453922
313 630 9 14 0.08314488
515 143 23 37 0.08292852
351 478 10 18 0.082461864
667 129 15 25 0.081826
702 462 16 31 0.08069319
828 71 14 19 0.07932663
255 800 24 37 0.07922648
81 461 19 26 0.076655954
456 1031 69 100 0.07555228
986 584 24 39 0.07532687
587 711 26 47 0.07493945
805 730 11 17 0.0740479
337 750 48 70 0.07366747
830 637 14 22 0.0736227
271 836 169 239 0.07171811
696 965 15 28 0.07141867
320 919 108 158 0.070820175
880 661 12 18 0.07038735
919 810 13 24 0.067486405
831 192 21 35 0.063942954
309 636 13 21 0.06341755
806 90 12 20 0.06325506
190 484 9 17 0.06318532
686 458 18 31 0.062795214
695 716 20 35 0.061499473
681 13 18 23 0.059633493
547 431 54 59 0.059606563
83 838 23 38 0.057971366
748 50 13 23 0.05655072
992 628 10 16 0.056026813
820 73 13 18 0.056000873
241 482 7 13 0.05568458
729 858 11 18 0.053764127
953 631 12 16 0.05234099
838 68 15 26 0.050351236
148 441 9 15 0.049046155
237 731 18 29 0.049004246
607 782 35 54 0.04795992
623 185 18 27 0.047681756
786 659 11 17 0.04722953
674 -3 24 36 0.04490905
12 715 23 50 0.044864174
338 591 13 25 0.044276066
230 627 11 14 0.0441934
523 327 173 244 0.043832425
284 670 9 12 0.043770544
790 820 6 10 0.043565482
966 821 17 31 0.043534137
74 1081 38 65 0.043477163
832 641 6 9 0.04302551
243 707 14 22 0.042918384
977 638 15 28 0.042905428
1010 838 10 21 0.042392038
1008 451 11 25 0.04194477
363 446 12 22 0.04181379
792 647 9 15 0.04113131
170 1145 18 37 0.040923953
1004 975 21 48 0.04045212
248 620 17 27 0.039951894
736 878 21 35 0.039761502
138 677 10 14 0.038523704
208 619 6 10 0.038463097
304 583 14 28 0.037584532
791 102 9 15 0.03703815
-49 722 157 245 0.036785133
949 801 9 15 0.0367472
739 1156 29 45 0.036055535
846 794 11 21 0.03540982
325 792 26 40 0.035150766
604 630 27 47 0.0349751
24 876 52 103 0.03379592
104 455 15 27 0.033312026
805 762 93 130 0.03255125
1001 1074 24 60 0.031362996
845 618 11 15 0.03130859
979 724 13 25 0.031021953
998 602 8 15 0.030651141
484 318 152 221 0.030604742
42 1048 114 162 0.03020153
274 601 6 9 0.030045563
624 452 25 34 0.03001618
761 971 24 44 0.029733242
293 710 12 20 0.029464234
548 375 65 114 0.02902498
398 602 47 85 0.028839888
932 625 6 9 0.028634042
283 869 112 166 0.028591307
675 837 15 25 0.027760936
24 444 14 32 0.027724119
300 728 17 32 0.02772021
114 483 18 27 0.027609523
750 741 22 35 0.027457377
-3 794 133 191 0.02729621
696 662 17 26 0.027291935
1007 897 10 16 0.026566569
231 1105 21 31 0.026561538
-1 720 22 39 0.026278926
678 182 13 19 0.025798498
891 496 26 37 0.025778253
924 569 13 18 0.025709549
755 452 20 33 0.025589012
970 727 12 18 0.02505259
330 459 15 30 0.024754753
872 84 24 39 0.024742007
739 663 7 11 0.024211
794 92 11 17 0.023916459
857 656 11 17 0.023727007
35 949 36 66 0.023638913
883 94 13 22 0.023247903
847 1045 43 69 0.023201274
933 808 7 10 0.022806253
351 949 50 69 0.02267593
-2 412 22 43 0.022634715
10 411 18 40 0.022605367
266 747 76 114 0.021980466
924 191 18 32 0.021924356
3 512 38 69 0.02189868
477 380 123 187 0.021650515
85 879 27 45 0.021529092
779 484 10 17 0.021190982
469 703 35 62 0.020657187
266 771 11 15 0.020630732
37 823 40 61 0.020451037
793 65 14 21 0.020447113
328 613 10 19 0.020170543
304 974 36 65 0.020135485
901 876 20 35 0.020116279
