35_Basketball_basketballgame_ball_35_998
126
346 317 55 55 0.7046676
-2 315 24 30 0.6868758
33 394 47 48 0.63472384
105 112 36 37 0.6302995
682 65 59 59 0.6209633
114 290 42 40 0.5900184
35 209 37 37 0.575508
909 285 58 56 0.5701103
341 99 75 70 0.5680607
60 280 40 37 0.49653974
456 94 49 46 0.49304056
511 43 31 30 0.41480982
812 91 47 47 0.39294216
896 266 87 88 0.3778128
267 92 31 29 0.35024652
847 269 41 47 0.34210753
828 220 45 44 0.33773276
176 133 46 42 0.32736397
249 57 29 28 0.29826537
257 98 36 38 0.2588319
389 109 40 43 0.2529311
300 76 121 112 0.24202886
999 327 26 29 0.23359756
464 100 34 33 0.21274616
329 104 54 56 0.21176368
753 97 45 42 0.2098553
0 254 18 23 0.20908773
909 207 38 36 0.20334949
673 86 44 45 0.2017999
461 421 42 44 0.19059326
982 56 33 40 0.17273882
265 150 30 32 0.1726872
437 139 49 47 0.16971177
310 314 47 38 0.1660102
988 307 24 37 0.16437013
835 227 29 31 0.16152789
592 11 40 33 0.15059467
175 122 44 39 0.14581628
187 139 27 30 0.14271462
810 339 37 35 0.13458957
987 303 24 24 0.13333829
951 158 38 41 0.10653884
393 104 33 33 0.10568098
97 71 31 29 0.10103346
68 286 23 27 0.098725036
933 286 54 48 0.0943094
593 55 29 31 0.08909674
260 556 28 30 0.08708839
362 139 40 46 0.084466666
398 18 33 26 0.0842404
445 56 27 26 0.08255477
756 47 39 39 0.08163596
894 64 49 47 0.079081945
329 19 26 20 0.07685872
2 311 18 25 0.074791275
-6 228 33 30 0.07464472
593 368 29 30 0.069055185
458 222 41 38 0.06443544
603 400 35 37 0.06423996
131 299 39 40 0.06360018
914 277 33 40 0.06180405
106 530 29 24 0.056180898
465 15 29 22 0.05398454
487 8 100 99 0.053194944
815 431 32 29 0.051760852
819 315 35 38 0.051718183
599 20 20 20 0.051469456
322 409 25 27 0.050091084
811 213 77 67 0.04951358
699 430 38 32 0.049471676
550 108 44 49 0.04856579
336 26 18 19 0.0484938
256 560 20 20 0.04608148
432 51 25 24 0.045189623
877 319 24 26 0.04485594
729 430 30 27 0.04442247
446 0 36 28 0.043108135
824 349 14 15 0.042842768
655 22 166 146 0.04208667
693 79 31 36 0.040195152
77 142 28 38 0.04005427
987 210 37 43 0.03997817
949 298 36 31 0.03995947
72 297 19 17 0.039543644
123 278 32 41 0.03932873
648 30 31 30 0.038805626
5 323 15 17 0.03772502
485 580 26 29 0.037173938
516 23 29 26 0.036924556
871 303 33 28 0.03669728
888 90 29 31 0.03537594
923 223 13 14 0.03506945
921 212 18 20 0.035052508
525 330 27 26 0.034417525
458 441 44 44 0.032591995
571 145 36 35 0.032542598
441 80 76 81 0.03213888
909 312 43 47 0.031923655
325 323 35 26 0.031075018
640 20 45 49 0.030608008
405 592 22 19 0.030374026
216 126 32 31 0.029189775
738 97 41 33 0.028948538
299 295 75 56 0.028901685
989 58 32 28 0.027991896
474 78 35 30 0.027569182
841 71 39 44 0.025747333
519 348 25 28 0.025679694
492 25 29 26 0.025672212
492 27 65 61 0.025457693
145 322 33 33 0.02438458
133 202 43 48 0.023757935
506 25 33 37 0.02301298
855 298 26 34 0.022385398
175 8 35 23 0.02171765
929 78 27 31 0.02168264
10 410 18 22 0.02158501
717 441 17 15 0.021543464
294 142 46 49 0.021497056
776 314 32 36 0.02139221
917 167 46 46 0.021113688
669 16 25 23 0.021040818
757 12 31 24 0.021008758
296 308 47 52 0.020926623
242 6 34 22 0.020201074
317 80 79 80 0.020167544
