35_Basketball_basketballgame_ball_35_216
24
291 397 13 10 0.26806337
1011 436 10 7 0.059568387
111 95 82 64 0.057537194
479 211 18 18 0.056077056
706 409 11 9 0.04779662
42 452 14 10 0.038021337
468 207 28 25 0.037313834
446 116 49 43 0.033999566
638 424 7 7 0.03309262
873 329 36 31 0.032381754
367 164 42 36 0.030024596
365 167 32 24 0.028863288
985 478 10 10 0.028418668
706 406 7 6 0.027557755
289 144 128 93 0.027360812
293 432 14 10 0.026187241
972 469 15 12 0.02602529
209 141 70 57 0.025441727
546 66 131 102 0.024876233
709 59 97 74 0.024601618
698 -4 76 59 0.022894036
705 439 16 11 0.022295695
980 156 32 26 0.021376552
31 451 13 10 0.021327348
