35_Basketball_basketballgame_ball_35_689
53
686 579 23 21 0.60697216
313 315 18 20 0.56282467
456 384 15 16 0.46666366
459 387 15 16 0.35989055
203 249 18 20 0.2715108
684 228 15 16 0.19007574
341 176 12 13 0.15798043
696 231 12 14 0.14573926
183 27 16 17 0.122058384
414 195 17 16 0.116386086
393 195 5 5 0.10993655
583 195 11 13 0.07672466
303 167 11 12 0.071550384
314 199 11 11 0.068362616
145 83 14 16 0.06636234
91 147 9 11 0.06165607
661 171 17 16 0.059422564
677 576 29 31 0.057627667
93 141 15 15 0.056839973
667 358 13 15 0.056197602
705 53 12 12 0.055202197
29 133 14 16 0.045868937
592 190 15 17 0.04569545
593 225 16 16 0.044340845
186 152 8 7 0.04351329
318 357 14 15 0.038539555
449 201 13 12 0.037401244
305 319 26 26 0.037047286
994 284 11 13 0.036643274
323 393 13 12 0.035834894
241 61 13 13 0.034839492
710 178 11 10 0.034417614
298 9 17 15 0.034316964
479 119 8 7 0.03249148
618 134 12 14 0.03196388
171 120 9 9 0.030931322
719 142 13 12 0.030859763
12 94 11 10 0.030435018
399 190 15 14 0.030340271
955 278 11 10 0.029580414
845 288 11 12 0.028841402
606 127 20 18 0.027311128
672 231 8 7 0.026094444
39 68 15 11 0.025062883
344 372 10 14 0.024571499
197 122 10 9 0.024468133
699 26 10 11 0.024043648
25 148 6 5 0.023733212
18 127 10 9 0.022940194
990 111 7 8 0.02284698
323 177 14 16 0.021974433
177 132 14 14 0.021837415
133 140 8 10 0.02039274
