35_Basketball_basketballgame_ball_35_391
45
529 83 92 96 0.8161171
364 99 96 108 0.76484424
697 92 98 114 0.76145464
202 56 92 112 0.7550753
238 429 84 75 0.18631239
989 132 21 21 0.18271558
989 301 32 69 0.15050177
441 323 126 118 0.1300781
386 139 51 45 0.12253841
657 340 34 41 0.11572658
726 109 50 67 0.10994627
533 105 62 67 0.093609385
698 98 62 90 0.08612881
219 78 34 52 0.08497821
981 127 27 30 0.08478214
707 128 44 50 0.08330755
966 113 63 59 0.08024353
218 97 63 52 0.074979134
562 95 49 66 0.07423316
408 133 25 43 0.063490205
753 36 16 14 0.054673202
712 134 62 59 0.050502326
235 83 43 57 0.04836278
958 240 28 29 0.048073273
950 155 29 30 0.047066536
621 241 87 89 0.045827977
971 239 27 35 0.042082384
468 334 72 78 0.040213153
982 255 31 57 0.032014217
486 358 40 46 0.030514738
855 93 18 16 0.029262263
663 21 184 189 0.029207753
664 115 85 77 0.029106788
748 110 47 63 0.027690213
783 265 70 79 0.027157318
706 160 43 39 0.026084429
343 116 72 77 0.026011975
506 93 75 72 0.025102684
470 61 27 26 0.02184028
1006 92 14 20 0.02174293
466 53 41 45 0.021627614
138 36 39 45 0.021599619
527 346 139 126 0.021550028
948 156 22 22 0.020594714
485 88 112 101 0.020067967
