35_Basketball_playingbasketball_35_248
36
815 855 13 32 0.49113175
491 913 26 56 0.42758217
143 847 16 36 0.4274047
819 863 7 18 0.39620757
168 892 16 33 0.34188864
511 783 23 44 0.29246548
499 925 15 31 0.2821553
21 889 17 42 0.27400622
145 857 9 23 0.27369112
402 828 18 32 0.26757714
643 845 22 47 0.21529688
293 845 11 28 0.21449378
178 893 13 38 0.19213317
501 911 28 59 0.1794811
293 856 6 14 0.1645391
654 855 14 31 0.15588348
649 859 12 22 0.12088227
122 980 26 46 0.091322675
285 858 7 14 0.07581953
31 889 15 39 0.071340404
280 846 14 30 0.05720593
364 727 17 41 0.05710325
708 905 9 19 0.05679263
526 1084 26 51 0.054365147
158 950 21 46 0.041521154
137 854 11 24 0.03818717
366 736 11 24 0.033429384
684 889 12 27 0.032942247
388 147 61 89 0.03213121
584 885 34 60 0.028123224
808 980 14 34 0.026990393
614 903 16 34 0.02674196
133 840 20 43 0.02514715
121 906 17 37 0.023144342
7 834 14 37 0.021363657
662 892 19 36 0.0211939
