35_Basketball_basketballgame_ball_35_254
24
299 267 79 102 0.54358643
636 322 64 74 0.27247727
10 149 63 101 0.25167206
1000 361 22 56 0.17616656
1004 448 20 66 0.094649434
1004 386 18 33 0.062037263
1009 468 17 33 0.042961996
2 165 50 76 0.037669253
566 220 171 227 0.03625368
620 887 203 260 0.035539255
59 320 62 76 0.03434874
77 296 61 77 0.030520067
462 703 59 88 0.029063253
269 213 136 204 0.028122181
384 -3 58 56 0.027317816
618 272 97 126 0.025318064
9 65 45 86 0.022698827
-41 -44 142 197 0.021742038
298 432 107 120 0.02161917
450 579 176 283 0.021257112
1 186 40 69 0.020637237
315 216 169 194 0.020593407
30 66 51 77 0.020479543
176 283 134 233 0.020171259
