35_Basketball_basketballgame_ball_35_197
50
48 101 62 70 0.7711711
242 104 71 68 0.770592
445 166 61 66 0.7519751
709 206 86 91 0.7429895
795 12 67 70 0.72001904
248 182 81 77 0.7123513
18 35 58 69 0.651715
625 161 61 67 0.59867656
10 -1 41 35 0.5769161
996 7 24 35 0.48232344
820 284 62 66 0.46589193
815 25 27 48 0.42278698
683 173 59 50 0.40433773
708 182 32 33 0.39354593
807 263 91 94 0.35899463
157 -4 27 22 0.35866207
315 -10 57 40 0.34993878
987 157 39 64 0.25022924
682 206 148 116 0.23775029
472 0 24 19 0.22343005
533 220 52 55 0.21440299
442 0 28 19 0.17604254
9 -11 69 54 0.17040972
728 229 40 52 0.14004935
639 183 32 30 0.13889708
458 -2 28 22 0.12808818
666 163 75 81 0.10140822
705 166 56 62 0.10043755
326 46 46 66 0.09430169
421 142 97 95 0.08411879
448 190 42 49 0.06444337
892 17 53 44 0.057457887
4 11 39 41 0.051812645
747 227 49 55 0.048555452
705 195 28 37 0.048369892
544 228 30 38 0.047097348
732 232 59 70 0.043859847
780 233 105 98 0.041030366
8 332 149 136 0.040872306
356 -2 30 27 0.037935603
330 71 37 36 0.037656248
16 6 63 57 0.036868256
320 208 32 34 0.03556884
7 659 81 81 0.027702892
238 180 120 113 0.027509656
-2 679 65 64 0.025202623
342 33 28 24 0.02510226
242 575 20 22 0.024343478
692 228 67 54 0.023809286
247 122 49 48 0.022783004
