35_Basketball_Basketball_35_712
36
98 223 30 32 0.64543176
585 239 24 27 0.6172297
36 241 28 31 0.61153936
962 253 19 23 0.58592856
235 236 25 26 0.57838994
647 243 40 42 0.49710068
295 237 26 26 0.4875433
524 258 18 22 0.48079118
432 252 19 24 0.47529614
520 253 27 31 0.39554363
358 235 31 33 0.38957834
910 247 21 20 0.36916322
840 221 28 29 0.3147263
846 218 19 21 0.29674268
160 227 24 22 0.2952785
773 234 27 28 0.27063847
787 242 16 16 0.25359637
789 234 16 21 0.23662108
722 262 16 16 0.22784011
914 248 11 15 0.15849745
677 255 23 26 0.1373233
523 267 17 18 0.11623497
300 235 15 19 0.09262608
365 238 13 14 0.058712304
377 269 19 21 0.05428878
428 266 30 33 0.03982134
18 225 62 64 0.039227027
434 271 17 19 0.033187993
771 225 51 49 0.025128162
-76 449 276 267 0.024836646
719 265 19 22 0.023968676
527 566 100 113 0.022538101
636 234 61 63 0.02142572
157 239 23 24 0.021044973
900 253 14 14 0.020362776
107 229 15 21 0.020286096
