35_Basketball_playingbasketball_35_195
56
577 379 24 27 0.32404426
974 393 11 15 0.32377627
49 402 10 13 0.3223094
585 384 11 14 0.25878686
155 405 7 8 0.22463718
154 406 12 12 0.21516137
502 390 13 12 0.21478131
351 404 7 8 0.20805778
463 396 8 9 0.19670156
202 273 24 26 0.19200592
780 393 11 12 0.19126022
832 224 37 43 0.18660581
41 404 10 12 0.17788963
204 277 17 18 0.16769002
664 392 15 14 0.15884517
422 408 10 9 0.15813693
303 406 5 6 0.1564411
114 406 9 10 0.1539547
570 385 16 17 0.15025248
739 403 8 8 0.13964987
983 392 16 16 0.13900544
203 284 18 17 0.13286427
670 395 10 12 0.13152039
441 403 8 10 0.116471015
119 412 7 6 0.093275994
1013 396 11 10 0.09084923
214 275 17 21 0.08840543
247 410 7 8 0.087931454
966 400 13 14 0.07891311
352 396 8 8 0.07768439
996 235 21 31 0.07734787
710 406 9 8 0.076636285
768 395 11 12 0.065500826
744 402 6 9 0.06509618
254 409 8 8 0.06260803
738 398 8 8 0.062427677
982 401 11 14 0.055165168
484 394 10 10 0.053450957
1008 401 11 12 0.050361384
563 393 9 10 0.050281186
550 399 14 16 0.04885799
264 415 6 6 0.045550864
408 404 7 9 0.042657577
373 395 10 11 0.040839475
699 404 6 7 0.038884986
316 456 86 85 0.033335987
55 397 9 12 0.03263751
925 417 7 8 0.031082733
215 282 17 19 0.029702267
541 405 7 8 0.027347257
747 65 65 65 0.026564088
310 398 8 9 0.025343623
772 402 9 11 0.02360844
369 398 5 5 0.022476658
717 400 5 5 0.021374227
178 433 103 100 0.02080893
