35_Basketball_basketballgame_ball_35_709
136
997 985 23 46 0.48500904
770 985 29 56 0.4821874
228 1014 23 46 0.41548225
294 981 33 74 0.41512218
259 958 42 80 0.39695767
182 966 36 66 0.39117846
890 999 23 46 0.3722833
142 816 20 43 0.33026874
240 919 24 43 0.30922922
953 682 8 17 0.2881618
667 553 30 62 0.2785519
765 908 31 57 0.25254515
8 992 25 51 0.23741637
884 1010 25 49 0.22997478
174 974 18 42 0.2235231
86 1035 24 52 0.22272336
545 415 27 54 0.22203456
69 986 24 48 0.21944995
350 949 25 47 0.19235729
415 755 15 30 0.18349402
53 808 19 37 0.18100044
81 854 17 37 0.17552413
3 884 23 55 0.17460017
251 933 16 38 0.17377415
2 882 17 38 0.16061676
929 894 13 25 0.15911101
149 806 22 50 0.15652302
771 919 16 40 0.15257098
357 963 28 50 0.14937583
932 584 8 17 0.14323632
521 885 36 72 0.14123373
433 690 18 45 0.13466159
441 703 9 24 0.12701245
25 992 18 42 0.12677784
681 566 25 48 0.12646414
103 826 21 38 0.12502721
3 817 9 20 0.12496839
331 774 12 26 0.12313419
997 917 20 49 0.121435165
786 713 9 20 0.118565716
244 932 18 31 0.11792096
180 930 16 38 0.117814116
188 716 16 34 0.11744776
983 977 18 51 0.11358445
921 807 19 42 0.11325219
604 643 236 367 0.11286171
321 982 21 44 0.104813255
830 719 11 20 0.10095063
261 763 21 39 0.09587622
326 785 17 36 0.09429498
388 789 9 15 0.09413652
548 397 33 61 0.09239212
991 907 17 41 0.08970323
51 609 17 37 0.086940885
14 601 15 30 0.08658806
989 780 9 21 0.08496736
752 718 14 24 0.0844377
244 996 19 39 0.080462344
33 781 18 35 0.07845363
956 987 10 22 0.07770435
228 999 17 36 0.07507032
390 774 20 39 0.075065985
496 915 25 62 0.07492189
167 925 23 40 0.07482928
294 995 18 43 0.0721777
908 899 21 45 0.07208091
979 844 8 15 0.0687611
111 942 15 27 0.06688078
956 673 14 36 0.066347204
724 583 10 14 0.063997135
920 577 18 39 0.06382215
86 1009 18 41 0.062231995
312 805 13 31 0.06165793
838 988 17 39 0.060744617
248 557 32 62 0.059509177
151 982 15 30 0.057301212
509 1020 23 50 0.05683252
975 584 18 36 0.05648551
858 905 13 30 0.05586079
984 794 17 37 0.05457686
900 661 9 19 0.053892422
541 854 40 99 0.053502377
45 994 14 24 0.053083286
893 674 15 27 0.052349225
898 940 12 22 0.05217466
13 1012 21 46 0.051807072
114 835 10 16 0.051136836
928 792 14 31 0.05072848
661 584 29 58 0.050619777
244 740 6 11 0.049594425
369 714 14 27 0.047629807
373 915 27 50 0.0475545
807 785 13 22 0.047282983
502 1001 13 25 0.046669886
91 922 52 90 0.04396178
307 550 12 24 0.043086123
92 883 19 37 0.042864267
149 949 14 27 0.042742435
807 546 8 16 0.042617694
649 570 39 83 0.04136767
490 988 19 46 0.039735578
500 910 34 61 0.03836771
1004 717 10 26 0.03788351
780 1011 5 15 0.03726953
16 781 8 14 0.035699483
667 644 36 66 0.03446535
86 841 15 30 0.034341995
862 992 13 28 0.033921614
730 572 12 26 0.03355292
6 938 14 26 0.032997448
808 661 8 14 0.03279489
779 994 18 42 0.032021243
542 381 34 57 0.030442894
769 699 16 36 0.029067023
192 990 9 19 0.028958531
91 927 23 43 0.028686138
123 975 9 20 0.028288808
628 655 34 75 0.026674049
755 755 30 56 0.026280053
653 582 99 170 0.026208187
614 508 75 150 0.0257081
250 773 13 27 0.02549896
373 827 7 14 0.025089882
858 632 7 13 0.025040913
787 969 20 44 0.024134936
415 719 20 39 0.023720916
736 568 19 41 0.022607995
470 821 99 180 0.022386748
935 993 7 13 0.022084998
16 560 11 23 0.021708332
359 566 7 12 0.02139144
514 407 50 77 0.02111426
820 682 17 32 0.021067442
-4 195 64 128 0.020357084
248 561 7 12 0.020091705
378 692 18 36 0.020040652
