17_Ceremony_Ceremony_17_490
33
884 180 101 135 0.8135236
521 231 57 63 0.7722114
287 269 59 67 0.7575381
200 2 74 71 0.7320368
482 22 46 49 0.6682694
383 27 54 60 0.658061
34 0 69 60 0.5267557
272 256 90 96 0.4486681
170 -27 124 129 0.29899424
501 208 83 97 0.16221096
471 35 57 55 0.08539596
869 243 82 73 0.068101756
630 613 76 78 0.06329433
558 571 179 159 0.052074727
502 14 40 49 0.045216095
182 265 26 29 0.03914038
387 259 60 63 0.03795154
-1 -5 92 74 0.03762808
961 209 49 79 0.03738586
164 3 97 83 0.036710978
483 11 63 72 0.0327384
730 33 18 18 0.03210552
259 0 36 34 0.030485172
394 283 52 52 0.0286803
698 366 80 75 0.027479308
396 275 38 45 0.026845995
880 212 54 62 0.025041591
227 257 115 102 0.023926802
188 105 24 32 0.023861604
310 82 162 152 0.022907611
304 229 53 55 0.022405686
547 227 44 58 0.021190617
856 154 166 175 0.020081555
