17_Ceremony_Ceremony_17_415
20
750 94 196 300 0.86219704
68 97 190 286 0.83898574
450 69 221 315 0.80290365
354 890 83 132 0.7808548
653 922 69 113 0.72866285
802 135 128 222 0.08819271
152 132 111 221 0.07510655
74 152 93 187 0.06420222
766 172 68 149 0.047431506
561 123 94 200 0.04314191
401 71 169 345 0.036430553
580 88 127 269 0.03358255
280 133 150 274 0.03317367
639 928 97 160 0.029766614
91 3 237 386 0.029484184
336 843 109 209 0.029358499
70 883 67 107 0.025961794
348 934 28 53 0.023215435
245 45 156 299 0.021936087
35 846 95 139 0.020197032
