17_Ceremony_Ceremony_17_452
45
304 331 22 25 0.24510291
433 275 41 43 0.2426804
930 391 22 23 0.21486007
824 386 24 23 0.20877609
302 369 31 33 0.16993321
217 381 19 25 0.1694552
305 343 23 26 0.16583638
985 414 25 29 0.16354606
493 348 19 23 0.16193733
944 403 35 35 0.1604672
673 343 17 18 0.15588672
311 379 28 27 0.13440703
973 395 16 14 0.12682697
971 401 21 23 0.122643426
390 355 22 22 0.10948392
928 402 34 30 0.10783076
462 385 18 18 0.09976447
986 394 14 17 0.08607745
221 392 18 19 0.07981456
985 428 21 25 0.07411064
835 386 19 22 0.059491593
697 444 14 16 0.05699044
291 350 56 62 0.055010047
680 348 10 10 0.051490165
677 446 16 15 0.05115094
197 305 9 9 0.046375863
840 449 16 18 0.04409554
73 329 16 17 0.04154881
756 390 22 25 0.04055571
995 428 18 25 0.04023203
706 446 10 10 0.03684752
624 398 16 17 0.035203744
186 305 10 11 0.03512274
271 338 93 98 0.0349768
223 345 16 19 0.0307208
590 342 16 17 0.029680373
388 359 11 13 0.028436625
152 307 12 11 0.027039876
221 303 13 14 0.025534602
427 172 36 44 0.024813237
224 443 13 13 0.023500675
468 381 24 23 0.022443796
227 11 68 78 0.022180537
536 344 18 22 0.021409854
774 336 21 21 0.02120764
