17_Ceremony_Ceremony_17_803
66
86 143 36 21 0.50455505
940 178 25 19 0.49590337
613 103 39 28 0.48635024
658 112 77 71 0.42024395
613 109 26 18 0.37425724
593 126 20 13 0.34215683
621 155 31 21 0.33273253
591 140 48 29 0.28749436
559 137 26 19 0.27767408
64 130 80 45 0.26892784
299 67 113 86 0.26874152
146 127 26 17 0.2538784
383 133 36 23 0.25071445
121 129 18 10 0.24773023
392 107 51 31 0.24645324
319 24 132 127 0.2460078
484 130 22 15 0.23836114
524 119 16 10 0.22841549
626 112 11 9 0.19959185
196 127 21 15 0.19786555
595 130 28 21 0.1777574
467 127 30 20 0.17702708
643 85 126 112 0.16761206
568 118 13 7 0.1632329
455 126 23 15 0.16093726
409 114 30 19 0.16079852
164 144 23 15 0.13576493
573 145 10 6 0.13081025
482 122 10 6 0.12654422
231 127 20 15 0.10854561
104 134 25 18 0.10697311
506 382 45 36 0.09896073
562 136 11 7 0.09875086
446 119 15 8 0.09264945
664 146 53 50 0.09194755
929 172 40 27 0.08804152
463 117 18 13 0.084731095
175 142 26 20 0.08297651
527 161 23 14 0.082536034
619 147 39 25 0.07807063
87 130 25 19 0.062346984
227 112 28 21 0.06056229
82 109 27 22 0.058325864
658 103 57 43 0.048744075
170 132 21 16 0.048329294
540 117 17 12 0.046358723
393 159 28 20 0.041459307
106 143 23 19 0.040375452
178 113 18 12 0.03937783
110 118 20 13 0.036127664
379 139 39 27 0.035239868
722 115 50 47 0.0348078
244 102 46 44 0.033721022
386 135 23 12 0.031116592
162 113 14 10 0.030598547
8 138 34 26 0.030477254
426 106 47 27 0.028468184
493 370 58 38 0.02623107
610 152 14 10 0.026066003
96 139 32 28 0.024458192
459 356 127 80 0.023645462
22 97 46 40 0.023459757
592 128 77 47 0.0226496
860 245 57 27 0.02113213
904 -3 108 58 0.021085171
947 273 19 12 0.020643497
