17_Ceremony_Ceremony_17_1037
19
456 161 191 290 0.6681035
286 820 138 330 0.13196115
96 4 147 232 0.093509346
618 1246 141 324 0.084629945
540 696 150 354 0.055653196
613 999 111 247 0.037391298
46 562 16 42 0.032044873
461 180 93 253 0.031832244
597 895 139 318 0.03135882
216 80 97 236 0.028711926
583 1628 129 288 0.027114661
259 922 126 330 0.024895128
331 764 122 303 0.024742393
284 97 66 191 0.02440871
256 1431 95 246 0.024189578
657 1497 126 327 0.023868173
546 105 162 393 0.02292643
659 1429 97 251 0.021376703
646 1336 88 214 0.020621363
