17_Ceremony_Ceremony_17_765
55
369 405 22 21 0.57767826
81 474 55 50 0.5118521
553 271 24 24 0.43499675
714 287 15 15 0.39676198
667 289 16 16 0.35976788
829 306 15 14 0.3572063
922 300 17 16 0.32014796
881 303 11 12 0.25552458
72 301 27 25 0.22428946
324 300 12 11 0.22303276
800 286 18 17 0.21003985
449 284 13 14 0.19518898
374 291 14 10 0.19016834
132 310 16 13 0.17907329
327 299 15 16 0.1699567
790 284 17 20 0.15695408
233 311 18 15 0.15232258
796 288 10 9 0.1065191
395 298 14 15 0.10467909
404 299 10 10 0.0998815
404 293 13 10 0.092798255
165 318 19 18 0.0710329
100 481 22 38 0.06847786
801 288 13 12 0.067916416
844 315 3 3 0.055392403
233 390 16 14 0.053687878
690 288 16 14 0.050463684
24 323 17 17 0.049266297
27 517 33 35 0.046444215
36 329 17 16 0.042206656
361 371 24 27 0.04185603
387 291 9 10 0.041427966
147 382 17 15 0.03816161
17 411 27 31 0.03715783
194 404 14 13 0.036637478
325 292 14 13 0.03575157
323 302 6 6 0.03549095
91 414 25 24 0.034923144
113 361 83 68 0.03366531
146 404 20 16 0.03338152
240 406 18 18 0.032997355
901 300 11 14 0.031316813
334 294 7 9 0.031285867
320 295 9 7 0.030622847
14 513 36 41 0.030327497
154 377 14 15 0.026301414
687 298 14 13 0.024545854
526 438 16 16 0.024008416
220 307 47 48 0.022857228
350 380 12 13 0.022565484
892 296 5 6 0.021544585
144 307 26 23 0.021509897
46 309 24 21 0.021173256
81 335 10 9 0.020076117
45 426 27 22 0.020034898
