17_Ceremony_Ceremony_17_470
36
479 254 52 58 0.80330664
346 171 59 68 0.75599027
220 220 54 55 0.7249257
940 271 53 61 0.70525634
732 210 45 52 0.7009008
81 256 39 45 0.64012945
677 295 26 27 0.447378
640 303 25 23 0.36021066
65 243 72 74 0.34457505
587 293 33 39 0.29702783
701 189 112 101 0.28188887
686 290 23 36 0.26040325
335 152 84 103 0.24802189
581 283 33 30 0.18996148
182 268 33 37 0.16830873
142 272 15 19 0.14904931
203 296 49 48 0.12238722
677 304 16 14 0.10724074
686 329 26 39 0.100350514
4 281 21 28 0.08946729
300 123 149 133 0.084784955
1003 324 22 31 0.081227414
612 296 27 30 0.07182178
669 320 36 47 0.06608691
160 272 17 22 0.0599723
930 245 83 109 0.053985942
682 293 19 16 0.041906115
712 204 67 77 0.040790398
183 321 38 39 0.03964699
121 264 38 33 0.031434085
453 214 97 87 0.03072935
973 285 68 66 0.028278517
188 281 83 88 0.027792001
886 344 18 21 0.02627821
668 348 106 94 0.025687123
180 251 36 40 0.021671634
