17_Ceremony_Ceremony_17_234
28
553 96 82 83 0.7972172
98 384 87 85 0.74059707
865 459 78 96 0.67458653
252 45 87 97 0.63906515
568 106 52 57 0.273437
648 266 205 305 0.23952943
694 284 105 212 0.106801964
824 209 64 52 0.094953515
259 73 59 60 0.0914606
159 277 16 21 0.0780685
154 265 26 26 0.07253944
176 315 177 201 0.069245376
122 285 20 17 0.06480023
568 111 29 46 0.05177923
100 274 32 25 0.04760175
160 255 20 24 0.04476723
66 382 146 112 0.03864867
30 267 24 24 0.037100304
34 357 136 123 0.03668716
231 49 78 88 0.03367963
112 391 58 60 0.032966394
138 397 69 63 0.028469024
604 341 167 154 0.027965147
97 404 56 51 0.027380312
591 116 27 35 0.024744831
203 -6 196 151 0.022632064
664 498 169 115 0.020403422
117 297 24 22 0.020158255
