17_Ceremony_Ceremony_17_211
23
583 372 45 47 0.79477644
219 212 48 51 0.7583309
680 222 48 54 0.7518083
843 165 46 51 0.74377203
763 209 48 50 0.6952014
545 230 47 50 0.69356275
587 234 46 49 0.6873866
390 111 54 64 0.3824714
827 145 82 86 0.3752238
103 200 66 64 0.2793823
457 222 46 45 0.2510557
598 243 25 31 0.24185672
596 377 24 37 0.23541477
130 202 46 57 0.12255973
916 464 24 23 0.09942698
118 212 38 43 0.067057215
554 241 23 29 0.065030865
724 211 45 52 0.035530016
295 138 22 26 0.03357619
478 226 20 24 0.02967451
373 118 49 59 0.023902949
924 469 14 14 0.02299302
772 532 232 274 0.021000458
