17_Ceremony_Ceremony_17_253
54
470 315 19 15 0.29327953
661 166 18 17 0.14545083
964 126 24 27 0.125564
364 315 22 23 0.0766366
559 687 13 13 0.07254679
926 125 12 14 0.0690862
767 442 13 12 0.06623824
561 698 9 9 0.06302188
192 753 16 15 0.06244466
899 79 22 22 0.061357047
466 688 13 14 0.055905055
917 121 18 20 0.055096895
367 322 10 10 0.054675184
476 696 7 9 0.05380756
604 688 5 6 0.053731587
88 152 8 8 0.05276948
266 716 16 17 0.05230165
671 670 17 15 0.051774524
567 311 13 14 0.05168382
637 688 10 9 0.050787445
458 693 10 8 0.04885582
920 758 11 8 0.04878067
368 326 15 16 0.04690315
409 679 10 9 0.04633787
56 392 15 16 0.04609802
10 714 16 17 0.042661715
866 124 8 7 0.041877914
86 147 13 14 0.04116627
562 675 12 13 0.040252134
493 675 11 12 0.038585108
274 344 11 12 0.03487903
629 672 13 11 0.033994365
604 678 7 7 0.033280723
270 753 9 8 0.03296953
920 690 14 12 0.030494843
970 136 14 14 0.030073242
615 679 13 13 0.02900584
535 152 89 93 0.028344488
179 742 19 16 0.028215889
376 751 5 5 0.027222577
680 676 15 12 0.027123293
124 371 13 13 0.02658437
906 85 10 9 0.026522424
52 398 14 17 0.02612009
73 409 21 19 0.02592783
317 112 7 6 0.02564943
750 680 14 13 0.025641585
826 410 16 13 0.024586096
462 314 16 16 0.023557868
560 729 13 17 0.023488307
584 430 88 86 0.021375041
271 126 10 9 0.021370055
271 342 17 19 0.021340143
958 752 13 10 0.020247808
