17_Ceremony_Ceremony_17_227
29
953 460 17 19 0.41077983
827 687 22 21 0.19448353
257 495 12 13 0.19337799
261 494 13 13 0.17653379
567 457 13 15 0.1663585
308 494 13 13 0.15609878
160 493 16 17 0.1398287
849 619 25 25 0.13553065
478 648 11 10 0.13036439
903 456 15 14 0.10477314
164 499 13 14 0.074247524
403 649 11 10 0.06649202
47 703 12 13 0.05185147
317 641 19 18 0.04938262
575 462 8 11 0.04168042
488 443 17 19 0.0390257
572 457 12 13 0.03884965
274 658 13 13 0.03842292
481 451 12 13 0.03827769
293 581 15 16 0.03745996
108 505 12 12 0.035228178
404 646 18 16 0.034328092
830 697 12 10 0.033631355
-5 694 16 19 0.032752175
526 747 10 10 0.030968199
833 451 15 15 0.029318428
914 452 12 13 0.02551118
620 215 118 101 0.024949515
18 698 14 17 0.024617437
