17_Ceremony_Ceremony_17_1005
27
325 219 180 303 0.69232345
684 181 34 80 0.57805055
555 135 38 88 0.49738166
864 158 57 123 0.46657848
797 177 30 77 0.45936447
934 214 22 50 0.28357515
835 118 36 68 0.24977109
976 187 28 61 0.22228888
994 236 32 68 0.19871534
908 242 24 52 0.1967641
964 189 29 69 0.19208032
1002 251 20 49 0.18012553
810 170 29 71 0.15910153
327 274 72 191 0.14219138
665 163 50 116 0.10400634
899 193 28 63 0.09000958
771 181 27 71 0.088338666
565 147 21 55 0.08188625
685 219 37 88 0.06944086
289 106 240 465 0.051855184
335 827 176 293 0.03940473
582 140 31 80 0.03875735
918 254 11 26 0.03636059
1007 143 23 53 0.032909703
783 193 25 54 0.032534167
295 238 166 373 0.028997682
476 118 21 42 0.027714752
