17_Ceremony_Ceremony_17_668
31
655 187 123 147 0.8422834
246 122 98 149 0.6777968
210 102 158 193 0.42369378
667 219 87 99 0.18734644
156 132 114 131 0.08212516
657 148 238 243 0.070962615
304 131 100 106 0.06283582
456 435 59 55 0.054784197
605 579 116 116 0.052038867
547 329 200 203 0.04881163
632 214 78 89 0.04821769
672 236 42 68 0.043657128
367 224 85 98 0.04323637
536 321 138 269 0.042500418
265 109 139 175 0.039856452
628 606 49 55 0.03892165
351 248 70 66 0.0348807
284 171 99 113 0.02987827
537 137 38 41 0.028924163
455 157 133 140 0.028663753
441 136 35 35 0.028633604
328 549 131 115 0.028532252
245 158 178 163 0.027898058
700 224 68 89 0.027873231
813 539 144 165 0.027512206
603 171 33 40 0.025046047
53 3 94 96 0.024509644
681 166 149 183 0.023043854
241 -9 160 150 0.022633307
462 129 77 80 0.021718187
335 146 155 132 0.0207706
