17_Ceremony_Ceremony_17_113
34
612 180 112 137 0.82742625
358 216 113 126 0.7702378
752 246 34 39 0.5151763
951 292 23 25 0.4833182
241 307 28 28 0.39382833
730 275 37 43 0.37927714
844 266 33 31 0.2764737
893 272 17 18 0.23380692
1007 279 27 26 0.18960504
831 306 36 34 0.18732806
961 291 20 21 0.17995162
572 178 193 174 0.14071985
367 226 65 86 0.124395624
399 216 84 104 0.123996556
528 282 25 30 0.10451195
837 313 37 35 0.09309808
843 284 22 26 0.08491818
413 248 55 65 0.07215751
821 299 31 34 0.06380512
954 289 16 19 0.06339172
622 199 66 86 0.05527709
282 284 34 43 0.053164247
625 238 87 80 0.05250393
343 217 75 103 0.049478874
385 248 76 84 0.047248192
661 206 75 94 0.035285305
685 277 49 48 0.026542725
1002 551 17 22 0.026150486
930 349 16 19 0.02401653
936 361 14 17 0.023764264
289 295 19 23 0.023178574
560 199 108 110 0.022077652
399 196 130 144 0.021165648
960 340 18 20 0.02081113
