17_Ceremony_Ceremony_17_418
108
782 191 32 33 0.65206504
27 152 31 32 0.5577037
927 253 29 32 0.5430788
550 178 30 30 0.4996937
712 169 29 28 0.47052246
539 166 44 46 0.47007844
507 113 30 32 0.4606853
253 110 17 16 0.44156778
86 135 39 37 0.40932292
76 120 53 49 0.40786415
707 166 25 27 0.3994989
295 139 31 30 0.39216182
786 198 24 22 0.37825915
311 113 22 20 0.34202072
964 220 28 24 0.3092499
11 118 19 19 0.2941707
579 98 24 23 0.29083434
659 125 21 20 0.2606401
402 95 30 27 0.23751684
251 112 21 23 0.22638017
702 130 17 16 0.20665799
765 129 19 16 0.19556023
979 129 13 13 0.18345736
519 116 25 25 0.18302995
92 124 32 25 0.17747153
65 99 9 9 0.17508186
463 119 21 19 0.17047866
922 167 25 24 0.1685038
839 201 33 35 0.16735126
565 121 19 20 0.16213056
949 199 17 17 0.16055663
149 164 25 26 0.15392917
172 114 10 10 0.1531119
320 115 10 11 0.14917745
460 144 28 28 0.13997622
915 162 22 22 0.13983557
777 290 36 35 0.13478188
179 115 19 20 0.12041639
995 203 17 20 0.111249015
788 155 11 12 0.10963838
586 135 17 14 0.10913621
200 126 20 19 0.10797289
273 136 22 18 0.106622785
511 110 23 20 0.095409244
778 153 19 21 0.09448425
703 244 35 35 0.09424654
793 290 31 31 0.0921628
34 109 15 16 0.085907094
458 147 13 14 0.08263032
154 173 15 14 0.07879964
894 131 13 10 0.07604261
305 131 13 13 0.074093565
852 124 13 13 0.07195796
473 125 13 13 0.07185249
853 207 20 22 0.071078464
372 126 16 15 0.07021654
18 153 21 24 0.06913439
169 120 16 15 0.067731455
514 180 34 43 0.06552956
626 138 10 7 0.06435853
907 132 12 12 0.061520122
164 82 16 13 0.06011159
17 117 13 12 0.05570304
942 247 42 41 0.055369765
984 129 16 17 0.054338213
969 210 13 15 0.053489488
52 83 25 24 0.052791793
373 98 19 18 0.05104713
599 151 17 19 0.048884984
701 161 10 12 0.047210734
587 154 10 11 0.04516151
956 256 26 30 0.045026105
828 155 16 16 0.04496708
974 131 13 8 0.04479564
390 107 19 20 0.04382843
920 200 18 19 0.043390255
197 107 16 14 0.040452275
857 112 17 14 0.039955247
817 157 12 13 0.03922632
176 79 14 13 0.03793248
567 157 10 10 0.037439384
596 124 14 15 0.034610033
481 148 19 21 0.034442518
935 134 13 10 0.034243695
108 78 13 13 0.033928268
926 156 21 20 0.033858117
29 151 48 50 0.03381638
722 179 9 9 0.033510506
986 158 13 18 0.030326426
32 160 19 18 0.030272309
258 114 4 6 0.029665511
62 92 11 11 0.029547622
568 100 23 22 0.02908802
220 129 15 16 0.028880412
851 133 10 9 0.028159246
142 290 172 135 0.0264888
682 126 17 18 0.026113609
392 151 26 27 0.025049115
508 177 28 27 0.024489028
669 116 10 11 0.024448315
736 256 30 30 0.023550572
476 108 15 13 0.023544354
240 111 8 10 0.022950334
974 227 8 10 0.022400241
662 127 12 13 0.021696042
448 102 25 20 0.020788731
97 86 4 4 0.020462967
805 276 38 34 0.0204327
