17_Ceremony_Ceremony_17_171
19
148 48 35 41 0.9910691976547241
739 61 61 62 0.9899832010269165
98 128 29 37 0.9828654527664185
320 142 66 65 0.9756779670715332
13 130 36 43 0.9756174683570862
31 227 45 54 0.9750258922576904
260 51 42 53 0.9683624505996704
240 251 84 76 0.9598905444145203
478 164 53 66 0.947869598865509
933 368 93 161 0.9442340135574341
650 307 89 134 0.9226544499397278
953 172 74 80 0.8936198353767395
392 308 84 98 0.7695943713188171
515 318 92 115 0.7557777166366577
665 75 40 52 0.7287968993186951
149 253 44 45 0.6923196315765381
290 25 37 43 0.6424011588096619
469 76 24 25 0.586568295955658
244 148 46 49 0.5699988603591919
