17_Ceremony_Ceremony_17_1048
23
338 138 86 133 0.8052654
468 88 108 158 0.77885675
31 413 30 55 0.6688291
23 406 50 77 0.58601564
135 395 28 54 0.551538
356 169 50 87 0.27037376
488 125 45 95 0.14104497
118 406 25 43 0.12019226
507 117 47 105 0.097460866
44 436 6 17 0.07720148
65 478 20 42 0.0752612
368 169 27 73 0.07029947
48 767 69 113 0.056476057
50 312 21 43 0.049956135
469 127 44 97 0.039129443
75 408 26 47 0.032911643
355 172 18 64 0.031462617
344 181 68 108 0.030501638
124 386 37 80 0.024977447
71 494 7 16 0.022306425
296 154 87 130 0.021993006
380 1161 102 151 0.021477384
183 764 235 354 0.02105795
