17_Ceremony_Ceremony_17_344
25
593 51 103 108 0.82757163
939 367 75 111 0.7951935
521 117 64 65 0.68447226
624 280 95 112 0.6252215
223 394 47 40 0.41485018
895 190 16 16 0.2582543
967 161 33 38 0.18905188
901 193 9 8 0.124018535
296 187 54 52 0.07270197
898 183 23 20 0.06853165
986 187 34 40 0.060520917
902 187 14 12 0.059828095
193 366 109 87 0.057518627
963 150 65 64 0.05714186
260 65 31 27 0.05560429
247 59 53 41 0.051289767
750 370 154 194 0.05075271
530 55 133 122 0.034118086
574 69 86 94 0.032887705
933 387 64 71 0.022768028
334 518 33 31 0.022654908
961 642 72 49 0.021992102
520 87 99 109 0.02114204
290 81 94 70 0.021123635
983 657 29 22 0.020232351
