17_Ceremony_Ceremony_17_218
27
552 330 26 32 0.9931237101554871
131 552 44 50 0.9870936274528503
883 498 57 61 0.9859084486961365
249 493 42 60 0.9839823842048645
927 349 28 40 0.9821851849555969
383 525 51 56 0.9797869920730591
827 326 20 23 0.9747973680496216
287 317 31 38 0.9567469358444214
182 318 29 36 0.9553080797195435
642 480 43 44 0.9517278075218201
637 327 23 25 0.9402374625205994
724 300 23 31 0.9261323809623718
46 507 41 61 0.925933837890625
371 412 29 40 0.9196338057518005
496 405 22 37 0.8939365744590759
47 430 23 30 0.8937548398971558
11 373 30 35 0.8455378413200378
769 456 41 59 0.8085954189300537
327 477 34 49 0.7487012147903442
203 432 43 52 0.7085857391357422
510 510 56 70 0.702521026134491
41 315 47 60 0.6531556844711304
515 525 48 51 0.6399612426757812
561 432 23 34 0.6317304372787476
956 426 33 34 0.5789490342140198
849 420 44 60 0.5777967572212219
916 676 60 64 0.5093270540237427
