17_Ceremony_Ceremony_17_220
46
582 289 12 15 0.2774396
643 282 15 16 0.22264598
473 308 24 22 0.18212312
519 388 14 12 0.18176651
449 372 18 18 0.16197583
342 372 18 19 0.15083005
383 397 16 15 0.14956357
444 367 16 13 0.13183737
553 379 16 15 0.13158359
901 400 20 18 0.124162115
340 366 16 15 0.11738447
333 372 18 18 0.11486186
733 423 20 20 0.11169811
393 373 21 19 0.110362954
382 399 11 12 0.10525598
573 288 17 16 0.09973047
93 382 18 16 0.09636959
97 376 21 18 0.07948069
529 346 24 24 0.07283435
459 394 19 19 0.07248143
952 393 12 12 0.07071292
713 203 20 22 0.07056496
51 379 10 10 0.062027633
407 380 10 10 0.0597264
898 387 20 19 0.059473574
158 384 14 12 0.05924478
950 397 16 16 0.056659933
534 381 16 17 0.05148657
45 371 14 16 0.047853626
172 377 17 15 0.0420915
955 380 16 19 0.035175234
901 394 12 11 0.03481785
326 333 15 14 0.028603824
56 360 10 10 0.026068414
255 377 15 13 0.025634646
95 409 14 13 0.024598673
278 388 7 6 0.02396116
454 447 97 74 0.023869624
640 299 11 12 0.023135662
909 398 21 18 0.023123913
842 218 21 21 0.023077548
376 385 13 11 0.022258919
127 382 9 9 0.022081686
204 383 6 6 0.022080893
406 364 7 7 0.021569744
327 335 21 20 0.020162415
