43_Row_Boat_Canoe_43_940
29
393 206 37 30 0.73854053
503 212 34 29 0.72611463
749 300 40 33 0.7173913
671 301 37 31 0.7152844
243 242 35 29 0.6859173
309 190 33 27 0.67954284
522 428 42 34 0.58377635
112 396 38 33 0.49586543
291 179 65 49 0.4322057
662 295 54 44 0.3486075
609 243 35 29 0.25584647
459 297 24 18 0.15366633
9 261 30 34 0.115387395
66 496 140 95 0.09963705
86 229 35 26 0.09491094
0 272 23 21 0.070347905
87 239 30 31 0.06730718
615 232 37 28 0.066679746
208 396 35 27 0.057386037
414 301 15 14 0.035991
446 271 21 16 0.03211108
45 264 20 20 0.031197306
517 222 16 14 0.027258554
238 248 28 25 0.026819592
293 245 20 18 0.02482562
381 255 14 12 0.022787778
66 231 65 52 0.02252783
473 302 9 9 0.02204928
420 308 10 9 0.020390645
