43_Row_Boat_Canoe_43_942
31
180 472 29 28 0.61893237
906 459 27 26 0.5845927
369 452 21 22 0.5189288
462 439 24 23 0.47433013
260 382 15 15 0.4374838
463 428 32 40 0.3011935
477 459 22 26 0.18727787
448 488 18 18 0.12917727
822 384 14 15 0.079138584
950 470 14 15 0.07285391
400 151 13 14 0.06390425
544 384 16 14 0.06296872
895 445 53 57 0.06106466
502 15 50 49 0.05621929
999 391 11 14 0.04862484
350 467 12 15 0.04348039
374 462 17 15 0.043412052
955 464 18 20 0.04291883
773 362 16 14 0.03772425
350 469 21 22 0.037060566
320 379 16 17 0.03508437
328 384 17 16 0.030946512
99 360 19 17 0.029867187
901 463 21 22 0.024522997
452 476 16 18 0.024360675
341 257 11 9 0.02405639
554 490 18 15 0.02337117
816 365 15 15 0.02268329
86 635 29 26 0.021275224
15 257 17 20 0.020904863
486 254 9 10 0.02032835
