43_Row_Boat_Canoe_43_784
32
396 422 25 26 0.621925
401 425 15 20 0.5326216
212 473 20 24 0.47585782
347 462 27 28 0.42853755
217 427 35 38 0.35241586
217 458 20 21 0.30491188
658 446 14 15 0.2885449
314 434 94 84 0.20253229
1001 176 23 31 0.19757307
1 575 27 27 0.12209974
141 493 16 17 0.11953276
384 455 13 15 0.09616768
369 462 22 24 0.093798295
361 358 18 20 0.066916265
351 364 16 15 0.06668328
601 420 17 18 0.058501456
311 279 13 13 0.056825504
228 439 9 13 0.054940585
136 497 15 13 0.052148715
1006 193 14 17 0.04724882
343 443 51 65 0.044301473
644 455 10 13 0.03788311
197 472 18 19 0.028292364
130 493 22 20 0.027968265
31 547 37 33 0.02744357
626 -42 302 289 0.026472202
375 453 37 40 0.026190544
582 181 16 19 0.025041632
353 287 9 7 0.024717474
660 20 164 168 0.02358797
13 594 26 36 0.022313071
202 473 10 12 0.021603527
