43_Row_Boat_Canoe_43_325
43
689 395 23 21 0.60093147
985 360 22 22 0.5965341
799 417 16 17 0.5009683
319 400 24 22 0.4203294
256 380 27 23 0.41673562
181 383 19 17 0.39287195
918 418 18 16 0.37180132
417 349 17 17 0.31935868
587 350 18 17 0.3039056
788 366 14 15 0.28738427
598 402 18 16 0.26118723
537 356 19 15 0.23535499
493 368 18 16 0.21184933
383 373 19 23 0.19326645
464 349 14 12 0.15870985
480 358 16 14 0.1582574
384 384 19 17 0.14768128
783 369 15 14 0.14766553
670 354 17 14 0.13395065
790 418 16 17 0.12188348
227 352 16 15 0.11984083
326 405 13 19 0.10865173
659 350 15 15 0.087359495
561 406 17 17 0.086662486
222 350 15 13 0.08301628
768 433 16 15 0.07626813
469 346 21 21 0.068548165
406 355 15 17 0.061666466
372 328 16 16 0.060327586
315 357 14 12 0.05784202
1003 408 11 16 0.05520058
617 396 21 23 0.03819338
764 432 14 13 0.03808057
637 466 95 72 0.035624936
471 398 11 12 0.031725734
134 366 18 18 0.031597078
545 354 13 13 0.029823191
599 408 12 12 0.029269598
203 456 120 93 0.027899671
676 386 26 29 0.027066497
993 581 30 46 0.02585426
501 385 8 10 0.021512313
312 353 14 13 0.021364266
