57_Angler_peoplefishing_57_206
24
289 799 22 42 0.5175157
611 684 21 36 0.33146402
981 610 17 33 0.30284175
451 728 33 52 0.29047558
283 771 39 77 0.22913139
171 727 20 34 0.15074116
824 754 48 73 0.11679561
802 666 15 31 0.11487585
987 615 10 24 0.11155821
816 745 24 50 0.10085613
610 704 18 31 0.0895541
745 668 16 34 0.08891067
139 135 18 40 0.08507854
610 693 13 25 0.073643506
441 740 45 61 0.062061533
733 669 26 41 0.050090842
922 723 17 32 0.04723997
166 704 37 78 0.043156993
806 748 41 63 0.039819025
784 726 19 32 0.028974758
921 713 23 35 0.028678419
145 157 8 17 0.022970006
-25 1153 110 215 0.022444615
805 677 8 17 0.021152468
