57_Angler_peoplefishing_57_139
64
238 337 17 17 0.45128587
621 296 17 17 0.43296912
424 300 23 25 0.38183424
407 350 14 14 0.37373394
405 347 22 21 0.3331195
241 341 10 12 0.30830136
812 297 16 17 0.28019175
753 353 16 18 0.272733
472 341 16 15 0.25459903
808 298 25 25 0.2538237
296 334 16 15 0.24404387
428 306 15 15 0.23053424
552 311 17 15 0.21600808
300 336 17 17 0.20575584
199 325 12 12 0.18629983
777 251 18 18 0.1749997
188 327 12 12 0.13981529
658 253 18 18 0.13825394
700 354 13 15 0.13777147
780 305 15 14 0.12840782
770 301 16 15 0.12227725
659 260 13 11 0.11989681
543 322 16 16 0.11982398
600 325 17 18 0.11763199
880 327 12 12 0.112584986
516 299 10 10 0.10813665
374 376 19 19 0.1076023
437 303 15 16 0.10752944
117 356 16 14 0.09950732
478 340 11 11 0.09825438
596 326 11 12 0.089206316
555 321 8 9 0.08781747
474 347 16 17 0.08179335
389 364 14 13 0.068151295
882 239 10 12 0.067870446
966 332 14 17 0.06769835
334 377 9 9 0.067212485
699 304 12 11 0.06384247
673 324 6 7 0.062130798
326 363 17 18 0.061660994
336 379 9 8 0.05529187
701 276 16 14 0.052556593
900 234 13 13 0.04860453
234 517 242 215 0.04741043
670 304 9 9 0.04721405
855 351 7 7 0.045388628
238 343 14 15 0.04202622
610 309 12 10 0.04176387
961 324 19 18 0.04058864
437 308 9 10 0.0372709
534 302 13 14 0.03588368
919 230 12 10 0.035880614
843 345 12 14 0.034594815
684 291 17 17 0.029374147
971 238 12 13 0.029244266
420 372 18 18 0.028076228
221 72 238 189 0.027873617
293 536 162 155 0.026180862
383 376 10 11 0.025724735
813 311 10 11 0.024110725
683 332 12 14 0.02219265
865 226 40 40 0.022172797
118 362 12 9 0.02216245
516 287 12 13 0.020342596
