57_Angler_peoplefishing_57_1009
23
531 161 89 86 0.84395695
340 167 78 82 0.8212094
445 96 80 76 0.815943
218 142 77 79 0.80881625
851 132 79 87 0.8057419
75 95 84 91 0.69984627
684 144 75 93 0.60985243
314 147 129 129 0.39649415
822 110 136 135 0.32890674
92 113 52 61 0.23932692
487 359 22 19 0.10187306
545 175 40 56 0.07599771
332 182 60 61 0.051489584
678 171 65 55 0.046955418
58 114 57 54 0.04145108
444 342 13 10 0.037081964
553 197 24 26 0.035721675
193 337 109 89 0.03380288
206 160 54 54 0.033760898
536 414 31 35 0.029247751
215 364 34 35 0.02635619
842 155 64 60 0.025905024
88 132 38 34 0.02424689
