57_Angler_peoplefishing_57_51
23
809 135 74 71 0.73256695
479 127 49 45 0.6861923
135 203 43 39 0.6258148
692 59 85 86 0.56896275
461 108 77 69 0.31610945
616 245 21 20 0.25708774
323 148 18 18 0.22290868
369 147 21 18 0.13834672
408 190 33 27 0.09145242
334 152 11 10 0.07595344
302 123 18 19 0.074084125
421 197 16 14 0.06225131
705 93 45 39 0.053171795
143 199 30 29 0.042838648
94 195 22 24 0.03941097
457 116 56 48 0.035507165
870 138 65 60 0.033754606
685 468 140 105 0.026954437
479 257 110 109 0.023993673
148 147 21 20 0.02288537
678 26 118 135 0.022083225
729 303 46 49 0.021805229
224 440 232 207 0.021804465
