57_Angler_peoplefishing_57_251
38
528 220 56 59 0.74708515
406 290 60 60 0.48837373
544 231 28 41 0.45230317
719 235 12 14 0.13445891
729 235 15 16 0.13087125
431 311 18 30 0.12540977
992 136 17 20 0.11200505
954 491 40 36 0.10242814
816 577 146 148 0.08144253
44 464 148 131 0.07917844
784 521 242 205 0.073427975
662 548 30 33 0.07161565
987 125 23 29 0.06768424
836 497 36 34 0.053614944
808 514 125 103 0.051689047
907 498 57 48 0.05084322
816 555 108 112 0.049774103
984 491 32 34 0.043738645
48 429 37 41 0.04281051
856 544 130 132 0.041235104
789 462 160 162 0.040199693
996 184 26 46 0.03878379
995 212 27 31 0.038290348
760 662 75 86 0.037994664
1007 210 21 27 0.037479598
498 661 13 17 0.032887883
552 669 13 14 0.032024376
253 275 25 29 0.030654555
833 228 19 20 0.030645277
903 681 113 104 0.030092862
942 480 74 67 0.030009683
721 238 8 8 0.025456453
629 579 152 169 0.02510564
902 601 147 157 0.024299566
549 666 20 24 0.024170896
306 175 25 27 0.022867838
891 191 27 26 0.021198327
198 381 128 129 0.020311397
