57_Angler_peoplefishing_57_868
25
624 656 175 264 0.77000463
135 544 30 61 0.066644505
-9 185 81 188 0.061263464
613 737 76 134 0.059377413
380 220 138 284 0.056039892
587 492 272 516 0.051992927
709 569 168 360 0.04700354
751 268 95 206 0.04590733
588 176 232 443 0.045657553
632 312 106 224 0.04308862
501 256 117 286 0.03803036
710 166 168 343 0.036285073
124 147 101 211 0.03605416
620 688 99 235 0.033838283
39 52 192 401 0.033124164
620 934 136 276 0.028621165
389 83 119 271 0.02755299
548 291 128 266 0.02547667
449 463 214 392 0.024523761
440 239 126 255 0.023889685
468 902 148 282 0.023668949
168 362 121 239 0.023061283
777 297 67 146 0.02250937
870 1246 109 241 0.021762256
196 341 133 235 0.02063432
