57_Angler_peoplefishing_57_933
23
579 255 90 109 0.75827044
416 396 64 72 0.7071886
588 276 63 70 0.22092539
614 278 54 66 0.066495076
341 273 136 129 0.058731183
799 530 107 102 0.032358516
520 404 55 51 0.031922903
931 514 61 57 0.030138714
69 101 138 116 0.028796341
413 45 180 153 0.027591871
639 659 26 25 0.026351731
631 660 41 36 0.025995595
92 525 235 187 0.025269749
601 279 34 49 0.024698062
206 208 122 106 0.024094203
767 222 88 79 0.023907902
632 263 59 76 0.023704145
454 79 128 107 0.023362257
883 257 156 137 0.021903306
743 476 35 33 0.021557672
316 244 225 187 0.021450274
546 100 208 168 0.021240253
8 288 18 21 0.020061582
