57_Angler_peoplefishing_57_661
27
202 414 18 20 0.48700407
95 430 18 17 0.4153885
280 417 10 11 0.24117875
657 431 78 62 0.22909442
244 389 8 9 0.1917706
494 405 8 6 0.14669994
100 421 27 33 0.14380342
405 411 5 5 0.10233763
110 364 14 15 0.09022196
357 416 6 5 0.06683722
107 361 25 21 0.059620086
447 413 6 6 0.058125228
385 408 11 12 0.048154052
256 406 14 14 0.0444016
232 413 11 11 0.043158095
11 391 13 17 0.042259138
372 417 3 3 0.038056094
612 395 140 144 0.037036862
699 419 81 83 0.034992334
798 585 51 52 0.030436348
343 411 11 12 0.027064387
8 390 10 10 0.026901025
375 438 10 10 0.026506398
72 448 33 29 0.026228147
373 434 11 11 0.024763772
494 395 12 12 0.020193456
38 459 23 21 0.020099018
