32_Worker_Laborer_Worker_Laborer_32_932
31
528 797 46 98 0.6925186
969 785 28 72 0.67652434
823 798 39 82 0.6695928
692 765 34 80 0.6579805
957 766 50 97 0.60453504
876 780 29 68 0.59355545
283 843 59 114 0.5888818
368 808 44 92 0.5721877
282 94 56 96 0.5586723
120 773 42 89 0.48063526
658 930 40 74 0.37561512
378 774 37 74 0.36335915
243 789 36 72 0.30787697
364 753 60 119 0.23999707
757 875 36 66 0.18755533
255 799 26 50 0.15153386
810 780 56 116 0.110823825
841 795 24 60 0.09564514
836 818 20 48 0.09055321
395 783 19 51 0.075810745
274 62 87 156 0.07156891
880 794 17 41 0.06748338
977 801 13 31 0.06543325
699 789 19 45 0.043597627
107 816 47 82 0.035698432
541 822 24 53 0.028234905
278 783 112 251 0.024746729
555 772 26 60 0.023187462
667 898 25 58 0.02317429
242 794 50 104 0.022986207
291 286 99 229 0.020137396
