32_Worker_Laborer_Worker_Laborer_32_987
20
600 66 68 71 0.76683503
749 54 74 78 0.583483
875 115 101 99 0.43049878
319 162 42 36 0.24767299
280 233 59 64 0.24403743
299 337 38 37 0.13604762
309 340 22 28 0.06720749
623 327 167 133 0.05102773
910 98 104 128 0.04738109
304 278 44 57 0.042876065
567 10 129 115 0.03960257
198 178 25 25 0.035431974
693 47 55 65 0.029962584
615 48 102 89 0.029680813
689 81 63 75 0.029454958
254 281 130 104 0.029090932
772 59 71 67 0.027297923
684 355 71 78 0.024661643
669 -8 145 123 0.024109805
101 203 22 19 0.023843938
