32_Worker_Laborer_Worker_Laborer_32_944
35
421 353 94 110 0.7252193
-3 420 40 55 0.30787998
845 715 27 34 0.11926339
243 193 52 69 0.11899
849 590 109 109 0.078059286
970 308 28 33 0.077363774
815 682 73 97 0.061672177
879 543 129 166 0.055413052
516 105 76 104 0.05458426
371 607 158 183 0.053119153
333 122 77 107 0.051725876
916 310 21 25 0.04780808
287 121 105 131 0.04578752
672 558 94 132 0.045167137
861 509 197 235 0.042292017
812 694 257 294 0.039746247
39 639 78 115 0.03571723
59 681 17 28 0.03459932
499 99 118 140 0.033801135
673 1 99 121 0.032152854
286 646 141 174 0.031476628
649 517 146 183 0.031044452
907 948 71 84 0.030863099
851 585 145 185 0.030811299
665 4 149 186 0.03063529
645 178 80 99 0.029555282
734 -10 194 221 0.028291848
244 180 74 96 0.027388878
250 163 140 159 0.026759887
372 433 45 63 0.025449833
631 129 144 195 0.024649234
220 923 62 84 0.024293425
630 570 152 182 0.022513324
195 649 107 135 0.02191241
567 37 99 125 0.020946113
