49_Greeting_peoplegreeting_49_59
19
512 138 74 71 0.79649717
639 88 77 87 0.77714926
749 91 97 87 0.70167047
311 120 86 95 0.69287246
222 38 118 110 0.5597923
276 78 53 58 0.14631113
495 129 112 99 0.13192502
145 188 91 103 0.08321728
261 55 76 84 0.077134736
782 97 92 80 0.041469876
323 151 43 38 0.038970497
769 108 55 74 0.037467267
777 101 61 59 0.031190153
495 143 61 56 0.030827058
435 403 40 27 0.03057324
718 103 86 69 0.028592816
524 170 42 34 0.02744369
408 379 85 73 0.022713866
248 72 75 52 0.021999605
