49_Greeting_peoplegreeting_49_456
34
367 315 128 157 0.8313468
845 314 123 153 0.8195432
239 208 117 138 0.7865755
472 98 126 180 0.5979965
90 276 125 141 0.5691346
160 347 84 62 0.32681558
390 335 87 101 0.234732
239 232 63 84 0.16726021
820 332 105 107 0.12545389
776 254 87 80 0.11676072
128 294 115 106 0.115751
-5 168 79 142 0.098195806
65 162 117 145 0.091463216
885 158 40 35 0.06974546
9 272 183 153 0.06905397
892 164 19 17 0.0570908
437 128 95 119 0.052187964
427 351 63 68 0.048878144
236 443 58 60 0.046391513
707 256 146 124 0.04573454
85 307 77 82 0.03886604
39 317 81 87 0.034604713
42 302 119 114 0.02881196
891 154 140 108 0.028508995
894 253 69 74 0.028476221
293 227 77 90 0.026011327
561 488 215 176 0.025921429
756 217 153 138 0.024034703
409 303 141 143 0.023258958
949 241 73 90 0.022105599
573 186 155 148 0.021700319
806 252 228 221 0.021607323
198 227 105 113 0.02160651
220 254 157 132 0.020134507
