49_Greeting_peoplegreeting_49_810
23
499 141 91 99 0.6772405
732 175 39 36 0.4448704
276 174 66 70 0.28812903
954 3 55 29 0.28275478
255 44 36 36 0.25379685
493 156 65 67 0.20288578
742 180 39 38 0.11811724
813 177 18 21 0.10185493
231 165 90 76 0.08700182
731 241 30 25 0.07840987
261 0 27 20 0.05285805
571 456 85 77 0.046609312
877 10 56 36 0.038963463
523 455 69 56 0.03685407
1003 48 20 24 0.03415942
249 -1 39 30 0.028022993
816 576 217 179 0.026704252
221 156 75 59 0.025450934
583 217 133 120 0.025200656
-10 577 69 77 0.022949327
892 248 28 29 0.022353837
975 8 49 48 0.021051198
784 200 24 20 0.021041948
