49_Greeting_peoplegreeting_49_307
22
268 233 33 37 0.7651193
174 275 32 33 0.7242286
864 281 41 43 0.5728585
357 253 22 25 0.57213455
613 276 21 21 0.5652467
697 283 19 19 0.33188176
703 283 23 22 0.32375848
680 282 21 20 0.2809562
277 246 11 14 0.22311775
185 286 9 12 0.12833434
174 342 21 21 0.109562576
862 300 42 40 0.10136621
163 339 22 23 0.08273738
620 284 13 14 0.082230985
871 307 25 28 0.071634024
346 247 35 36 0.058398824
362 251 15 19 0.035559278
613 283 13 15 0.031395152
724 282 25 28 0.02779004
685 281 10 12 0.023521425
839 283 59 50 0.022912456
858 291 31 33 0.020393021
