49_Greeting_peoplegreeting_49_50
29
324 202 75 77 0.8030102
645 276 154 186 0.72978735
353 118 62 63 0.6886828
971 184 53 96 0.5337525
964 170 43 82 0.3655411
911 147 44 47 0.33962572
278 114 34 42 0.2199047
814 147 56 57 0.19100444
924 157 22 26 0.16930665
104 48 19 19 0.16492124
374 650 182 172 0.099792644
409 701 115 95 0.07464171
841 159 31 33 0.071521014
110 51 10 13 0.06430227
345 226 42 44 0.03942175
178 600 176 176 0.037784994
261 101 56 60 0.037561383
892 107 136 132 0.035818618
38 155 160 141 0.034039423
432 182 41 54 0.03180262
256 80 80 106 0.03033181
985 150 48 64 0.028878454
101 41 25 23 0.025821805
479 609 117 111 0.024608321
631 314 118 125 0.023624666
606 185 219 214 0.023330377
327 232 66 60 0.02109791
204 524 221 221 0.020732911
439 682 117 88 0.020161025
