49_Greeting_peoplegreeting_49_192
23
450 154 83 97 0.81833386
799 237 73 83 0.8159871
260 164 90 93 0.7935294
472 173 46 59 0.22548068
228 141 149 145 0.21808949
782 214 125 124 0.11913392
963 396 67 53 0.08156267
799 251 42 53 0.07270994
443 172 58 62 0.06935494
550 528 159 133 0.04465594
599 295 72 71 0.039919812
220 292 90 135 0.03644606
292 174 81 76 0.0326174
413 160 73 84 0.0322129
939 486 77 66 0.028172707
199 275 99 99 0.026101772
160 485 176 145 0.02471943
157 101 217 204 0.024480842
421 477 122 106 0.024260607
256 173 60 60 0.024221707
579 288 250 195 0.02286414
501 184 24 34 0.022415867
984 413 29 35 0.021950573
