49_Greeting_peoplegreeting_49_920
31
234 169 89 154 0.7582382
603 263 57 101 0.717657
3 653 55 93 0.5857329
249 196 62 107 0.5717683
568 606 55 93 0.5562469
466 295 75 104 0.51564735
448 478 62 88 0.11395389
946 613 48 82 0.11258561
452 245 133 213 0.104602754
539 588 81 127 0.09509431
958 592 44 92 0.09200778
497 272 119 199 0.06672413
460 766 20 38 0.0650737
14 667 35 61 0.05764748
566 612 34 79 0.046292607
429 179 215 348 0.043383338
968 551 68 128 0.04210124
517 517 67 97 0.039482076
452 759 32 54 0.03924752
194 133 107 198 0.030915037
742 558 65 124 0.028903915
40 321 176 294 0.026118595
432 413 77 110 0.025740335
72 397 118 222 0.023786664
682 200 52 80 0.023056988
267 178 57 116 0.023014659
679 563 15 25 0.022720123
412 436 102 148 0.022351751
669 545 31 55 0.021875987
335 727 30 51 0.021457156
573 591 46 70 0.020422734
