49_Greeting_peoplegreeting_49_923
23
653 76 60 75 0.78836995
385 152 66 66 0.7479415
598 283 57 59 0.72985405
533 154 69 65 0.6788969
495 125 64 69 0.66168696
470 100 108 118 0.449775
587 261 82 98 0.32647756
507 130 75 77 0.32602903
613 66 111 102 0.14452077
540 169 47 44 0.083550885
480 328 84 65 0.08066831
288 164 17 19 0.05360456
261 172 19 17 0.04058653
561 238 137 123 0.032915507
471 117 73 83 0.028470172
302 2 26 20 0.028144822
364 223 26 29 0.02805213
378 20 20 21 0.025813289
587 495 89 83 0.025765592
462 141 44 53 0.023978403
435 320 22 22 0.023883456
182 66 57 55 0.02182971
402 133 85 101 0.020719502
