49_Greeting_peoplegreeting_49_56
20
428 84 112 114 0.7708161
798 62 56 48 0.7424028
571 71 61 48 0.7225451
889 50 81 72 0.42597768
707 80 79 69 0.417744
224 112 68 99 0.36473706
788 53 81 69 0.27881333
941 46 64 76 0.07037181
209 80 102 127 0.060802948
756 147 110 89 0.05953988
778 169 69 47 0.036098003
385 109 169 105 0.028000467
728 118 169 128 0.027127834
561 49 90 83 0.025232695
835 30 142 107 0.023368355
399 67 203 136 0.02302623
411 112 83 63 0.021467935
-43 104 182 117 0.020929774
771 31 89 60 0.02069535
923 31 86 69 0.020032646
