49_Greeting_peoplegreeting_49_48
24
716 127 65 68 0.78007513
376 234 43 43 0.7653166
578 193 68 63 0.7480027
288 218 39 39 0.6914058
231 268 29 31 0.6654564
527 152 60 64 0.61819196
597 205 29 39 0.5695083
-20 31 203 353 0.46225277
0 312 125 131 0.4327876
190 283 33 31 0.40173832
156 294 24 21 0.2370581
44 325 70 104 0.18175578
376 566 24 28 0.13868016
169 290 22 25 0.13439383
733 131 40 51 0.117163874
177 257 33 34 0.09470056
89 259 66 89 0.060742307
379 470 142 124 0.050198358
31 291 111 127 0.03502854
197 280 12 13 0.029954348
900 439 14 14 0.02771562
239 278 11 15 0.026521897
506 141 101 94 0.026125265
535 188 85 74 0.022072585
