49_Greeting_peoplegreeting_49_894
72
472 242 67 69 0.75285435
542 291 65 55 0.6868185
708 256 59 53 0.65915
997 280 29 37 0.59941024
918 256 51 51 0.5402164
403 296 61 63 0.48565972
899 274 43 41 0.47590593
697 239 81 88 0.4709549
784 386 58 52 0.46571222
777 259 70 54 0.43163186
36 298 62 60 0.4191401
87 255 56 56 0.41898486
81 273 54 56 0.407821
1001 288 20 20 0.38474917
271 241 60 58 0.37037745
25 282 113 88 0.36687768
771 395 57 49 0.3034982
809 263 45 40 0.28631377
262 248 47 49 0.2753914
-6 250 24 31 0.27126664
662 290 42 40 0.25975612
329 318 53 53 0.17760277
837 264 30 26 0.16933444
756 266 57 53 0.15114574
930 266 34 31 0.14182402
0 256 13 12 0.122343265
754 231 110 111 0.12139367
775 276 47 36 0.121357374
665 243 145 97 0.10186888
182 243 45 49 0.094821416
985 268 25 32 0.09411563
663 294 23 24 0.08591219
152 321 55 52 0.083745435
115 451 93 91 0.08055744
695 303 13 12 0.06855198
254 476 58 54 0.06515784
342 322 32 42 0.06477702
599 292 41 43 0.05955088
54 238 98 96 0.051976502
891 257 66 60 0.051056106
20 307 60 48 0.047508888
386 289 92 84 0.046665743
957 271 17 18 0.04161017
60 313 54 56 0.04117525
76 417 194 145 0.040605426
657 302 32 32 0.03741991
162 229 130 113 0.031464573
451 254 73 53 0.030768977
673 396 29 28 0.02855189
987 385 38 60 0.028337935
160 299 45 50 0.027872313
356 591 112 87 0.026801942
675 280 56 56 0.025757574
316 569 191 153 0.025505029
704 261 33 37 0.025286883
562 297 28 29 0.025146846
306 207 12 11 0.024876827
212 447 107 84 0.024632214
779 387 33 32 0.02445011
540 446 56 53 0.024391916
287 240 38 45 0.024319038
614 254 56 52 0.024118561
794 389 39 35 0.022947347
298 251 44 38 0.022769365
25 265 76 79 0.022564579
567 427 46 43 0.022480141
500 463 81 71 0.02213757
82 531 184 159 0.021923922
1007 279 12 12 0.021736538
119 293 33 30 0.02106406
975 95 14 11 0.020955747
784 415 29 26 0.020435687
