55_Sports_Coach_Trainer_sportcoaching_55_516
47
468 326 56 51 0.8253466
248 321 53 51 0.8135474
683 371 56 55 0.81150347
109 299 56 57 0.799837
370 325 48 49 0.79628533
585 345 45 47 0.76976854
827 192 34 36 0.76871413
571 136 38 37 0.7557633
500 191 34 33 0.75281847
247 208 41 40 0.72952396
663 199 31 32 0.72235066
441 194 35 37 0.71640384
317 210 35 35 0.70983994
377 212 34 34 0.685911
771 210 29 31 0.63078463
772 365 54 55 0.581399
581 142 20 27 0.55903244
326 218 18 20 0.5081052
733 212 26 28 0.47992143
675 209 9 12 0.47919875
449 198 22 28 0.43481043
235 203 65 52 0.41715574
119 306 33 42 0.3456151
597 356 22 23 0.33630082
488 338 15 25 0.30864316
837 202 12 17 0.29268152
749 208 36 34 0.26563877
361 204 69 51 0.25953898
753 346 94 83 0.21456829
702 378 25 41 0.20029241
509 199 18 19 0.18088418
615 505 28 32 0.15368521
602 357 10 15 0.11406403
731 200 44 52 0.06247084
349 319 91 71 0.061711695
599 489 64 63 0.04479815
515 201 7 10 0.043913845
737 202 30 29 0.039187763
647 335 59 51 0.030455768
744 205 70 58 0.025976757
230 316 98 78 0.025076343
26 260 147 126 0.024687389
680 276 193 167 0.024575006
198 183 102 108 0.023993036
431 192 60 57 0.023963893
-17 338 197 167 0.022701953
528 478 30 30 0.021066893
