55_Sports_Coach_Trainer_sportcoaching_55_365
18
647 121 85 77 0.79000205
789 245 66 64 0.7686694
461 229 79 68 0.74864805
784 163 73 61 0.7059218
250 177 74 63 0.516975
341 14 28 20 0.10181497
423 176 56 56 0.08415737
484 235 59 50 0.058443163
437 204 125 99 0.057940405
238 201 61 51 0.057467412
459 239 60 43 0.05568595
760 158 116 78 0.03227675
344 92 61 46 0.028701713
389 174 58 58 0.024636796
603 300 58 34 0.02365018
17 157 126 80 0.021823365
584 452 51 38 0.020868134
725 120 182 137 0.020867968
