55_Sports_Coach_Trainer_sportcoaching_55_643
44
7 292 27 32 0.713263
781 208 23 23 0.6097926
273 242 21 20 0.51572376
508 217 18 19 0.51306164
294 259 28 24 0.44775766
470 232 20 26 0.40415722
414 265 25 22 0.3697471
532 257 23 21 0.308014
365 214 19 20 0.30079475
517 250 30 28 0.28525943
858 246 18 17 0.26014513
913 220 25 19 0.24635759
547 261 32 27 0.23073263
593 259 18 18 0.22530079
460 240 14 15 0.19492762
947 231 16 16 0.19137356
423 254 16 19 0.1789784
694 263 13 14 0.1559064
429 244 14 12 0.14971977
490 226 22 20 0.1437401
671 259 17 16 0.14120474
585 251 32 27 0.13859329
668 263 13 11 0.13797054
656 255 18 18 0.13326211
298 265 11 12 0.1318642
878 246 15 13 0.116390966
609 256 20 18 0.10497411
950 235 9 9 0.100522734
770 246 16 15 0.099341065
530 261 11 12 0.09795235
643 255 19 16 0.09122331
699 375 9 8 0.07939976
373 217 11 11 0.06473752
492 234 5 4 0.05713746
881 249 10 12 0.054314192
654 250 27 25 0.050047807
692 373 14 12 0.04798262
760 242 27 26 0.046852708
953 238 14 13 0.04131482
328 274 18 18 0.032864932
381 386 99 86 0.022554776
565 251 22 21 0.022258123
642 263 10 10 0.02133463
475 238 9 13 0.02033999
