55_Sports_Coach_Trainer_sportcoaching_55_859
20
414 286 40 64 0.7997135
802 260 68 86 0.79484844
70 198 72 92 0.78068703
265 284 46 68 0.76527095
152 292 44 59 0.74934876
273 299 32 42 0.65148336
587 264 48 60 0.5726429
603 275 22 31 0.15401286
91 223 30 40 0.13515534
207 645 16 31 0.064773895
190 623 46 62 0.04446731
355 624 81 128 0.038898423
123 669 33 43 0.03843632
102 228 16 33 0.034467947
40 699 49 78 0.029210191
88 423 171 188 0.027395058
117 652 45 76 0.025429303
284 302 17 34 0.02364723
799 266 42 75 0.023240475
131 677 41 57 0.023113422
