55_Sports_Coach_Trainer_sportcoaching_55_867
21
49 301 32 32 0.7091273
387 265 36 34 0.6960123
225 283 29 28 0.66697294
806 255 21 20 0.64816135
505 268 35 38 0.6009411
707 284 31 31 0.5576183
546 288 37 35 0.5205317
554 292 25 24 0.39157522
713 291 21 21 0.2984254
580 393 21 20 0.15251599
1005 305 14 19 0.10191251
1006 314 18 20 0.085242905
588 395 14 12 0.08520874
556 307 22 24 0.050737172
216 338 24 20 0.04173787
725 291 18 20 0.039307617
625 311 22 23 0.03475444
752 245 15 12 0.027267685
91 421 19 15 0.025113959
512 281 34 26 0.022739613
740 290 17 17 0.022115702
