55_Sports_Coach_Trainer_sportcoaching_55_774
54
736 125 90 70 0.7610103
468 200 39 25 0.6969635
786 278 78 82 0.69438267
512 300 48 35 0.6874061
117 269 51 38 0.6701502
650 101 39 29 0.6474089
831 65 85 69 0.6272208
592 148 37 26 0.5480716
444 177 28 20 0.52337503
481 173 29 20 0.4615772
324 81 25 17 0.45276633
336 101 29 24 0.42877954
495 289 87 60 0.36124134
80 248 124 74 0.34662834
378 76 27 16 0.27598113
530 159 30 19 0.27548763
391 73 26 18 0.2699317
410 72 18 16 0.24315894
357 160 30 21 0.23257324
472 124 24 14 0.19789946
413 107 29 22 0.16175401
365 173 23 16 0.14133103
361 166 15 10 0.114048816
466 176 23 16 0.104588754
484 125 18 13 0.09317927
378 2 27 19 0.09180587
533 167 23 18 0.088941425
328 78 16 13 0.085474975
743 136 44 35 0.08376394
786 293 65 48 0.080497
477 -1 16 9 0.079601176
826 72 56 41 0.07196589
711 103 60 40 0.07127916
985 38 25 18 0.07111555
452 189 15 11 0.0649738
592 129 21 12 0.06187845
743 149 64 61 0.06007039
403 43 22 17 0.057240043
730 236 200 133 0.05256816
449 183 13 9 0.052300878
607 324 46 30 0.045067772
380 15 14 9 0.041172057
463 -2 17 9 0.041062135
468 156 22 15 0.037420657
851 80 75 64 0.033410497
421 44 10 9 0.03055744
482 201 13 11 0.027963001
766 285 61 51 0.024239874
730 113 22 13 0.023738066
547 165 12 10 0.022764739
801 308 55 51 0.02246553
855 154 138 83 0.021333752
480 159 20 17 0.021086967
451 124 19 11 0.020741949
