55_Sports_Coach_Trainer_sportcoaching_55_122
124
99 279 35 35 0.74742365
867 390 54 50 0.73258305
174 280 40 36 0.72283447
340 287 32 34 0.7223844
724 377 39 37 0.69987977
59 378 32 29 0.6671393
256 278 32 31 0.57123446
862 302 38 39 0.56125206
802 333 45 40 0.55643594
17 251 36 36 0.55074364
805 272 48 44 0.53621185
38 172 27 27 0.5276494
25 219 23 22 0.50773895
664 311 26 24 0.4218691
561 305 32 29 0.39213285
967 233 24 24 0.37000558
744 321 34 37 0.3687224
514 251 37 36 0.3495887
666 302 31 29 0.34387332
521 255 23 21 0.2944216
458 316 24 22 0.2824904
872 238 29 27 0.2753121
260 270 28 25 0.26870623
879 158 17 15 0.26424617
746 327 20 24 0.24569474
532 297 18 21 0.23087606
715 367 58 53 0.23004551
362 248 21 20 0.22278622
48 360 56 64 0.21899004
100 204 18 16 0.19857141
552 290 39 37 0.19580479
619 181 14 14 0.19241288
275 190 17 16 0.19193311
876 160 24 22 0.19176589
348 295 16 18 0.18547842
552 301 24 25 0.17649843
624 268 25 22 0.17154913
741 241 23 23 0.17128536
961 224 27 27 0.16863315
453 302 31 29 0.16579495
850 250 19 19 0.16489422
877 239 17 22 0.16340046
436 282 20 22 0.1629955
381 260 23 21 0.15897988
97 207 15 13 0.12618357
154 196 17 16 0.12323013
745 249 22 22 0.11997055
833 258 24 25 0.11636946
9 244 50 52 0.11362389
565 362 29 33 0.11015816
474 276 14 14 0.10355591
810 180 14 12 0.102452055
151 199 12 12 0.09806612
382 269 14 15 0.09611929
739 320 27 27 0.09510641
743 303 28 27 0.08515841
447 241 30 27 0.0825553
178 239 27 24 0.081426285
400 288 21 22 0.08103976
97 212 13 13 0.08068147
557 204 20 20 0.07879205
438 274 19 18 0.07278243
826 374 124 98 0.069713324
614 291 21 24 0.069595486
219 193 18 19 0.06679097
455 264 16 17 0.05855511
814 178 13 12 0.055011656
177 182 14 13 0.054797683
715 467 120 119 0.054589793
703 195 13 13 0.052829612
742 289 19 19 0.052390933
815 188 15 15 0.051100943
131 202 14 12 0.050200824
660 292 25 24 0.048419688
683 203 22 21 0.04841691
379 205 17 15 0.04840934
826 250 22 20 0.047313463
669 216 22 22 0.04674113
908 402 30 30 0.046186186
375 204 14 14 0.045010243
109 259 58 50 0.043644305
161 179 24 18 0.043603472
406 271 21 19 0.042926215
610 210 23 21 0.04226302
38 169 40 39 0.040825192
259 191 13 15 0.040297806
310 205 13 12 0.038117114
549 174 27 22 0.03768852
675 267 21 20 0.03758315
826 194 17 15 0.036945917
1000 165 14 15 0.036647346
255 171 58 53 0.036238678
449 355 21 24 0.033898346
360 242 70 58 0.0308794
114 213 15 14 0.029216764
793 309 72 73 0.028327774
485 156 26 28 0.028325554
105 259 33 30 0.028259458
310 262 18 19 0.028061356
469 196 20 18 0.028017048
654 562 249 189 0.02790977
273 183 17 14 0.027731745
84 260 66 50 0.027112372
809 345 32 37 0.026572704
708 429 70 67 0.02612211
928 320 24 25 0.02595333
330 340 36 43 0.025893597
350 250 43 37 0.025562732
469 314 18 21 0.025325265
574 374 15 15 0.024998697
861 306 23 27 0.024816921
621 221 21 19 0.02432435
516 248 20 19 0.024235968
567 217 10 11 0.024185823
267 184 10 12 0.02375321
563 201 16 16 0.023574432
125 503 20 17 0.02333907
1007 169 10 10 0.02270348
357 242 32 34 0.021433106
314 221 10 8 0.021123797
452 370 20 21 0.02107753
740 205 24 21 0.020930074
815 258 36 26 0.020842923
808 542 120 86 0.020276934
