55_Sports_Coach_Trainer_sportcoaching_55_588
25
588 247 33 31 0.47645566
595 363 27 28 0.46514463
607 384 50 43 0.428121
615 387 32 31 0.41079217
602 257 20 18 0.32126173
506 285 21 19 0.2660075
454 246 27 23 0.22926213
687 246 26 22 0.21261545
694 260 34 28 0.1651236
685 254 23 21 0.1531588
675 248 22 19 0.13577923
738 268 20 19 0.08706557
751 273 13 13 0.074007325
622 454 59 53 0.054193716
505 275 24 24 0.054131553
656 266 23 21 0.040623125
675 567 57 49 0.027794385
677 240 45 43 0.025189705
471 449 104 85 0.02504132
722 451 38 42 0.024562394
621 258 12 12 0.02424179
662 383 34 30 0.023284078
780 270 23 19 0.020979246
384 362 19 18 0.02048419
509 282 15 15 0.020186441
