55_Sports_Coach_Trainer_sportcoaching_55_789
21
820 326 50 46 0.9936827421188354
443 247 59 55 0.9933791160583496
725 332 55 57 0.9919888377189636
316 130 57 52 0.9887020587921143
664 203 56 50 0.9864800572395325
755 175 53 44 0.9857315421104431
91 178 38 36 0.9823135733604431
357 281 65 65 0.9801017045974731
911 160 65 56 0.9779307842254639
146 228 59 48 0.9742569923400879
609 120 49 43 0.9660231471061707
65 242 53 52 0.9597374200820923
619 278 62 59 0.9471274018287659
585 217 57 50 0.9336007237434387
454 162 57 53 0.9320895075798035
538 254 49 58 0.9301210045814514
919 328 55 56 0.8184829354286194
268 230 56 55 0.7747034430503845
192 148 45 47 0.7196459770202637
384 226 50 48 0.6167842149734497
425 122 38 34 0.550926685333252
