55_Sports_Coach_Trainer_sportcoaching_55_196
21
280 185 32 22 0.5923936
500 166 45 35 0.4389167
537 194 42 25 0.37658978
520 179 45 36 0.31669196
301 226 75 41 0.31187785
315 233 41 26 0.30747432
174 178 23 13 0.14451222
451 177 44 34 0.087901995
259 184 39 22 0.08378065
168 181 23 15 0.07140166
396 189 34 22 0.06765591
472 217 35 23 0.05943539
171 179 33 20 0.047145564
602 206 30 17 0.041471172
474 166 57 35 0.041202854
269 181 56 34 0.03667157
434 181 41 28 0.02784026
314 215 82 46 0.02759549
509 223 27 23 0.024986388
110 185 18 10 0.023077639
81 262 27 23 0.022908576
