55_Sports_Coach_Trainer_sportcoaching_55_569
37
876 38 86 57 0.78521675
242 266 54 31 0.749357
154 81 110 79 0.56892407
324 51 75 53 0.5535265
367 247 38 24 0.534609
227 259 84 46 0.3719194
580 24 37 18 0.3445889
723 206 73 57 0.18180217
445 11 92 52 0.11913783
342 60 52 36 0.09870943
738 219 36 28 0.09429194
539 244 112 54 0.089935444
1 269 11 7 0.08775224
908 201 60 46 0.0786149
424 -5 141 78 0.06449988
886 194 101 74 0.062105317
548 252 61 38 0.05525473
41 257 8 4 0.049664136
691 23 29 15 0.048474014
22 260 14 8 0.047550756
171 94 81 47 0.04646372
551 263 87 40 0.045115054
169 267 21 9 0.039505817
856 50 64 31 0.03797525
548 20 50 25 0.037760686
71 255 20 8 0.030947424
190 102 67 53 0.02766258
735 240 57 37 0.027569005
98 262 17 8 0.026338354
167 101 51 32 0.026321467
751 59 195 91 0.025203751
89 270 12 5 0.0215554
169 277 17 8 0.021313012
108 254 18 8 0.021114638
745 248 32 18 0.020982537
561 261 36 23 0.020381484
692 153 132 81 0.020017596
