55_Sports_Coach_Trainer_sportcoaching_55_786
35
477 127 93 121 0.8131661
361 277 103 117 0.776012
556 257 96 129 0.73908824
722 271 91 122 0.72099465
735 296 61 74 0.24159813
405 151 42 41 0.17573696
415 159 20 23 0.1547826
510 141 82 90 0.14859124
481 147 58 77 0.14422129
164 437 22 25 0.1187508
570 269 60 86 0.10037961
731 300 33 50 0.09130499
557 293 52 57 0.090323
588 278 71 85 0.085030176
472 184 101 76 0.0838872
326 210 168 203 0.07805321
497 263 121 119 0.068633355
746 144 14 16 0.068039335
351 386 35 40 0.061606593
754 297 68 73 0.058888093
390 279 64 91 0.05768385
451 148 75 74 0.04642758
698 136 19 18 0.039796356
751 72 51 59 0.038166806
322 256 116 132 0.03332276
706 141 10 10 0.031392068
394 11 254 241 0.03128718
633 290 79 101 0.027571432
741 143 13 14 0.02634753
516 280 52 56 0.02383814
331 298 49 72 0.023680799
250 627 175 187 0.022909123
310 130 59 55 0.022748737
671 177 207 208 0.020668523
451 65 139 191 0.020232644
