37_Soccer_soccer_ball_37_483
28
907 77 48 39 0.79071003
677 150 45 37 0.747898
406 123 40 38 0.7369927
753 146 39 30 0.72997063
91 155 55 48 0.7282899
492 91 54 50 0.712059
206 170 30 27 0.66109836
470 76 98 81 0.40836725
762 150 20 23 0.407076
76 142 86 72 0.38403857
849 231 21 16 0.21877243
919 83 29 30 0.13868141
945 272 73 59 0.12452335
715 386 14 13 0.090764426
54 115 128 115 0.0761203
737 251 27 21 0.0733084
188 151 68 63 0.06819381
488 95 39 40 0.06736349
79 173 73 53 0.0590581
749 154 33 26 0.04273596
100 195 28 24 0.03609275
694 156 14 16 0.031859327
659 146 86 59 0.029914323
377 102 79 76 0.024706751
989 175 34 39 0.023679161
79 155 47 42 0.022767732
402 198 92 68 0.0217297
996 201 23 24 0.021213781
