37_Soccer_soccer_ball_37_643
28
324 94 70 69 0.74893
727 45 79 68 0.6027539
108 224 28 23 0.21198308
98 217 47 35 0.10135248
675 315 25 21 0.0853528
348 115 28 26 0.07740057
362 114 66 56 0.069219306
121 146 41 30 0.06817488
132 152 22 19 0.0595547
326 79 54 38 0.05117556
14 159 32 27 0.043737832
913 273 173 118 0.040399622
104 132 73 56 0.038978696
697 47 86 76 0.034853112
500 31 120 89 0.03154657
754 44 73 65 0.031043664
318 66 79 67 0.029276421
349 398 123 98 0.02922903
573 134 117 88 0.029113319
82 121 116 92 0.028633114
330 87 119 80 0.027973691
136 215 112 94 0.02656549
113 419 121 90 0.025688417
335 118 50 37 0.02376494
515 139 54 42 0.023082592
645 65 124 105 0.022532199
566 314 15 16 0.02058804
24 240 86 69 0.020455025
