37_Soccer_Soccer_37_655
21
359 22 37 42 0.7236537
611 125 26 28 0.6717699
23 83 36 39 0.45724273
345 10 66 70 0.44879684
735 122 24 28 0.3923343
22 89 27 26 0.32984605
480 34 34 34 0.21107736
742 133 25 29 0.16722998
876 203 14 14 0.09850845
879 206 8 9 0.085067116
311 70 130 115 0.077663004
11 87 20 20 0.07313527
75 80 36 33 0.054674238
572 184 13 19 0.05116975
618 127 11 16 0.043743238
618 130 14 22 0.03154259
485 47 26 32 0.028392073
315 4 29 27 0.025411686
357 102 43 45 0.022948047
-10 116 75 87 0.021333685
34 96 8 14 0.021307573
