37_Soccer_Soccer_37_618
30
811 358 95 118 0.81480306
8 307 74 95 0.81319845
243 322 79 87 0.8045595
482 329 95 124 0.7786846
448 290 77 92 0.49757513
-3 434 51 107 0.47398353
686 340 52 62 0.3364567
323 386 42 46 0.2825338
944 359 43 53 0.2740302
288 449 42 50 0.24799006
333 390 28 31 0.24196842
950 368 31 35 0.1502826
-27 429 105 118 0.1424437
736 314 47 55 0.109448604
787 334 155 145 0.10288168
675 352 55 84 0.082192466
804 379 66 79 0.074974984
463 303 51 44 0.06842014
42 327 28 51 0.04892512
505 372 46 55 0.04478533
230 340 105 91 0.041176748
927 562 35 35 0.03686312
-8 455 46 67 0.034278445
272 342 45 61 0.0334002
517 325 117 126 0.027114589
493 371 34 40 0.025578164
7 335 50 49 0.022271879
470 347 35 49 0.02223296
-10 315 113 111 0.020682948
16 314 57 54 0.02004096
