37_Soccer_soccer_ball_37_851
36
375 283 64 63 0.8247737
362 78 52 53 0.80963224
772 130 48 51 0.8025009
270 242 65 63 0.8004363
525 282 61 63 0.7985117
641 146 51 53 0.7902733
489 97 56 55 0.77963495
719 210 63 61 0.76796824
118 240 70 75 0.7675825
865 128 50 54 0.7206661
813 92 68 60 0.6997502
832 197 76 74 0.688295
653 151 28 42 0.60257745
222 108 62 63 0.5270556
623 243 75 74 0.5178004
381 86 22 37 0.44358447
832 107 25 28 0.35164592
824 107 128 98 0.26354405
635 260 50 51 0.1739116
456 87 126 90 0.17240411
234 130 38 28 0.15547158
344 276 129 91 0.14110553
263 229 103 96 0.075551264
673 189 163 123 0.06681883
861 109 73 83 0.065385714
491 106 38 37 0.0626875
507 280 101 82 0.060545884
784 140 22 26 0.05864418
241 114 32 51 0.04699453
524 293 45 41 0.045246672
576 243 115 90 0.044179223
821 182 126 116 0.039443064
202 229 129 98 0.023513049
505 104 24 27 0.021752387
742 127 105 80 0.021678586
274 263 33 26 0.02048689
