37_Soccer_soccer_ball_37_269
66
156 253 47 36 0.7774901
235 247 41 34 0.7515776
167 122 43 37 0.7515684
318 234 45 37 0.74004596
591 250 35 31 0.72204554
904 129 36 32 0.7206528
100 138 31 26 0.70992637
683 142 37 32 0.69824755
405 265 45 37 0.69552034
608 133 45 38 0.68562466
741 239 29 26 0.68446016
660 232 30 27 0.6835696
403 128 32 29 0.6832911
335 135 30 29 0.68084246
538 134 45 38 0.6801855
831 142 33 28 0.6769866
828 245 33 30 0.67258275
509 247 31 28 0.66516125
898 233 33 27 0.6649946
491 126 30 31 0.6407753
767 152 29 27 0.6300088
261 135 40 36 0.6217067
391 250 75 68 0.55382013
493 133 24 19 0.4797311
882 112 86 67 0.4445969
250 140 39 30 0.41613528
857 167 30 26 0.30456704
674 132 56 52 0.2468033
272 144 18 17 0.2457135
839 251 15 16 0.11895754
297 171 19 18 0.11495322
835 237 31 29 0.11027231
818 239 35 28 0.10639447
583 166 23 25 0.10532331
817 231 65 45 0.086830564
226 161 8 9 0.085451424
802 171 16 15 0.08266368
473 117 62 53 0.07954376
105 140 17 17 0.07736022
692 257 22 19 0.07609236
182 130 13 16 0.06837062
847 165 21 22 0.06609209
538 195 54 54 0.062348776
772 283 123 85 0.062023353
693 266 14 13 0.05399873
324 117 52 60 0.050247338
590 175 14 14 0.04746035
300 230 79 54 0.044470917
600 258 22 21 0.04340641
716 348 52 45 0.043138336
789 363 20 16 0.04245037
735 363 17 15 0.041926462
756 251 29 27 0.039833736
811 147 31 28 0.03749828
681 159 30 29 0.030244682
945 260 20 20 0.030215587
108 93 162 115 0.02542712
613 209 74 65 0.02527915
401 142 27 20 0.024211783
613 235 38 33 0.024207992
528 220 41 36 0.023146784
519 119 83 56 0.02311375
0 316 9 14 0.0226476
525 251 17 17 0.021778835
54 171 95 72 0.020654315
0 323 16 12 0.0200836
