37_Soccer_Soccer_37_651
59
903 295 33 34 0.67671525
497 307 34 35 0.5241773
2 217 25 31 0.4656567
300 223 27 32 0.41256833
104 225 33 37 0.3141784
239 228 29 26 0.22957088
913 305 9 15 0.20800284
511 82 25 27 0.1987476
336 195 22 26 0.15932488
1003 328 18 25 0.15746425
807 84 15 17 0.15101066
419 23 19 23 0.143438
486 -1 18 17 0.14105727
325 476 25 27 0.13495794
252 223 17 22 0.1188637
170 228 25 25 0.11815181
116 236 28 30 0.115444586
1001 130 12 16 0.10699291
750 72 14 14 0.09627832
158 230 28 25 0.09067467
480 292 58 66 0.08906601
796 301 42 43 0.08883901
586 177 11 12 0.08799604
1011 330 12 12 0.082295425
39 83 11 12 0.08060499
575 246 32 32 0.07365077
910 506 68 66 0.071843654
87 90 17 16 0.065726206
738 2 14 12 0.055679858
295 211 46 53 0.05124772
974 78 16 19 0.049747508
273 421 128 134 0.04858924
223 502 18 20 0.048078787
119 440 145 123 0.046815645
1008 140 10 12 0.044818144
689 95 16 13 0.044274036
817 254 15 19 0.04411342
575 253 15 17 0.041441012
191 228 19 18 0.040216163
222 250 22 24 0.03834954
809 127 9 9 0.037515093
563 242 29 32 0.036083966
500 77 45 43 0.03566415
603 94 11 9 0.035339862
753 73 8 9 0.03527742
488 315 39 37 0.03476414
845 146 10 10 0.033483338
49 173 15 17 0.03203048
129 91 11 9 0.030333074
975 94 9 8 0.028276158
588 175 14 15 0.027860984
702 100 13 13 0.026035223
817 130 14 15 0.023777343
481 391 22 25 0.023551157
548 219 89 95 0.022875516
827 171 13 14 0.02198897
994 304 27 35 0.020985896
367 1 10 11 0.020326588
25 76 15 16 0.020284949
