37_Soccer_soccer_ball_37_698
29
499 476 80 95 0.7412675
884 455 57 60 0.6842939
272 430 159 179 0.59946746
677 454 63 69 0.46583253
54 396 68 71 0.42840317
464 290 70 56 0.16131832
304 463 90 129 0.14397892
804 475 48 52 0.13690315
481 295 37 43 0.11589992
688 472 40 50 0.07988119
211 444 43 55 0.059197407
755 478 45 54 0.05708329
513 487 54 59 0.052923813
177 570 109 107 0.050289817
810 457 43 47 0.046030592
630 573 40 39 0.043885864
49 406 38 46 0.04373092
322 456 103 109 0.03826526
799 396 99 101 0.035523888
707 655 66 72 0.03449055
351 440 77 88 0.034445897
159 379 63 72 0.028303724
326 511 64 61 0.026957033
501 675 79 88 0.024059305
59 410 43 44 0.02327208
476 651 129 113 0.023177484
810 472 26 25 0.02198981
621 552 55 75 0.02185427
434 6 184 131 0.021589426
