37_Soccer_soccer_ball_37_1011
21
325 7 98 118 0.8175472
773 324 45 42 0.7748384
839 275 31 32 0.66989034
453 7 320 403 0.5781566
420 1 57 57 0.42900023
402 221 84 116 0.41260582
401 -11 93 80 0.21238057
413 241 45 59 0.104563616
784 330 21 23 0.071399644
333 21 57 66 0.06696516
824 331 37 37 0.061840255
309 15 68 75 0.04791433
385 241 62 56 0.03694682
256 -58 271 199 0.036073606
293 -23 160 153 0.035550807
836 336 31 28 0.031075452
347 -5 122 116 0.029962951
381 22 89 79 0.02863154
552 59 303 236 0.025562832
322 225 131 124 0.023830868
279 -11 121 105 0.02296487
