37_Soccer_Soccer_37_393
20
164 156 62 93 0.7853349
336 204 86 106 0.74616367
808 89 91 143 0.61553407
582 25 44 66 0.52136654
808 132 61 80 0.14548734
543 -22 130 184 0.086768866
837 104 47 112 0.05987532
758 77 113 161 0.055886813
360 209 38 76 0.0521426
573 -2 67 117 0.04990556
187 166 30 72 0.04401785
722 5 182 263 0.03851311
783 128 73 94 0.03793255
444 486 266 379 0.031071924
383 969 127 200 0.030134747
16 644 135 186 0.027982434
778 26 113 178 0.024613688
775 781 116 163 0.022481415
525 299 99 138 0.022400659
667 637 144 249 0.02040963
