37_Soccer_soccer_ball_37_907
105
261 73 33 45 0.7208704
10 291 37 53 0.7132339
339 114 26 41 0.7090369
540 76 40 56 0.7065027
428 105 30 52 0.70329446
25 181 36 53 0.69308406
40 56 40 59 0.6468773
191 275 32 48 0.6320418
132 179 32 48 0.6047404
170 56 29 37 0.56925315
1001 75 22 44 0.55962557
916 70 32 43 0.54685104
682 90 30 46 0.5421203
916 174 35 48 0.399429
728 -1 25 30 0.33145076
164 42 44 55 0.3227075
779 329 23 41 0.31424385
17 299 24 38 0.29405907
200 283 18 31 0.29009637
31 190 24 38 0.28932464
652 75 30 41 0.27339712
156 315 21 33 0.2719552
386 298 26 35 0.23509592
904 165 36 50 0.21106626
252 171 34 42 0.20412365
912 153 49 85 0.20306851
275 298 24 40 0.19553919
262 -4 26 28 0.16590686
175 293 29 37 0.16004048
399 315 20 38 0.15912479
396 301 21 35 0.15363398
746 543 22 30 0.1519415
476 298 18 25 0.14579444
776 542 22 29 0.13574383
367 255 18 29 0.12959832
484 300 13 18 0.113747634
551 293 18 23 0.103550285
330 10 24 31 0.0979732
383 297 17 24 0.0954918
339 294 11 18 0.09115911
706 549 11 20 0.09102594
269 83 15 28 0.088175856
1001 543 17 26 0.081219256
319 294 19 28 0.0784081
899 294 17 22 0.06963583
518 332 11 18 0.06639887
886 135 86 122 0.065137506
526 298 9 13 0.06314553
672 624 12 19 0.05985799
281 311 14 17 0.058861516
963 542 17 26 0.056729484
438 776 65 80 0.05667629
582 511 16 26 0.055063054
303 298 13 19 0.05404908
307 320 18 27 0.051570863
336 250 22 32 0.05115396
828 806 90 125 0.05030912
1004 363 16 29 0.048959944
815 548 11 17 0.048307627
335 0 27 29 0.047599886
831 299 25 29 0.04728553
415 788 40 55 0.04288356
382 773 51 80 0.041455567
465 775 76 82 0.04037034
879 782 160 175 0.040167317
262 181 13 19 0.039322656
511 369 89 121 0.03787471
248 398 68 92 0.037429754
944 868 31 38 0.037190564
677 508 49 57 0.035803072
326 40 27 38 0.035303343
868 139 33 45 0.034739718
996 373 17 33 0.034359567
270 404 65 79 0.033373322
533 260 16 24 0.033192
714 456 98 130 0.03159407
912 293 11 18 0.031230276
636 474 70 95 0.030398406
685 98 15 29 0.029989598
288 405 35 52 0.028705861
686 460 78 123 0.028669806
699 519 15 19 0.028058516
983 526 20 36 0.02724064
692 310 19 27 0.026704127
887 532 30 39 0.026486618
241 128 87 95 0.026351014
437 408 15 24 0.025630483
23 37 75 112 0.025156016
844 99 119 147 0.024919266
750 451 52 71 0.024897633
981 436 16 27 0.02449426
385 775 94 108 0.024251048
734 518 14 19 0.024210867
598 258 23 33 0.024054185
301 413 29 37 0.023843795
21 285 35 67 0.023689963
910 433 20 23 0.023686428
482 391 114 145 0.023362681
342 262 15 19 0.023123791
488 804 31 46 0.02289871
334 509 53 60 0.022421641
767 431 28 39 0.02233442
800 258 72 91 0.021462718
801 622 21 26 0.02065871
604 298 20 28 0.020127298
