37_Soccer_soccer_ball_37_233
24
409 265 36 39 0.65849084
626 207 47 45 0.55259764
848 382 29 30 0.4315823
853 388 17 19 0.3518953
327 450 31 32 0.26936698
65 413 85 114 0.06046994
598 179 104 93 0.051049326
85 451 91 134 0.048714325
341 403 25 31 0.04802673
510 444 11 12 0.04447088
394 455 32 39 0.042770628
210 289 141 121 0.04094822
619 191 47 49 0.040892396
1002 425 10 10 0.039227027
295 421 91 82 0.037984442
799 234 28 32 0.037762027
378 455 36 34 0.037230883
515 441 14 17 0.03661569
79 581 154 137 0.03515527
357 452 56 47 0.029443868
648 212 41 45 0.02795397
510 319 130 115 0.025119016
766 267 40 39 0.02503664
51 497 169 142 0.024467714
