37_Soccer_soccer_ball_37_345
50
715 163 15 13 0.6864528
615 178 25 20 0.6606915
814 167 19 16 0.65415835
487 171 22 20 0.63087875
551 164 23 18 0.6149107
424 183 18 15 0.51616615
365 181 11 14 0.5093956
1000 190 17 13 0.49849406
428 336 25 19 0.48667982
375 89 20 18 0.48058414
972 183 17 17 0.36648062
139 323 19 18 0.31756392
124 129 24 16 0.22499365
991 187 17 14 0.1956175
447 286 7 6 0.12554139
733 254 10 8 0.11200787
951 272 13 11 0.11041998
134 314 27 25 0.108789265
453 284 10 9 0.10029037
521 287 6 5 0.09579608
414 285 10 8 0.07369832
417 329 39 30 0.07058759
574 288 5 5 0.07047483
76 56 11 10 0.066166736
351 276 20 17 0.052048124
177 129 18 14 0.049148634
426 337 35 28 0.04847135
399 284 12 9 0.046505336
445 282 10 7 0.04611206
447 276 21 16 0.04440676
514 283 6 6 0.042857107
385 281 10 8 0.040605158
607 290 7 6 0.04027584
350 285 14 10 0.038356427
811 256 8 7 0.036246758
843 258 6 3 0.03483995
973 47 19 16 0.034643196
377 134 20 16 0.03446601
52 48 13 12 0.031738423
951 277 8 8 0.03143924
389 183 15 13 0.031311214
384 272 19 13 0.027684702
483 287 3 3 0.026417546
739 257 5 4 0.026372641
975 180 4 5 0.025028232
614 287 10 8 0.02372267
371 181 6 5 0.022352202
613 256 14 11 0.022068443
358 241 26 19 0.021645268
586 209 84 63 0.020116316
