37_Soccer_soccer_ball_37_114
26
446 151 23 28 0.9940807223320007
506 350 33 31 0.9930673837661743
611 162 23 23 0.9928688406944275
831 159 35 31 0.9922074675559998
743 161 27 27 0.992088794708252
75 256 25 27 0.9919706583023071
366 160 34 37 0.9912823438644409
681 155 13 18 0.9912152290344238
885 258 38 31 0.9909512996673584
290 164 28 32 0.9878175854682922
758 369 34 30 0.9871065616607666
234 261 29 28 0.9860193729400635
266 369 25 32 0.9807417988777161
525 154 24 28 0.9760742783546448
127 151 29 30 0.9752286672592163
222 174 23 28 0.9704259037971497
315 247 38 32 0.9610608220100403
160 265 26 29 0.9593036770820618
386 367 23 19 0.952103853225708
602 274 24 26 0.9361859560012817
686 266 22 28 0.9260711669921875
767 248 33 37 0.9254570007324219
649 358 29 28 0.8986387848854065
407 243 29 29 0.8191097974777222
141 380 23 23 0.8026137948036194
508 238 14 19 0.8004322648048401
