37_Soccer_soccer_ball_37_867
37
682 107 55 63 0.78945035
507 59 52 66 0.7831391
511 220 60 65 0.74826145
248 238 52 61 0.74693304
899 229 41 49 0.7159154
380 205 39 46 0.6959314
81 293 33 37 0.60153055
670 91 78 98 0.31373963
894 215 56 79 0.31120732
492 40 86 109 0.2248966
500 201 85 109 0.10258383
477 174 152 165 0.08968256
58 437 17 19 0.0830413
399 247 28 32 0.08239534
575 315 30 34 0.067652516
387 227 18 19 0.051373675
27 261 15 17 0.045636788
222 230 94 102 0.043176547
343 178 109 117 0.042357877
558 170 38 47 0.04025251
443 211 157 142 0.036557928
357 314 30 36 0.033333123
422 279 16 19 0.032747645
263 239 31 46 0.032080133
765 269 14 16 0.028931342
486 308 16 19 0.028231459
780 270 18 16 0.027856892
827 271 12 13 0.027617315
160 304 9 10 0.02725872
54 433 15 20 0.02695154
746 272 19 18 0.026425341
89 292 22 26 0.02637421
157 301 10 12 0.026348097
571 319 22 26 0.022618845
693 111 32 38 0.021985054
550 409 88 108 0.021969352
477 320 18 22 0.020793462
