37_Soccer_soccer_ball_37_720
22
441 33 60 52 0.77957976
855 185 37 31 0.7302407
118 108 50 44 0.7056412
705 259 35 27 0.6330768
509 335 29 24 0.5714389
577 347 22 20 0.55807036
420 15 99 85 0.3880585
501 329 46 34 0.13093728
276 203 13 11 0.07519232
875 426 22 19 0.053175613
361 472 64 49 0.051218156
997 184 20 16 0.051008575
982 185 19 15 0.050759457
520 345 14 12 0.04262615
269 200 23 17 0.03158909
559 118 34 30 0.029024426
463 40 27 34 0.028368726
887 186 31 26 0.027270045
820 429 13 12 0.02704862
312 37 130 80 0.022283698
547 -29 168 111 0.021594865
914 186 30 20 0.020387808
