37_Soccer_soccer_ball_37_512
30
489 68 84 98 0.7684727
77 0 39 41 0.20905592
471 4 29 34 0.11703325
5 293 117 111 0.11375966
835 363 24 27 0.07609921
721 316 45 42 0.07066278
729 289 46 49 0.054562215
912 184 131 136 0.051330667
277 -6 46 45 0.042043235
513 85 80 84 0.037523344
808 338 81 79 0.03723761
766 356 91 99 0.03377637
50 237 102 115 0.033031005
574 382 32 41 0.032818828
0 190 162 181 0.032370973
165 368 91 98 0.030200575
187 196 158 143 0.0299054
957 154 77 90 0.029630866
960 239 75 78 0.028433695
551 358 83 90 0.028393216
210 351 183 186 0.028256226
253 363 58 55 0.02510069
-14 487 227 248 0.024656553
450 47 111 115 0.023767684
-10 47 120 134 0.023752492
349 16 124 144 0.02183296
96 599 120 104 0.02169697
9 -4 28 27 0.021422876
652 135 103 100 0.021140367
871 181 107 116 0.020096714
