47_Matador_Bullfighter_matadorbullfighting_47_42
25
214 95 60 58 0.7289363
524 0 25 18 0.43097752
200 77 91 92 0.36518875
808 -2 21 17 0.2543625
86 -2 28 21 0.22166075
707 -4 15 15 0.16099678
88 1 18 16 0.15155204
696 2 19 14 0.12755498
153 0 24 21 0.0903675
214 4 43 31 0.080486536
159 0 31 22 0.06855659
776 487 111 105 0.067382954
435 1 18 15 0.066940024
800 404 100 94 0.060419247
619 3 29 18 0.055876497
627 -3 30 22 0.048658714
687 22 32 26 0.03791459
130 328 86 89 0.03175344
400 2 40 21 0.027904706
113 289 122 119 0.024951335
733 466 196 170 0.024909277
802 505 49 46 0.023638956
714 607 196 143 0.023277974
172 272 31 36 0.022481468
850 561 222 184 0.022168081
