47_Matador_Bullfighter_matadorbullfighting_47_645
20
384 128 64 62 0.81630766
590 122 58 54 0.7973503
669 129 51 50 0.7857219
524 148 54 55 0.7585944
994 347 31 37 0.18511671
658 107 79 85 0.14885615
154 282 52 57 0.07880476
129 306 66 61 0.069595
638 89 129 98 0.05644936
999 354 19 25 0.043378677
515 160 79 62 0.04290746
404 137 34 46 0.032095306
377 243 96 90 0.030870752
140 314 42 44 0.027327407
704 410 216 157 0.02490647
566 119 62 58 0.024556452
503 101 108 98 0.023469854
535 129 54 60 0.021441476
510 321 122 127 0.02114796
536 516 75 65 0.02060191
