47_Matador_Bullfighter_matadorbullfighting_47_731
46
425 174 16 15 0.3276519
575 138 26 26 0.30080587
581 142 13 15 0.29717058
677 120 10 10 0.11525658
495 113 10 10 0.10107421
717 108 12 11 0.09695631
574 141 16 13 0.09034767
411 164 25 24 0.08921349
327 75 29 19 0.072789684
542 115 18 14 0.07239553
73 149 12 11 0.067900226
260 81 11 8 0.06754076
304 239 73 62 0.065937296
954 119 10 9 0.064063944
604 123 8 7 0.05725675
303 78 15 9 0.054721363
538 112 10 6 0.05273654
732 549 271 197 0.052032687
566 127 7 6 0.05083886
743 269 69 70 0.050210394
730 245 77 62 0.050157815
642 124 7 7 0.043414418
493 119 9 9 0.040693093
756 86 8 7 0.040518988
24 589 150 120 0.037709832
38 154 14 9 0.03719871
595 110 8 6 0.0363506
246 76 17 14 0.03615297
764 579 175 139 0.032964874
315 75 14 12 0.03289882
1009 11 6 5 0.031108594
975 38 8 6 0.027177393
675 101 8 7 0.026859371
552 146 20 22 0.02595682
758 106 16 13 0.025298981
324 148 17 13 0.024863765
409 106 13 9 0.024038576
12 154 3 3 0.023706235
366 241 60 62 0.023477094
311 22 8 9 0.023430854
732 371 86 71 0.023200145
836 638 98 66 0.0222354
385 67 16 13 0.021573413
339 107 12 9 0.021195207
470 114 18 17 0.021169147
44 131 8 5 0.020706924
