47_Matador_Bullfighter_matadorbullfighting_47_72
24
685 3 27 19 0.5701301
499 9 40 37 0.5690629
907 6 37 25 0.5669388
219 -1 39 27 0.5155768
631 11 29 24 0.45756677
745 7 38 26 0.4018297
567 13 30 23 0.36874515
965 11 34 21 0.28108674
355 62 31 28 0.28000185
334 83 39 33 0.15823142
298 -2 26 17 0.13164575
505 15 30 24 0.12755485
974 10 20 13 0.09457625
877 -8 97 65 0.05539476
748 3 29 23 0.042510994
682 10 38 29 0.0357734
536 16 24 18 0.03559982
340 57 46 39 0.035342477
583 19 11 12 0.033561163
571 8 21 17 0.028464897
315 61 87 52 0.024692802
942 342 69 47 0.02348045
293 318 165 116 0.021554282
521 8 17 14 0.021312669
