47_Matador_Bullfighter_matadorbullfighting_47_511
57
762 272 14 12 0.4599823
405 250 18 16 0.3803924
633 296 13 12 0.35663006
791 499 15 14 0.2445814
604 591 14 12 0.24195096
14 591 14 14 0.1774131
104 548 21 16 0.16514155
609 485 14 12 0.15257923
77 563 19 20 0.13268302
757 273 15 13 0.13223207
225 637 29 29 0.11858429
98 377 23 18 0.116784155
609 477 21 19 0.10331683
358 435 16 17 0.083092816
190 613 17 16 0.08148757
992 499 11 11 0.078318134
518 593 12 10 0.0719948
953 508 14 15 0.071545966
716 575 12 11 0.06970173
526 303 19 15 0.06383212
856 187 8 9 0.06291633
829 650 18 16 0.06099091
953 505 7 6 0.06068684
850 182 18 15 0.059757236
931 574 15 16 0.05720984
490 619 16 17 0.055284284
525 594 9 9 0.054896455
90 561 14 14 0.053361252
847 193 14 12 0.04666827
167 569 11 10 0.04491413
311 604 15 14 0.044348117
914 570 18 14 0.04340446
755 594 11 9 0.041452326
354 437 14 13 0.040131487
611 481 13 10 0.037122685
155 575 10 8 0.03631398
223 436 25 21 0.033782896
732 571 10 9 0.033232734
316 615 9 10 0.03239506
860 509 17 17 0.030760754
733 621 22 21 0.03023382
247 572 12 10 0.02859402
39 561 13 14 0.028382825
175 599 18 17 0.02837691
232 124 16 14 0.028185224
816 565 14 11 0.026727188
184 566 11 10 0.024716683
223 441 13 12 0.023753017
120 596 13 12 0.02286957
231 590 16 15 0.022650365
104 395 18 17 0.022453263
392 611 11 10 0.022313915
245 592 13 12 0.02218322
964 208 22 22 0.022163618
355 431 13 13 0.021464612
59 565 12 11 0.02124275
292 578 10 11 0.020786235
