47_Matador_Bullfighter_matadorbullfighting_47_152
31
188 216 40 40 0.7463814
770 273 50 49 0.6621673
111 11 19 16 0.45741406
303 6 15 13 0.34813204
423 4 22 17 0.25473115
472 3 17 15 0.22793163
461 2 18 15 0.19498399
164 22 15 12 0.17459697
413 1 19 16 0.14999793
269 3 17 13 0.11381846
690 46 16 19 0.11181688
616 59 12 10 0.11127756
659 68 18 17 0.09894399
306 127 209 173 0.09866682
150 24 22 19 0.095328145
624 57 11 11 0.08481415
180 22 11 12 0.07249296
678 57 10 9 0.06335283
441 2 19 14 0.055789113
685 55 6 6 0.05379535
685 39 16 13 0.04834617
606 3 11 9 0.039208613
753 408 20 18 0.038442753
777 274 31 34 0.037568778
530 5 17 13 0.03353915
-2 15 14 15 0.029503835
521 388 42 47 0.027228171
224 91 302 244 0.026795384
432 546 252 187 0.025235726
599 1 10 9 0.023139756
499 62 152 132 0.02010619
