47_Matador_Bullfighter_matadorbullfighting_47_443
38
190 249 25 26 0.4633669
583 202 15 18 0.31479442
975 197 15 16 0.265148
584 203 11 13 0.2200467
347 198 15 16 0.20392385
863 205 11 12 0.16336983
314 204 10 11 0.12962832
673 261 20 17 0.12804441
460 332 26 24 0.12795837
899 208 9 10 0.11114614
909 203 14 14 0.087680876
233 198 17 17 0.08331431
676 266 10 12 0.08191765
410 197 14 14 0.06777169
510 345 24 27 0.06557527
554 296 20 21 0.059489407
857 166 17 15 0.055977732
930 201 10 9 0.051887546
674 270 13 12 0.049446285
852 197 14 13 0.046497677
191 171 13 12 0.046221435
19 395 307 265 0.043905508
184 172 13 12 0.039534625
376 433 71 73 0.03946025
-33 638 161 137 0.039123457
393 531 183 160 0.034976743
186 371 163 178 0.03404851
334 201 11 12 0.033642393
245 220 15 16 0.02941251
782 208 13 12 0.026659366
485 318 75 87 0.02636163
0 312 56 52 0.026293747
426 222 9 10 0.024907451
779 225 12 12 0.023246024
823 211 9 8 0.022903964
553 309 22 22 0.022815209
240 201 8 9 0.022208855
603 89 125 114 0.02088345
