47_Matador_Bullfighter_matadorbullfighting_47_240
19
535 52 43 46 0.7512176
653 65 34 39 0.6925663
959 115 40 42 0.68045366
749 119 77 84 0.5582796
84 93 36 38 0.46560562
524 41 69 67 0.44845226
191 286 130 136 0.407617
716 89 152 144 0.28115252
61 74 80 75 0.24332015
657 72 24 26 0.14324027
1 -2 26 21 0.14292431
214 325 69 68 0.14082298
170 338 145 123 0.098652765
187 -3 36 21 0.06259604
318 -2 37 23 0.056641776
754 167 52 45 0.051237993
106 -6 32 22 0.037811544
142 298 205 179 0.03491639
926 625 103 78 0.023370476
