47_Matador_Bullfighter_matadorbullfighting_47_778
22
432 263 132 165 0.6791138
297 410 31 33 0.10329236
249 255 101 88 0.09221687
201 236 169 123 0.043689758
326 547 241 183 0.041629568
148 365 158 111 0.038769856
639 83 313 235 0.037114285
135 104 259 192 0.03407503
564 11 136 113 0.032220103
167 195 190 134 0.031041687
386 216 231 215 0.030761898
97 188 115 96 0.029224383
533 112 120 106 0.028828755
392 56 185 145 0.02662695
282 281 50 46 0.026377093
422 284 90 99 0.02633733
708 512 23 23 0.025440067
663 215 119 94 0.021778459
691 184 208 154 0.021593578
346 75 132 105 0.021402018
829 166 149 118 0.020876179
293 97 161 136 0.020872366
