4_Dancing_Dancing_4_489
28
173 243 62 55 0.996240496635437
307 72 51 46 0.9922886490821838
537 233 54 47 0.9916480779647827
687 34 43 34 0.990691065788269
388 245 56 44 0.9837720990180969
600 212 64 54 0.978762149810791
743 108 58 48 0.9773887395858765
905 50 36 34 0.9699030518531799
195 78 37 47 0.9660466313362122
265 244 70 53 0.9659141302108765
411 134 40 45 0.9618361592292786
779 245 43 44 0.9585331082344055
970 17 23 18 0.9545074701309204
266 142 31 37 0.9452705979347229
898 125 59 66 0.9196924567222595
129 125 45 40 0.9133008718490601
658 105 58 47 0.9096986651420593
488 115 35 36 0.8984654545783997
532 60 46 47 0.860088586807251
755 43 31 29 0.8399057388305664
703 289 49 44 0.8381755948066711
922 13 23 21 0.7896416187286377
821 110 43 49 0.7809350490570068
616 86 32 33 0.7731612920761108
429 65 30 39 0.7364404797554016
806 27 36 32 0.7354198694229126
802 18 46 41 0.6241140961647034
906 147 48 39 0.5859050750732422
