4_Dancing_Dancing_4_240
24
107 160 64 64 0.8533267
394 217 61 62 0.81049323
523 171 69 65 0.80505323
679 124 64 67 0.80133843
253 193 60 66 0.6438066
832 103 64 71 0.60757977
230 193 107 76 0.355446
112 25 40 30 0.16094123
304 230 45 40 0.13900314
847 110 35 51 0.13842829
119 594 28 30 0.119930886
839 126 35 27 0.09020639
108 587 51 47 0.089934535
402 222 33 51 0.069588244
179 93 25 26 0.043903746
287 217 66 48 0.04352709
233 172 131 123 0.036455676
187 98 16 17 0.034719113
627 103 123 105 0.031379588
533 182 28 40 0.02993581
199 195 96 77 0.026499026
810 203 87 83 0.023343593
105 67 23 22 0.022541778
255 198 34 54 0.02167549
