4_Dancing_Dancing_4_319
16
732 49 41 49 0.9907151460647583
151 61 25 29 0.9835470914840698
475 57 26 32 0.9834946990013123
319 47 31 38 0.9716485142707825
967 85 32 41 0.9660698771476746
216 166 28 29 0.9658672213554382
8 16 23 34 0.9375059008598328
957 24 30 36 0.9362589716911316
410 71 27 36 0.9326188564300537
547 41 36 37 0.9112428426742554
101 81 29 30 0.9083671569824219
321 14 20 27 0.8964952230453491
599 -2 24 33 0.8734652400016785
216 25 23 27 0.8633322715759277
681 57 23 25 0.5112292170524597
551 34 30 36 0.505135178565979
