4_Dancing_Dancing_4_156
26
156 16 40 37 0.6298711
900 17 70 75 0.6132242
497 39 90 93 0.47815937
132 -6 85 81 0.33550736
653 6 57 53 0.26634207
79 14 58 47 0.16078593
243 15 31 26 0.12493916
287 7 48 54 0.104001366
276 178 81 74 0.08913924
528 69 73 75 0.08776157
236 25 16 16 0.08529518
758 3 32 29 0.08033058
292 20 59 76 0.068899654
188 45 41 38 0.045426782
299 193 31 37 0.043172378
8 9 53 43 0.042912487
130 314 55 57 0.039592832
586 411 182 196 0.03629011
206 43 61 64 0.036184583
82 34 44 38 0.035767652
983 30 37 52 0.026530247
678 316 215 230 0.023091193
967 317 61 79 0.022810135
262 3 28 22 0.021879207
483 204 81 75 0.02165858
900 -8 108 105 0.020888897
