4_Dancing_Dancing_4_422
28
551 81 114 124 0.6259014
508 89 116 106 0.43900254
343 377 143 146 0.26614064
673 400 42 40 0.20198636
298 400 112 104 0.19358307
327 340 203 213 0.07937441
680 644 35 40 0.06639919
399 387 101 120 0.05993682
529 39 204 185 0.04815596
837 441 24 24 0.044174183
648 412 74 67 0.041308984
681 382 60 50 0.04103579
654 625 74 80 0.040884644
658 393 57 65 0.038274232
546 226 207 220 0.03601683
124 588 173 156 0.03469876
637 92 204 182 0.030437754
489 291 211 200 0.028854148
265 63 310 338 0.027772792
514 452 58 65 0.027282126
636 504 88 119 0.026186472
832 434 41 39 0.026056673
250 372 143 148 0.024997003
401 739 15 12 0.024235819
551 394 160 156 0.02356535
457 247 306 286 0.022824613
606 433 66 76 0.021900898
961 451 19 20 0.02134898
