4_Dancing_Dancing_4_41
40
23 408 17 17 0.3782898
249 389 20 18 0.37023988
95 404 18 17 0.34256515
587 97 57 57 0.32870534
225 367 16 15 0.305811
520 86 91 97 0.24778964
193 395 19 17 0.21909633
36 379 23 27 0.2091983
173 362 20 16 0.1622328
147 393 25 23 0.15881532
126 375 12 12 0.15320055
179 371 14 15 0.14636433
103 396 19 18 0.13956149
54 365 18 17 0.13724227
537 99 55 74 0.13079107
46 364 18 17 0.12958476
87 396 27 22 0.12422838
27 395 17 17 0.10922975
113 362 19 16 0.097021006
611 100 32 30 0.08920859
470 103 43 45 0.07528677
565 103 83 90 0.06501015
132 389 10 8 0.057736523
308 381 21 18 0.051840365
14 389 16 16 0.0449494
605 99 24 24 0.038505394
205 130 23 23 0.036032632
3 372 14 12 0.034041654
111 345 22 21 0.033963602
308 365 20 16 0.033068687
177 396 15 16 0.030216109
111 405 14 15 0.029720541
374 128 25 25 0.02727272
287 318 63 54 0.02623423
307 371 10 9 0.02605236
169 447 229 179 0.025242317
64 122 42 35 0.024722386
175 370 9 7 0.023481997
216 180 103 84 0.023370858
384 363 15 14 0.02086446
