4_Dancing_Dancing_4_53
18
388 233 83 96 0.79379994
95 216 82 105 0.77543074
292 196 69 82 0.7453338
558 286 82 76 0.6735606
365 205 129 152 0.34816933
268 170 114 125 0.25399166
539 262 112 123 0.24414678
578 290 35 53 0.07371699
470 256 171 165 0.043367658
396 254 43 52 0.040401157
233 456 102 125 0.039234575
88 167 136 154 0.033793185
545 295 64 65 0.033009935
144 171 81 130 0.029298821
580 261 112 96 0.027583804
701 234 186 186 0.024316922
423 256 58 80 0.022852713
479 240 229 231 0.02047815
