10_People_Marching_People_Marching_10_People_Marching_People_Marching_10_People_Marching_People_Marching_10_933
17
516 184 21 13 0.504856
541 153 25 16 0.42447624
546 290 20 12 0.24111925
994 303 21 17 0.06378354
539 285 37 21 0.0605017
433 59 183 103 0.059363913
538 160 37 25 0.053005062
312 334 118 59 0.040306862
790 215 89 49 0.04012532
974 139 41 35 0.039853763
999 304 15 12 0.032215964
542 140 26 20 0.028745914
-26 111 151 92 0.026006902
764 376 140 65 0.023647917
339 347 45 26 0.023343202
440 80 88 62 0.022553507
729 369 207 93 0.021309894
