10_People_Marching_People_Marching_10_People_Marching_People_Marching_10_People_Marching_People_Marching_10_1024
120
966 1908 29 110 0.5401949
890 1668 28 100 0.52742076
217 1930 77 157 0.4845918
931 1777 22 71 0.47049242
734 1814 43 131 0.4610774
991 1743 21 91 0.43451637
519 1829 26 83 0.4013406
375 1886 38 100 0.36011282
807 1765 30 105 0.35259682
872 1775 19 66 0.29581007
12 1691 44 147 0.28785136
897 1692 16 57 0.28349796
769 1738 19 64 0.2780313
817 1771 25 77 0.27540284
186 1739 26 79 0.23433626
227 1715 24 84 0.23286511
228 1689 38 104 0.222172
626 2009 41 77 0.20171408
922 1754 38 121 0.17608084
557 1774 15 49 0.16926481
931 1279 29 104 0.16382998
602 1763 13 44 0.16329116
191 1861 112 273 0.13881323
589 1896 23 70 0.12878387
84 1681 32 93 0.123755686
458 1821 16 51 0.11439216
0 1651 64 232 0.107320935
854 1687 30 90 0.10016747
552 353 26 67 0.09753435
606 1941 30 68 0.09378577
970 1903 41 129 0.09348545
627 1827 14 41 0.09101125
986 1066 17 63 0.090609655
713 1755 8 29 0.08519295
642 1983 52 113 0.08408962
98 1699 22 64 0.08101182
712 1067 10 31 0.07922763
641 1762 9 26 0.07913972
317 322 13 42 0.07758127
278 2252 84 252 0.07265309
466 1791 13 44 0.068701036
675 1776 10 26 0.06765766
737 1745 21 63 0.0657681
999 1082 16 55 0.06398474
754 1770 23 69 0.061020214
686 1761 11 37 0.060662396
387 1779 29 88 0.05995475
649 1994 32 89 0.05954055
860 1709 15 50 0.058207463
237 365 9 26 0.05634949
534 1794 19 60 0.054248247
193 371 8 23 0.05287427
24 1681 39 110 0.052782927
516 1762 12 42 0.05097863
549 353 8 28 0.050872006
469 1912 28 78 0.049565196
278 1880 65 157 0.04898923
591 1875 24 56 0.048165716
44 1016 13 35 0.04681887
415 1797 18 46 0.046358913
239 359 6 20 0.04591907
394 1896 32 73 0.041454915
388 391 7 21 0.041422427
347 1813 83 178 0.040903077
397 373 8 24 0.04073372
449 1805 16 43 0.040705863
347 1756 14 37 0.040509075
277 1047 8 25 0.039707936
79 310 9 32 0.03715025
136 722 152 438 0.03631277
68 287 21 58 0.035417255
616 1772 17 59 0.035018977
766 1837 31 84 0.034911595
464 359 5 17 0.034375455
494 1711 18 57 0.034005884
5 976 12 34 0.033870153
788 1058 7 19 0.03327693
609 1931 83 221 0.032828167
0 2248 23 69 0.03212685
591 351 13 40 0.031239256
50 352 13 36 0.030575592
196 908 67 165 0.029488496
905 1763 17 76 0.029161772
55 303 14 35 0.029143954
400 1819 39 93 0.028875317
372 1759 29 74 0.028692229
343 1846 99 271 0.028445877
483 362 5 16 0.028120877
180 352 6 21 0.027378565
950 1817 83 280 0.02663956
124 1018 10 32 0.026318487
48 306 11 37 0.026200159
983 1802 33 114 0.02613728
667 772 107 332 0.025953213
148 813 90 257 0.025562074
961 1809 28 95 0.025208553
501 1765 5 16 0.02516513
864 1784 9 26 0.024617003
772 1726 10 35 0.024329798
254 1713 20 55 0.02425871
321 1738 15 50 0.024021767
233 1008 11 28 0.02397737
647 1032 5 13 0.023775686
575 2276 76 220 0.023744384
530 1850 10 40 0.023720277
228 1058 8 22 0.02358401
198 2232 102 302 0.023106985
937 2272 82 221 0.02259735
191 1064 8 23 0.022477496
231 2280 62 201 0.02111729
82 376 8 22 0.021108495
328 357 8 21 0.020979626
296 1046 13 30 0.020717273
374 1852 68 187 0.0206818
968 1777 19 55 0.020670598
700 707 153 458 0.020595426
622 1891 129 368 0.020458193
176 1052 7 21 0.020346781
476 1042 11 28 0.020094484
739 383 12 29 0.02006459
