10_People_Marching_People_Marching_2_36
110
811 334 30 32 0.50572556
91 309 18 20 0.3734086
34 290 15 14 0.3161438
951 335 36 40 0.31075373
707 275 23 26 0.2816017
476 313 25 22 0.26844415
439 306 28 27 0.23348
663 264 35 35 0.23244116
13 311 17 20 0.22731419
896 304 16 14 0.22345695
775 284 23 28 0.22085062
811 292 32 28 0.21077545
1005 298 9 10 0.2107276
471 318 31 34 0.1895447
25 298 16 18 0.17519383
47 410 18 18 0.1700775
111 284 29 25 0.16917427
755 328 21 23 0.15524714
855 297 11 13 0.15436718
166 308 18 21 0.14717762
328 516 15 17 0.14511193
999 285 18 22 0.14444837
963 287 10 10 0.14441326
908 297 20 20 0.13293304
49 234 18 20 0.12896574
929 299 9 11 0.12626174
150 305 21 22 0.12509458
227 323 27 28 0.12507385
837 292 17 19 0.12350786
780 286 15 16 0.11984287
487 229 13 14 0.11399471
112 415 16 17 0.112049066
462 308 24 25 0.10774877
627 283 26 23 0.106104285
860 295 7 7 0.10185587
106 302 20 20 0.098896064
109 413 14 15 0.09691504
42 409 11 14 0.091330394
318 504 20 21 0.09016445
125 303 17 17 0.0898678
825 292 10 12 0.08694858
272 332 22 21 0.085510135
381 300 22 24 0.08529866
611 334 18 19 0.080158964
400 305 22 20 0.07829232
305 342 31 30 0.07712186
534 339 29 30 0.07376629
596 276 11 12 0.07248554
529 292 8 9 0.07054709
816 347 21 22 0.06366923
316 288 23 23 0.06290964
530 355 15 14 0.059056446
543 290 17 17 0.05733151
654 308 26 22 0.05599449
967 299 12 10 0.055512603
739 327 28 25 0.053195447
247 330 24 28 0.050756276
289 351 26 24 0.04884895
179 326 20 24 0.04861597
567 294 7 7 0.048024897
189 454 13 15 0.047686435
672 292 61 60 0.047485422
99 271 73 75 0.04602964
388 329 24 27 0.044055387
700 312 16 13 0.043555364
782 293 21 22 0.042605374
195 316 17 15 0.042411227
615 288 18 20 0.041260414
257 294 18 19 0.039855197
444 452 14 16 0.039841566
768 329 20 19 0.037709597
474 307 51 55 0.037046257
978 288 13 17 0.036730204
306 283 15 16 0.03640161
509 246 22 22 0.034751225
263 313 73 73 0.03432554
792 300 81 74 0.03262771
256 335 62 56 0.032421887
38 297 12 14 0.032364495
957 341 21 20 0.03175968
399 290 63 64 0.031294025
942 292 6 6 0.03111271
744 297 64 54 0.030793374
295 491 23 20 0.030094726
572 492 15 18 0.027968662
679 329 19 21 0.0270729
206 461 11 14 0.026642716
241 311 49 52 0.026606496
329 356 29 24 0.026455529
193 325 26 23 0.026271183
518 491 13 14 0.025843969
371 286 49 47 0.025577195
416 453 12 15 0.02555763
440 295 49 54 0.025456779
166 328 15 17 0.025123933
966 392 12 14 0.024879409
212 314 38 43 0.02485849
224 462 20 22 0.024760723
635 304 9 8 0.0246814
559 5 156 83 0.023767237
689 282 20 26 0.023692384
734 298 38 34 0.023628736
482 278 20 20 0.023291117
330 499 17 21 0.022769403
408 385 23 28 0.02240261
372 305 16 14 0.021790477
773 510 120 142 0.020698804
121 390 17 18 0.020573905
204 299 49 48 0.020502541
672 262 99 90 0.020107027
