10_People_Marching_People_Marching_10_People_Marching_People_Marching_10_447
126
563 760 23 47 0.40619385
561 623 27 55 0.36518514
21 456 16 33 0.31180644
962 391 26 52 0.2919258
466 467 22 39 0.28690717
565 635 16 38 0.2811935
137 803 9 19 0.26709494
149 873 26 52 0.2588058
234 648 21 41 0.24152295
472 475 18 48 0.23488322
312 865 19 38 0.23201671
125 792 18 39 0.22413279
218 879 17 33 0.22276416
93 880 18 36 0.22264992
239 654 11 23 0.16873477
40 782 17 36 0.16741224
35 762 32 68 0.1615243
849 658 23 42 0.15996566
573 282 8 17 0.15586802
159 881 16 34 0.15541275
174 822 18 35 0.15076016
528 360 11 20 0.14076486
179 823 25 48 0.13158973
76 750 7 18 0.1241566
37 680 19 43 0.12286899
646 681 14 27 0.1214627
41 669 23 45 0.12089734
813 123 18 40 0.11512926
154 677 10 19 0.11410643
71 448 19 41 0.11233707
25 466 19 39 0.10670416
384 238 19 36 0.10488222
89 198 8 18 0.09535652
840 249 8 19 0.095201686
700 662 12 25 0.09031051
635 686 17 38 0.090174116
391 659 17 38 0.08973984
414 449 17 39 0.08837969
769 112 9 18 0.0838191
315 669 14 29 0.077959985
243 819 19 38 0.07458052
199 128 10 19 0.07295108
335 172 13 25 0.07279699
80 657 12 24 0.071984686
192 14 13 23 0.07149716
329 472 18 36 0.07090107
680 762 34 61 0.06893323
391 823 22 41 0.068337746
738 334 13 24 0.06266766
163 738 4 11 0.06205752
418 454 9 18 0.059612066
662 705 20 39 0.05926817
196 664 6 14 0.058661804
393 898 19 39 0.057744194
335 239 15 28 0.056633774
489 336 12 22 0.056051433
677 674 22 42 0.055045173
340 358 12 26 0.05491134
148 172 19 39 0.052350443
478 467 14 22 0.050924174
556 667 13 31 0.04951064
36 883 22 45 0.049403075
972 480 10 18 0.048978142
879 472 9 18 0.04856869
116 127 14 27 0.04816562
226 346 15 23 0.04530851
563 650 11 25 0.04446036
638 712 17 29 0.044186577
863 470 13 22 0.043281913
300 245 9 16 0.043219283
769 366 10 16 0.042452075
155 391 16 30 0.042027146
255 822 12 28 0.04165475
844 357 8 16 0.041255653
529 292 7 15 0.03986662
995 133 16 38 0.03837913
10 246 10 21 0.037608143
604 600 12 28 0.03752571
54 509 18 28 0.037137058
527 504 20 37 0.037056904
459 484 17 32 0.036770582
97 887 10 23 0.03627677
314 793 17 34 0.034976944
577 778 5 14 0.034830358
317 666 6 14 0.03455942
461 302 9 17 0.033352993
775 279 18 32 0.032142363
325 161 22 42 0.031807456
520 431 25 47 0.03133956
564 341 10 18 0.03126636
970 472 20 38 0.029795349
266 74 16 26 0.02975084
326 499 30 64 0.029551711
373 568 18 37 0.02949581
319 198 11 22 0.029147618
537 350 19 35 0.02910482
951 645 36 68 0.029038012
462 273 19 37 0.028492786
705 386 8 16 0.028156552
332 507 13 26 0.02811394
341 550 12 21 0.028092222
387 664 11 22 0.027692357
769 186 11 19 0.027306229
85 692 12 27 0.027222082
433 682 23 51 0.026911154
773 392 10 20 0.026724229
661 685 18 33 0.026623724
403 935 21 35 0.026467273
418 5 23 40 0.025464432
963 589 25 53 0.024921881
454 357 5 10 0.024518708
145 353 19 31 0.024403896
229 819 29 58 0.023689494
897 256 7 12 0.023481052
814 335 7 11 0.023449617
919 607 37 66 0.023292564
852 20 12 19 0.023182381
686 604 20 37 0.023147216
5 331 17 39 0.022123205
231 82 8 12 0.021760745
921 664 15 28 0.021600636
773 688 18 40 0.021592485
677 518 10 20 0.02136284
110 71 20 35 0.021338882
190 613 10 19 0.02064129
972 375 18 39 0.02033622
