10_People_Marching_People_Marching_2_173
48
796 507 24 37 0.4795448
865 518 9 10 0.2525889
880 581 29 33 0.23404573
746 499 19 19 0.19732243
801 518 12 19 0.1507846
455 498 10 9 0.15059456
313 493 9 9 0.13114676
884 588 18 16 0.12967315
671 503 15 14 0.12094645
824 567 23 28 0.113574386
845 605 8 9 0.113518886
488 502 14 12 0.11104691
521 501 8 8 0.087804876
679 500 12 13 0.07500935
642 497 8 9 0.070582435
258 491 9 9 0.068896815
345 485 11 10 0.0652157
783 518 18 16 0.06227753
347 495 7 5 0.060373742
376 497 3 3 0.06033117
815 493 16 17 0.05846843
567 503 6 6 0.05778018
862 509 16 17 0.057077475
419 498 4 5 0.056866065
819 476 14 15 0.04746611
571 479 15 13 0.043092582
829 606 9 11 0.040541753
268 495 6 6 0.03905287
990 501 9 12 0.037754346
824 573 14 15 0.034868795
702 498 5 5 0.034162007
593 485 6 9 0.03414204
340 486 8 9 0.033292413
921 502 11 12 0.032720264
794 513 17 27 0.032369573
343 512 21 23 0.032132242
318 488 7 7 0.0320498
744 531 14 13 0.031080699
467 495 9 12 0.030742088
10 745 21 19 0.029441567
452 687 139 117 0.029270647
590 485 7 6 0.028606314
426 485 6 6 0.027406627
194 344 12 12 0.024881616
330 493 7 9 0.024840413
633 524 15 15 0.024319762
859 589 238 203 0.020275274
-36 213 131 136 0.020205785
