10_People_Marching_People_Marching_2_277
56
621 187 37 37 0.5223576
367 182 36 37 0.40937012
761 192 22 20 0.36777446
327 180 23 22 0.3624254
51 183 56 57 0.33578786
332 184 13 15 0.27634186
232 172 17 19 0.2740536
35 205 169 171 0.24302737
265 169 20 20 0.21694605
385 186 22 23 0.20334706
434 188 24 25 0.20229666
688 196 18 17 0.16515172
17 194 26 29 0.15611786
40 200 38 42 0.15058488
922 188 21 20 0.13648494
336 139 16 17 0.12870328
385 255 16 19 0.12129723
383 248 19 20 0.11603574
39 186 49 47 0.1018527
831 194 16 15 0.10020506
816 193 17 16 0.093598194
17 204 13 14 0.09307849
912 191 15 15 0.09047608
412 186 32 29 0.08697102
516 200 16 16 0.08243185
699 197 14 16 0.08232538
248 171 17 20 0.07477012
849 192 20 18 0.07090696
122 134 13 13 0.066125266
53 171 88 81 0.058443293
676 198 18 16 0.054761074
95 254 51 71 0.054302204
163 179 19 19 0.05152533
555 176 13 11 0.051435906
224 378 41 38 0.044977225
464 185 16 17 0.044391558
843 233 12 13 0.043079454
460 238 18 20 0.042536594
747 196 14 13 0.04064688
983 190 14 14 0.035293728
553 324 12 14 0.035018492
487 180 10 9 0.033705644
97 296 40 39 0.03354383
558 400 27 30 0.033443283
90 230 86 99 0.030881485
194 325 70 68 0.026464375
538 188 15 15 0.026268866
484 190 8 7 0.02522364
30 181 72 79 0.024802508
640 380 87 93 0.024146112
883 195 12 10 0.023090206
303 562 145 131 0.02202774
-43 348 112 102 0.020538427
338 180 9 9 0.020436317
197 321 130 126 0.020373883
636 169 59 54 0.020142373
