10_People_Marching_People_Marching_2_236
41
463 164 33 31 0.62399435
473 116 18 16 0.47644338
710 120 15 14 0.33068463
33 121 18 19 0.31558552
605 117 14 13 0.31032357
142 114 16 16 0.27019012
301 212 15 15 0.23559816
134 112 16 18 0.20463173
478 123 7 8 0.202483
548 124 17 14 0.17869113
902 125 16 13 0.13363262
554 126 14 14 0.12504418
18 123 13 13 0.109316126
713 126 9 9 0.10718201
914 124 13 15 0.10708062
970 121 19 18 0.10088729
611 123 5 5 0.09908584
979 305 30 26 0.091261916
609 115 11 9 0.08535456
146 120 7 7 0.07088025
140 120 6 6 0.060010944
699 113 14 12 0.057736333
2 129 6 6 0.054609492
138 116 11 9 0.04732245
743 123 16 14 0.046335403
309 213 10 10 0.043752845
930 327 17 17 0.039889395
278 226 19 19 0.037618585
813 134 10 9 0.037046257
831 129 12 11 0.03632171
306 219 8 9 0.03256164
820 203 15 14 0.03122724
697 191 18 18 0.028146438
733 128 10 9 0.026875466
851 128 12 9 0.023247458
954 114 45 47 0.022463152
476 116 9 9 0.021689486
869 50 35 33 0.02166035
562 164 22 28 0.021372588
210 568 220 169 0.020923205
909 105 25 23 0.020040674
