10_People_Marching_People_Marching_10_People_Marching_People_Marching_10_524
50
578 183 64 57 0.7090957
837 145 60 55 0.6529663
62 152 66 66 0.54769456
278 217 43 43 0.44780138
88 153 46 49 0.34828955
879 141 70 61 0.2760144
112 149 37 37 0.21564384
153 213 41 41 0.20214261
968 136 49 66 0.19217575
548 165 101 95 0.13052015
7 158 35 46 0.12077252
501 243 27 31 0.11838599
500 248 20 19 0.106602825
265 203 66 66 0.096585415
177 156 27 29 0.09652494
592 168 66 64 0.08233321
32 213 40 48 0.07989086
492 250 23 22 0.07583724
557 491 23 27 0.07557916
373 235 21 20 0.06062251
64 128 101 91 0.059470203
724 197 38 50 0.054380253
90 53 29 24 0.05030509
217 161 38 45 0.050211076
397 116 112 103 0.042911418
945 96 70 94 0.04271512
525 147 25 28 0.04250683
698 206 39 42 0.041150123
316 313 29 28 0.04033525
512 79 25 27 0.039913468
351 235 19 15 0.039098065
601 191 47 43 0.038201306
547 150 16 19 0.03796519
468 221 51 45 0.03748673
682 246 45 40 0.03730998
5 129 21 27 0.03716828
153 196 34 38 0.036719304
694 251 39 28 0.035554785
441 148 63 59 0.03520182
388 125 74 80 0.033264846
160 229 21 18 0.031568058
218 167 135 117 0.03040762
655 132 26 30 0.030147754
711 184 58 67 0.029040392
49 227 33 33 0.028128322
613 155 50 44 0.027939789
658 146 38 36 0.02781194
564 169 64 62 0.024592513
943 142 56 52 0.022394676
66 131 73 60 0.022182275
