10_People_Marching_People_Marching_2_401
143
86 518 76 66 0.82112724
665 420 52 47 0.7474619
18 413 58 60 0.74479866
797 287 43 42 0.7191951
537 492 74 67 0.7165132
719 381 52 50 0.70568144
331 406 76 80 0.70540553
725 302 45 44 0.7047116
853 496 110 131 0.6716934
625 532 97 95 0.6684003
191 354 61 62 0.60227406
660 268 35 33 0.59944046
104 396 28 29 0.59902495
-9 354 35 46 0.5561052
94 278 46 43 0.55022967
915 266 34 31 0.52967477
246 269 30 28 0.52368605
37 289 36 31 0.49976206
854 259 28 26 0.49747366
781 346 70 96 0.45526987
736 221 34 34 0.45272097
191 270 20 20 0.4430079
624 254 32 32 0.4213637
570 271 22 20 0.40208486
489 273 22 21 0.3973307
840 251 36 36 0.39536658
379 313 33 31 0.3886878
255 278 13 15 0.3654459
212 305 31 30 0.36499974
355 335 31 31 0.3491339
67 325 23 23 0.34642017
700 240 16 15 0.34532312
205 360 33 50 0.34084737
287 299 19 19 0.3400685
479 260 33 36 0.33836612
423 245 18 18 0.32743984
792 358 44 70 0.3268757
748 261 32 29 0.3002589
545 245 15 19 0.2875989
216 310 19 20 0.26809293
83 287 48 42 0.24735332
646 355 32 36 0.24364527
27 263 23 21 0.2420602
293 295 23 22 0.23655029
873 500 67 62 0.2276689
650 361 23 25 0.21924268
316 277 9 10 0.21755604
144 393 34 33 0.20594369
494 272 25 26 0.2018
682 428 30 31 0.19644141
732 392 28 31 0.19504568
354 282 11 10 0.18471842
195 313 26 29 0.18253964
749 220 25 25 0.17969689
664 409 67 73 0.17765117
613 253 26 27 0.17470223
353 255 11 11 0.16435362
500 344 56 62 0.15943035
379 251 16 16 0.146467
147 400 23 20 0.14257108
227 374 48 48 0.131599
487 247 13 12 0.1284539
60 326 41 40 0.12729308
516 247 14 13 0.12497351
987 288 30 36 0.12040744
634 256 12 11 0.12002208
560 516 34 28 0.11654235
36 269 11 12 0.11321659
325 347 35 34 0.112857796
924 246 17 16 0.10699431
675 252 30 28 0.10268099
915 255 25 30 0.10086675
865 472 83 118 0.09483872
303 263 39 27 0.0935661
981 222 23 24 0.09102638
441 216 24 21 0.08607904
78 274 19 16 0.08247049
312 352 45 41 0.08025679
808 257 36 39 0.07489311
549 291 39 37 0.07433604
346 436 36 34 0.06990168
626 227 23 18 0.06917121
986 255 16 19 0.06660057
347 341 29 24 0.064266495
666 244 19 17 0.06407133
217 303 23 19 0.062182173
10 387 34 46 0.05957305
820 249 20 20 0.057713993
595 248 18 17 0.056215145
732 310 29 29 0.054865465
593 600 33 33 0.05390639
106 529 46 46 0.052788746
313 255 7 7 0.051275395
989 232 12 12 0.050440338
776 354 47 58 0.049955875
535 438 56 61 0.04965769
709 218 14 16 0.049411796
23 274 10 11 0.046532407
616 228 15 14 0.04376032
593 230 19 13 0.04226819
765 272 25 22 0.042166676
854 250 25 25 0.04127277
778 203 12 12 0.040088993
395 247 20 23 0.040030114
74 281 14 10 0.040003642
77 284 32 31 0.039499033
306 394 48 52 0.0393281
324 264 27 23 0.038911458
168 268 18 19 0.037528653
637 573 65 49 0.037331514
670 231 13 11 0.036605813
899 246 13 14 0.03501697
740 246 19 18 0.033736352
508 355 39 39 0.031154444
56 322 24 25 0.031122742
336 292 12 11 0.03062933
539 253 20 22 0.029274488
230 273 25 24 0.028706824
905 273 38 46 0.027042922
506 418 107 102 0.026600644
520 386 46 53 0.026267828
822 202 14 11 0.025562422
430 249 7 7 0.025078466
456 350 45 45 0.024657218
359 415 57 57 0.024486432
416 224 22 20 0.024386363
871 263 23 25 0.023957502
880 538 153 130 0.023554102
656 251 133 119 0.023461571
844 244 51 58 0.023342984
961 349 19 24 0.023032501
204 385 15 14 0.022483295
692 222 14 14 0.021857115
757 177 30 26 0.021797052
671 281 27 29 0.021752741
359 284 7 9 0.021690253
1000 279 11 11 0.02149878
400 317 29 25 0.021388546
613 486 179 161 0.021084227
457 222 12 12 0.021033537
-1 327 14 15 0.020900441
509 469 102 99 0.020335227
302 408 138 112 0.020295836
