10_People_Marching_People_Marching_2_256
21
444 224 88 79 0.8201269
817 162 60 51 0.79290473
954 166 49 44 0.7628204
319 221 80 72 0.72227806
705 150 63 49 0.6979932
158 203 106 77 0.48447627
162 158 121 140 0.31467542
940 162 83 56 0.20990218
148 244 39 43 0.1839714
562 253 89 61 0.118158646
-2 244 61 128 0.09294776
137 226 58 56 0.0738604
515 -5 38 24 0.047839805
363 400 132 84 0.045772474
170 217 57 51 0.042139646
403 224 165 112 0.034974504
450 234 42 43 0.034877717
817 149 90 71 0.028462674
418 244 101 74 0.026728384
819 175 39 31 0.02085596
171 199 53 50 0.020621281
