10_People_Marching_People_Marching_10_People_Marching_People_Marching_10_69
331
155 556 23 25 0.6323139
684 658 29 30 0.62019485
92 561 27 28 0.5777275
591 658 28 28 0.5696081
115 614 29 31 0.56736904
755 647 26 26 0.5378673
875 651 22 22 0.52452254
-5 655 22 28 0.5156171
747 576 22 23 0.50241387
884 483 22 22 0.47919077
48 595 23 23 0.4774921
263 561 31 32 0.4698096
927 573 23 25 0.45177865
603 552 30 28 0.44531265
85 512 20 22 0.4437079
688 486 25 23 0.4367239
815 662 29 29 0.41568986
632 497 14 14 0.4125767
99 569 16 17 0.39992028
961 633 18 21 0.39821306
162 516 17 21 0.35675454
8 612 19 22 0.3551383
378 415 16 18 0.35442868
224 525 11 10 0.35269207
761 442 20 19 0.3411057
437 622 24 22 0.32996643
843 482 6 10 0.32451043
233 354 16 17 0.32319623
180 447 16 16 0.32111287
843 615 16 22 0.31030464
978 333 18 18 0.3098113
830 608 25 23 0.301019
360 532 22 26 0.3008844
720 543 15 18 0.29454598
700 595 31 31 0.29268768
877 443 20 17 0.2914382
463 412 14 15 0.28994703
822 670 15 15 0.28761643
746 620 21 21 0.28591323
698 582 43 49 0.28329384
299 603 25 25 0.2831428
445 369 20 23 0.2815818
362 635 14 15 0.27753207
250 622 32 33 0.27164936
535 379 12 12 0.26082805
553 583 10 10 0.25595245
493 550 15 16 0.25472867
539 472 10 9 0.25432843
943 298 32 33 0.24718247
382 607 25 23 0.2454645
876 394 18 19 0.2429418
170 489 13 16 0.2414993
827 582 9 10 0.23874997
394 596 22 23 0.23766515
753 618 23 22 0.23362884
949 669 24 24 0.23297024
165 504 18 18 0.22704893
881 584 13 13 0.2269475
471 500 21 20 0.22626379
952 656 20 22 0.2247445
935 447 15 16 0.22367975
88 648 27 30 0.21942405
222 511 14 15 0.21786012
995 602 12 13 0.21723402
770 359 18 15 0.21399772
828 483 27 25 0.21172386
406 575 14 15 0.21060073
301 668 20 19 0.20515352
235 556 13 14 0.20462532
949 474 24 25 0.20454697
595 510 20 20 0.20089667
301 489 18 18 0.19997668
949 632 37 33 0.19836469
309 608 24 22 0.19751456
156 412 17 22 0.19737892
99 653 24 26 0.19678403
689 424 7 7 0.19572695
696 489 14 13 0.1923604
784 410 14 13 0.19138138
601 665 17 20 0.19027744
253 559 24 23 0.18692966
192 610 24 26 0.18396986
515 572 9 9 0.18243323
814 128 24 26 0.17635953
795 546 12 12 0.17177285
538 377 17 17 0.16980278
961 458 20 22 0.16727637
92 243 16 17 0.16680408
213 608 16 18 0.16672602
384 387 12 14 0.16654621
562 540 13 16 0.16260816
186 659 9 8 0.16155694
366 460 9 13 0.1601967
758 568 23 24 0.1589736
586 447 19 15 0.15798216
30 560 26 27 0.15769248
400 521 13 12 0.15023866
213 659 19 18 0.14948456
709 441 23 24 0.14857177
446 622 22 23 0.14823076
888 621 18 17 0.14813334
379 403 15 17 0.14772575
296 425 19 19 0.1464806
306 497 15 16 0.1423085
253 404 17 16 0.14121568
660 462 10 12 0.14091617
182 382 21 20 0.13790855
751 580 9 14 0.13664931
535 614 21 21 0.13575277
429 498 6 6 0.13248186
371 504 9 9 0.13240027
508 672 15 18 0.1321126
567 463 10 10 0.13199607
857 145 15 15 0.12988418
95 503 17 18 0.12967218
296 463 12 11 0.12962966
876 396 9 11 0.12927648
380 353 16 17 0.12903759
308 510 18 17 0.12822203
186 450 9 10 0.1271102
952 304 19 20 0.12680869
184 453 13 15 0.124276325
509 438 14 16 0.12417172
403 666 26 24 0.12302953
504 660 25 26 0.12191474
995 551 14 17 0.1209798
739 422 4 4 0.11865597
682 398 22 21 0.11712049
999 529 10 12 0.116907686
642 138 11 11 0.116198815
895 137 14 15 0.11520132
230 493 6 8 0.11507651
817 523 16 20 0.111988634
802 540 20 23 0.111085065
123 659 17 14 0.11022408
202 359 17 17 0.10954656
260 407 13 14 0.10808454
309 674 12 11 0.10574405
56 562 13 20 0.10559211
316 545 19 18 0.105150014
979 613 19 22 0.1035624
687 394 9 8 0.102631986
868 550 8 8 0.10029642
120 466 14 13 0.100208424
29 601 23 24 0.100005805
392 601 13 13 0.09917141
659 351 7 9 0.09776746
828 438 16 16 0.09729335
902 637 8 10 0.09706471
476 510 9 8 0.09640271
166 656 18 20 0.096140645
884 328 13 14 0.095031604
884 657 9 12 0.094949335
822 377 9 8 0.09398462
141 667 18 20 0.09173135
533 623 10 9 0.0900293
742 513 5 5 0.08919503
779 146 14 15 0.08852342
455 468 17 15 0.087382324
979 341 9 8 0.08727063
559 378 11 12 0.086093135
233 613 22 23 0.08601318
877 403 11 11 0.08233208
21 578 8 10 0.08210355
121 471 16 14 0.08164519
643 588 14 15 0.07920588
889 329 11 11 0.07874798
154 221 20 17 0.078567944
883 589 12 12 0.07842189
427 458 9 9 0.07807498
779 502 14 15 0.07798251
718 359 8 8 0.07766113
908 163 20 22 0.077000014
217 612 20 21 0.07580296
11 607 14 18 0.07543602
305 542 10 11 0.074448705
810 331 19 17 0.07332525
789 383 11 11 0.07228865
403 525 9 13 0.07162656
434 664 15 14 0.071038075
579 505 5 5 0.06956111
774 511 9 10 0.06755054
695 333 8 8 0.06741382
336 617 17 15 0.06732289
442 662 20 20 0.06531826
988 336 11 14 0.06522215
300 451 15 16 0.06497647
243 458 16 15 0.06411813
693 630 26 24 0.06387126
452 389 16 16 0.06344221
824 558 22 23 0.060763344
731 501 8 9 0.06072721
598 450 14 15 0.06070293
389 347 17 18 0.060179036
317 348 14 13 0.059987962
485 672 22 19 0.059658647
848 422 10 7 0.059240807
605 377 16 16 0.05885853
635 335 10 9 0.058624875
333 604 20 18 0.05777307
822 588 14 15 0.057380985
914 164 19 23 0.057022624
756 94 145 117 0.055863347
758 345 17 17 0.055541735
330 193 10 10 0.054879177
104 330 18 20 0.05485286
233 559 15 19 0.054483708
462 460 19 19 0.054355845
434 664 21 25 0.05405254
146 665 7 8 0.053545848
107 244 25 24 0.05306447
586 505 3 4 0.05290737
661 546 8 10 0.052437335
450 326 12 12 0.052037742
847 138 17 17 0.051993176
93 234 21 19 0.05146343
439 539 3 5 0.051449172
892 530 10 9 0.05078439
624 604 25 21 0.050141674
311 344 10 9 0.049472313
380 548 24 23 0.048395228
768 108 21 18 0.04837804
824 388 17 16 0.047740687
416 676 11 9 0.04772678
339 552 8 6 0.047448445
926 457 12 13 0.04588547
96 489 8 11 0.04543296
825 445 10 9 0.04540471
92 123 16 14 0.045151584
939 583 4 8 0.04467281
922 398 34 37 0.0444596
136 196 9 7 0.04241236
999 213 16 17 0.04227282
190 218 14 14 0.0421684
894 138 9 9 0.0418367
635 465 6 6 0.04133431
338 511 10 10 0.041128404
233 656 17 19 0.041107945
612 499 17 19 0.040877353
582 620 28 32 0.040459003
168 402 15 16 0.04024634
611 561 10 13 0.04005421
545 619 22 21 0.03981693
100 283 21 21 0.039751135
823 346 12 12 0.03945555
489 505 7 6 0.03942495
267 645 12 13 0.039414193
506 640 17 21 0.038883634
469 549 17 21 0.037436556
685 336 4 3 0.037003923
152 466 8 7 0.036828432
478 571 6 6 0.0361098
688 543 17 22 0.035842333
543 455 19 20 0.035646737
806 404 16 15 0.03556409
272 608 18 13 0.035335958
166 563 11 14 0.035254527
512 502 8 8 0.03501477
551 499 15 19 0.034805696
877 552 5 6 0.034669086
846 430 9 9 0.03449935
505 437 9 10 0.034361646
379 514 8 7 0.03376254
44 336 22 26 0.033205178
169 220 16 17 0.032951415
383 499 29 36 0.03273347
970 502 15 19 0.03220569
118 328 13 13 0.032124035
1008 577 7 10 0.031958032
887 450 4 6 0.03180874
739 309 17 16 0.031669673
230 461 15 16 0.03125199
541 549 5 5 0.031235412
342 385 5 5 0.030681785
710 311 10 8 0.03037019
952 516 19 16 0.030331928
681 666 21 23 0.030324435
320 391 14 15 0.03021381
53 501 15 19 0.029888382
749 504 14 14 0.029381545
405 460 51 36 0.028811539
296 417 10 11 0.028721888
114 394 18 22 0.028593907
895 461 9 10 0.02842453
903 571 19 20 0.028287768
397 507 19 20 0.028241081
824 368 8 9 0.028104097
502 644 12 11 0.02776151
707 172 8 9 0.027722957
797 105 61 71 0.027613668
336 470 9 7 0.027530158
952 476 14 13 0.02719953
758 118 6 5 0.027011363
308 392 15 12 0.02694652
574 523 8 7 0.026384646
291 659 17 18 0.026225466
339 358 6 6 0.025801854
226 194 9 8 0.025536003
81 192 15 15 0.025487447
844 481 4 5 0.025231492
646 580 15 13 0.02502644
44 224 17 21 0.024997277
224 550 36 36 0.024825113
164 556 7 11 0.024801314
735 316 8 7 0.02472373
371 178 10 8 0.02470374
976 606 14 15 0.024383897
701 492 7 8 0.024349764
638 358 6 5 0.024179624
201 413 12 14 0.023757823
889 588 4 5 0.023456873
920 546 7 10 0.023352737
239 410 5 5 0.022830097
768 309 20 17 0.022771545
115 221 11 11 0.022490015
929 331 12 12 0.022384703
812 659 11 14 0.022292914
138 487 3 4 0.022240872
310 351 8 7 0.022012116
117 187 14 15 0.021936793
307 200 7 6 0.021330878
599 381 6 7 0.021318648
874 302 104 82 0.021303536
421 538 13 12 0.021199444
916 334 55 47 0.021147799
999 537 7 9 0.021128934
701 122 10 8 0.021075297
951 136 19 20 0.020805655
166 489 25 24 0.020553868
160 139 25 26 0.020391205
687 341 14 14 0.020109216
