10_People_Marching_People_Marching_2_944
34
613 442 43 70 0.5654587
247 509 37 67 0.54307055
598 421 64 112 0.52383775
242 504 31 56 0.4192713
483 446 30 52 0.3777747
62 452 30 53 0.32333788
66 460 19 39 0.2734332
50 447 31 55 0.23621716
238 458 24 43 0.22956444
239 468 14 27 0.22300932
300 483 22 40 0.21955283
292 477 37 61 0.21227115
174 499 27 46 0.11514229
157 494 12 24 0.079939984
231 480 20 38 0.079689324
379 63 165 197 0.077144325
649 432 35 65 0.074354276
587 372 113 211 0.061335936
148 494 16 27 0.06061584
527 439 35 63 0.056177173
409 88 113 132 0.043825082
474 475 31 58 0.040169884
655 445 22 36 0.03614534
-67 -93 191 360 0.03482465
256 518 16 32 0.03411835
36 488 14 29 0.030742193
240 203 126 201 0.030648202
57 475 16 34 0.027852297
99 479 22 35 0.026566407
577 426 36 56 0.024258366
221 534 25 46 0.022785626
413 589 31 62 0.020881671
86 -14 62 94 0.020858651
597 69 101 116 0.020467872
