10_People_Marching_People_Marching_2_678
76
617 290 31 29 0.5941636
304 291 23 23 0.5726021
450 298 18 18 0.55869466
352 280 20 18 0.5190314
874 286 44 39 0.49652833
346 274 28 29 0.48391944
731 275 17 21 0.46912405
259 290 22 26 0.46262148
513 304 25 21 0.44265574
215 294 24 26 0.40125817
60 255 14 14 0.37943488
717 321 18 21 0.3708119
886 297 29 27 0.36720893
847 307 15 15 0.3438335
835 303 21 23 0.34133622
795 311 9 9 0.29733893
85 332 16 15 0.21032761
161 315 22 18 0.20919889
196 344 21 20 0.20405392
753 323 19 17 0.19810078
19 321 16 16 0.19539365
105 296 21 20 0.16620381
897 208 15 16 0.16214941
821 355 17 18 0.14998446
365 277 26 26 0.13855323
17 324 13 11 0.13438173
566 328 14 15 0.13066855
276 333 14 15 0.11956225
829 354 14 16 0.11763919
189 343 17 16 0.11680807
977 265 19 18 0.11428244
443 469 19 17 0.111483686
529 311 17 15 0.10965339
913 331 11 11 0.10701132
775 313 14 15 0.10291639
625 297 17 15 0.10278872
167 325 9 11 0.09590914
808 314 20 20 0.0874777
418 418 14 15 0.083937585
118 341 11 12 0.08086291
672 414 12 12 0.07786615
975 273 16 15 0.07244313
605 218 42 43 0.07110004
381 280 21 21 0.065324105
41 322 25 21 0.06500117
160 307 19 18 0.05774273
96 326 15 16 0.056844965
678 418 7 8 0.054476168
116 338 12 9 0.053045973
220 299 15 14 0.052523088
242 296 22 24 0.047839776
273 286 9 8 0.04186155
556 358 12 12 0.041817416
521 311 5 6 0.04098301
270 278 21 19 0.040575866
870 461 20 21 0.039822917
451 412 12 12 0.038349856
772 322 9 10 0.037697896
477 472 20 17 0.03617985
84 256 13 12 0.032684796
267 299 7 8 0.032532606
887 353 12 14 0.032436818
47 360 12 13 0.03073958
974 319 20 18 0.029595947
384 303 16 14 0.029454404
372 476 21 21 0.02857283
899 329 12 11 0.02772963
822 348 25 27 0.026854554
710 282 15 15 0.026601316
393 302 12 12 0.026519872
851 313 4 5 0.024362804
190 320 11 12 0.022517642
90 351 8 9 0.021281788
759 468 7 8 0.021109732
468 351 13 12 0.021098895
473 356 16 16 0.020272257
