10_People_Marching_People_Marching_2_373
18
137 507 58 44 0.9811922311782837
697 490 36 38 0.9618200659751892
250 469 49 44 0.9569501876831055
272 95 28 30 0.949648380279541
349 441 49 41 0.9457826614379883
162 389 40 35 0.9415522217750549
397 353 30 28 0.9292804598808289
108 433 33 31 0.9206525683403015
47 427 39 42 0.9123432040214539
304 544 45 32 0.9026779532432556
990 244 25 26 0.9025671482086182
808 298 39 33 0.8976711630821228
767 342 31 26 0.7871068716049194
280 371 33 27 0.7385040521621704
520 425 32 29 0.6953690648078918
368 111 23 20 0.6569573283195496
259 407 38 39 0.6528337597846985
764 283 27 25 0.5770383477210999
