10_People_Marching_People_Marching_10_People_Marching_People_Marching_10_368
44
719 116 75 78 0.80154824
508 217 71 57 0.76391774
850 177 86 78 0.75435406
44 103 62 76 0.6857989
591 136 81 78 0.6668455
443 187 70 65 0.65953934
177 97 79 84 0.65614396
650 187 60 49 0.63554585
389 159 58 48 0.6043211
371 155 60 61 0.48691913
345 163 51 56 0.44209144
323 151 79 83 0.4242772
286 173 71 67 0.40305075
-3 186 29 40 0.39759323
524 228 40 40 0.3811394
275 197 42 36 0.36469838
906 216 52 45 0.26395488
245 185 84 62 0.10738687
197 103 38 59 0.09239124
56 133 30 31 0.08685695
596 147 46 56 0.06945694
-12 172 49 52 0.058283113
652 195 68 64 0.053271268
356 155 110 76 0.049573734
918 224 47 51 0.043933548
576 226 34 31 0.04146036
433 167 135 121 0.039980575
458 212 31 27 0.03885494
723 139 45 41 0.03550972
536 505 78 76 0.035038535
55 108 29 48 0.032002095
931 215 47 49 0.031424884
399 426 135 98 0.029915914
409 168 27 29 0.028322313
710 94 97 73 0.02619825
31 123 39 36 0.0260246
281 208 48 43 0.02546819
163 109 67 60 0.023669329
189 120 53 56 0.023256011
561 136 135 111 0.0224042
685 112 78 79 0.022272894
686 113 143 110 0.021951132
260 142 121 86 0.021809882
323 188 75 55 0.02174938
