10_People_Marching_People_Marching_2_191
59
517 320 18 17 0.60058993
655 320 26 24 0.58239454
833 321 26 22 0.5650332
325 235 24 19 0.552455
378 239 19 18 0.54047954
738 320 31 28 0.532019
966 344 28 26 0.46941745
231 311 31 25 0.45348248
16 297 23 21 0.43379992
378 320 15 14 0.40007445
69 288 43 33 0.39784348
459 322 17 15 0.3860015
452 322 22 20 0.36732304
80 312 38 30 0.35413626
334 313 17 14 0.3218073
241 309 27 20 0.31743187
192 316 19 19 0.2746535
18 301 15 15 0.265088
489 332 24 20 0.256909
800 480 22 19 0.20033966
483 331 17 16 0.1826931
636 305 20 18 0.1771261
21 276 23 19 0.17566673
823 320 25 23 0.14564091
298 320 14 11 0.14359008
316 310 25 18 0.12234895
149 304 15 12 0.10744235
555 336 18 14 0.09624304
627 297 21 21 0.0816203
558 339 19 17 0.08002782
159 279 20 14 0.07568771
169 310 19 15 0.072094135
630 305 37 37 0.0706317
827 327 25 24 0.06995952
843 326 16 14 0.06708053
133 305 19 14 0.066307336
332 309 10 9 0.06605125
318 301 12 11 0.06364017
256 302 16 11 0.059444632
246 278 22 15 0.05741278
792 475 35 29 0.051891766
69 239 15 13 0.04626702
770 456 82 70 0.045947842
95 303 24 20 0.043236807
239 303 16 15 0.03801634
1003 485 18 17 0.035719648
459 334 9 9 0.034812503
657 326 16 15 0.03455996
133 313 17 13 0.034043208
823 330 19 18 0.0336345
33 277 20 15 0.032894734
484 320 10 9 0.031840105
241 315 16 14 0.028807957
1003 323 20 19 0.026677728
333 241 7 10 0.024354475
189 305 10 10 0.02358265
989 333 33 28 0.023299731
274 321 16 11 0.023047533
984 472 31 31 0.020133328
