10_People_Marching_People_Marching_2_269
40
762 240 38 26 0.7131417
751 233 61 41 0.262476
240 213 10 7 0.22655891
334 201 13 8 0.20425652
201 220 9 7 0.11538186
5 219 12 8 0.1116746
189 217 12 10 0.106517404
74 222 10 6 0.08858078
56 219 11 7 0.06072389
98 200 16 10 0.05971478
88 217 10 8 0.042335726
227 200 23 16 0.041715734
410 200 8 6 0.039919265
853 180 17 9 0.039291184
960 389 20 13 0.03911559
733 289 12 11 0.035533063
996 356 14 12 0.034215856
418 199 11 6 0.032349937
693 96 87 66 0.031937446
241 205 10 7 0.030952936
1009 396 16 12 0.029593121
119 218 7 4 0.029549604
692 226 19 12 0.027726686
751 121 22 16 0.027452359
510 434 86 61 0.026468858
88 201 21 13 0.026347145
617 36 103 79 0.026312029
982 357 19 15 0.025579626
879 200 9 6 0.024839332
712 187 11 6 0.024782607
602 197 10 7 0.024539707
345 47 132 74 0.024354935
387 205 8 4 0.024294334
744 198 13 7 0.02352261
139 270 72 47 0.022310033
610 195 14 8 0.022119237
24 150 45 29 0.021955743
517 91 122 73 0.021498378
17 202 18 15 0.02116218
214 312 103 72 0.020433059
