10_People_Marching_People_Marching_10_People_Marching_People_Marching_10_499
42
744 73 34 37 0.32844165
379 235 34 35 0.30625337
511 270 22 25 0.21788166
649 68 26 29 0.1772808
445 271 24 28 0.15907106
750 83 19 22 0.15272555
618 67 26 26 0.15225457
384 245 21 20 0.13884059
582 364 25 28 0.11896839
533 16 39 33 0.115444
635 72 23 24 0.11019749
568 279 19 19 0.08740328
453 274 30 32 0.084319465
458 313 55 63 0.07898524
361 162 28 24 0.06540928
847 2 14 14 0.050310284
587 334 47 49 0.049641594
488 273 26 24 0.045266587
645 396 80 77 0.044912454
600 72 24 23 0.044801354
896 16 34 28 0.04328692
904 38 40 45 0.042299673
484 313 27 32 0.04216944
332 142 47 61 0.041457355
396 244 106 88 0.0393227
892 4 26 20 0.03736155
827 2 24 21 0.03558684
491 258 57 55 0.035276435
797 121 33 34 0.03464715
562 292 20 21 0.034502994
618 334 18 19 0.034342922
616 338 28 35 0.033432294
787 4 23 17 0.03340802
601 60 20 21 0.029017333
913 45 22 22 0.028912876
390 282 32 38 0.028761804
775 0 36 29 0.027874766
545 278 21 27 0.025481211
481 228 78 99 0.02532157
625 67 18 17 0.02472761
540 315 39 41 0.022492116
579 281 21 26 0.020481853
