10_People_Marching_People_Marching_10_People_Marching_People_Marching_10_240
117
911 430 106 121 0.8321432
402 319 121 140 0.81052494
233 310 77 73 0.8027362
292 276 30 32 0.676815
609 237 51 50 0.67300487
4 240 32 33 0.6606695
379 256 24 25 0.6322501
210 265 55 52 0.6252732
322 233 34 32 0.6008437
832 262 33 33 0.58410245
795 308 45 40 0.5693622
425 238 42 40 0.5542523
778 293 72 70 0.48981404
331 240 19 18 0.46527848
355 288 60 64 0.4629456
213 231 29 27 0.4533084
387 262 11 14 0.4117234
888 217 17 18 0.39008766
378 249 40 34 0.37986177
492 220 14 15 0.36881265
535 214 16 14 0.35972244
127 215 29 23 0.34624857
258 535 42 49 0.3447959
808 243 83 77 0.3400859
222 234 14 15 0.33837104
551 231 23 22 0.32217473
719 253 15 13 0.31254944
532 211 24 23 0.29379928
506 238 46 39 0.29295838
532 235 34 31 0.29063165
33 194 35 37 0.28805095
368 288 193 175 0.27666932
39 204 42 39 0.2720723
262 219 9 6 0.23582563
693 246 33 35 0.20679076
455 214 17 19 0.18837091
659 191 20 19 0.17687199
875 175 19 19 0.16925736
380 63 94 76 0.16532777
829 209 19 16 0.15739813
114 198 20 25 0.15571357
275 263 62 60 0.15368417
990 210 24 23 0.15332144
385 198 12 10 0.15145606
481 195 14 13 0.1449214
986 334 31 39 0.13815501
519 251 28 27 0.13547508
743 239 18 19 0.13380419
739 220 19 15 0.13245061
120 199 5 6 0.12393671
716 249 22 21 0.11799647
373 218 18 16 0.116247535
230 199 11 9 0.11458677
199 205 9 7 0.11458627
695 264 22 20 0.104442224
387 194 9 7 0.100159295
880 180 8 9 0.09938766
593 227 85 78 0.09816675
481 209 19 19 0.09387955
847 216 7 8 0.0856393
164 201 7 5 0.08210318
369 213 130 106 0.081977434
835 273 26 30 0.07258879
157 216 14 12 0.067821726
33 237 28 27 0.06722254
964 285 25 27 0.06710521
967 469 41 51 0.06608991
407 243 54 45 0.06559642
302 200 16 12 0.0651032
381 315 106 101 0.06436773
632 212 24 23 0.06138952
923 468 48 54 0.061093565
37 312 19 19 0.06045532
777 206 13 9 0.05786953
600 219 22 21 0.056659244
446 66 79 71 0.05541901
961 173 25 23 0.053626023
800 314 48 51 0.052622948
219 229 19 16 0.05225363
216 336 100 76 0.050844323
795 220 6 5 0.049262542
609 206 20 18 0.048558418
248 343 42 35 0.046865594
992 350 31 43 0.046324804
316 200 17 16 0.045175288
392 240 83 75 0.044185102
721 205 6 5 0.040458113
347 200 8 7 0.040025964
682 225 9 8 0.039907232
988 252 20 27 0.039561264
221 268 26 31 0.039484147
819 263 36 36 0.03943372
171 197 16 18 0.0384441
594 195 9 8 0.03554098
395 83 62 61 0.03501814
888 231 24 27 0.03480076
417 75 56 51 0.03462264
136 220 15 11 0.03389664
630 521 186 166 0.03302479
805 387 55 53 0.03221901
847 209 7 5 0.031995986
821 283 21 25 0.02979335
303 215 8 7 0.028525585
226 229 7 5 0.028468246
581 225 43 37 0.026524324
901 163 115 115 0.025458599
277 195 4 4 0.025230858
44 158 19 19 0.025150241
719 501 49 38 0.022513513
791 336 303 248 0.022197518
971 188 13 15 0.021469835
822 221 9 7 0.021066822
718 238 32 38 0.021012856
241 284 109 117 0.020808872
919 296 37 40 0.020646244
676 229 24 27 0.02030443
220 325 63 52 0.02015674
