10_People_Marching_People_Marching_10_People_Marching_People_Marching_10_848
36
476 158 58 56 0.74503803
361 202 43 45 0.724274
750 135 70 66 0.71043247
982 194 47 57 0.6910363
124 185 51 50 0.6643884
236 219 42 40 0.64093834
641 167 59 62 0.5743838
98 238 29 26 0.31690907
716 191 48 43 0.25574332
8 220 31 34 0.18556358
586 192 53 46 0.1470083
15 227 29 39 0.10259107
563 389 20 21 0.08193231
979 322 44 63 0.080073535
714 47 26 30 0.07641278
580 454 21 22 0.073606774
622 145 98 91 0.07318479
736 195 16 20 0.04555635
708 198 68 54 0.040760733
98 249 17 16 0.036401317
580 448 29 24 0.03593868
530 105 20 19 0.035491522
899 214 46 41 0.034053802
705 49 40 37 0.03319465
891 402 25 23 0.03285789
618 436 41 32 0.032834996
533 102 15 15 0.032041676
710 -1 21 17 0.03179958
624 189 35 29 0.029422875
590 211 28 26 0.027608633
754 126 50 52 0.026201343
652 94 29 30 0.025576744
139 191 21 28 0.02374135
124 384 92 73 0.022824321
549 198 48 41 0.022193825
985 205 36 37 0.020231726
