10_People_Marching_People_Marching_2_823
21
360 184 194 286 0.83169526
952 486 16 33 0.38504398
792 436 41 65 0.23230794
806 455 18 35 0.20879163
786 444 27 49 0.14717932
986 457 16 31 0.10350944
995 458 11 20 0.09089051
330 209 134 240 0.07729991
88 331 20 35 0.060299523
851 488 17 33 0.050476782
476 173 195 313 0.049357574
230 407 19 34 0.047417287
961 461 16 30 0.042807363
885 460 18 30 0.030683871
834 486 18 35 0.027670292
660 458 21 34 0.02723384
889 495 14 26 0.026230332
201 389 25 43 0.024953818
790 463 40 62 0.023314033
373 297 121 167 0.020598404
882 463 12 20 0.020581687
