10_People_Marching_People_Marching_2_60
36
99 197 51 51 0.7457609
841 190 41 40 0.73863536
511 186 35 36 0.714628
779 152 33 39 0.6975637
665 193 36 37 0.69556344
917 206 49 49 0.68291944
224 165 37 38 0.6542652
847 196 29 27 0.62401766
588 185 37 37 0.620545
354 208 42 43 0.5775947
399 221 39 36 0.5728714
143 -2 30 22 0.5721624
231 0 38 25 0.537598
310 0 32 21 0.40616435
373 215 43 38 0.21412742
257 208 31 27 0.20639303
433 169 35 38 0.19502357
366 223 14 12 0.14157729
247 0 32 26 0.09649041
406 -4 35 24 0.09107701
314 -6 41 34 0.08804477
341 328 14 19 0.083533145
442 175 22 22 0.07195292
892 187 99 81 0.066106625
82 389 149 114 0.06498543
678 206 12 12 0.057712056
507 185 55 51 0.05410953
0 346 17 16 0.047437247
923 192 106 93 0.034492195
161 221 30 26 0.030476177
411 234 26 21 0.028644135
320 339 16 13 0.024830826
326 334 22 20 0.024162
856 202 11 17 0.022933763
169 223 17 16 0.022885043
904 227 40 43 0.022532279
