10_People_Marching_People_Marching_2_404
36
35 263 26 25 0.62924135
599 236 28 24 0.58449817
270 265 28 27 0.50930774
196 234 24 23 0.48398924
922 249 23 24 0.450524
147 295 18 15 0.39681053
1000 268 19 21 0.38057905
183 233 32 30 0.36785746
1007 272 15 16 0.26048777
838 288 10 8 0.1532526
950 19 19 17 0.14207704
610 237 13 15 0.118062235
387 293 8 8 0.08830773
336 285 12 11 0.073260374
330 276 15 14 0.07039502
342 287 6 7 0.061602503
384 293 8 8 0.060966883
108 264 20 17 0.055042222
995 284 14 17 0.05104722
165 240 13 14 0.0466097
829 275 14 11 0.042497378
593 214 61 63 0.03964776
767 292 8 8 0.037301987
-2 458 66 58 0.037116528
46 277 3 4 0.032462224
781 295 9 7 0.032075234
926 260 16 14 0.030850176
270 216 13 12 0.030370647
81 263 31 27 0.026508925
117 294 16 16 0.026382536
384 279 11 9 0.02539983
564 251 11 9 0.024651885
845 290 7 6 0.024571668
9 215 76 64 0.023089856
1007 285 12 11 0.022054529
782 83 140 108 0.021336587
