10_People_Marching_People_Marching_2_2
79
652 478 40 48 0.6353937
945 470 45 53 0.5442764
755 423 34 37 0.54180145
488 492 29 31 0.50198215
899 403 25 25 0.37532198
1004 422 16 19 0.34828115
824 347 19 19 0.32776228
659 394 25 25 0.29634732
251 458 29 35 0.2827362
828 347 12 14 0.27383903
693 359 19 18 0.23554449
630 383 12 11 0.14705145
976 350 15 16 0.14329529
965 401 10 11 0.13043806
622 381 22 25 0.124680504
722 400 9 9 0.123675406
476 372 13 12 0.12183992
555 388 13 11 0.109606594
962 452 36 48 0.1060779
626 404 33 33 0.10188221
916 354 15 15 0.10092093
479 377 5 5 0.09893283
975 349 10 8 0.0981554
517 390 7 7 0.09504606
987 408 17 22 0.089486696
765 426 18 17 0.08749999
782 391 10 8 0.08409854
629 364 12 11 0.08294372
403 389 10 11 0.08248801
520 360 14 11 0.08081272
328 456 23 26 0.07223207
807 386 20 20 0.07015739
502 492 34 39 0.06393857
742 399 6 7 0.061238367
368 470 29 27 0.060643636
42 391 15 15 0.058144905
570 361 15 13 0.05683013
457 468 21 21 0.056587264
858 420 13 16 0.055896744
105 400 16 16 0.053807937
413 393 10 8 0.05347313
172 408 18 17 0.052905302
683 362 14 13 0.05054135
502 506 31 37 0.049671866
902 412 13 12 0.04852772
340 458 22 26 0.04743128
828 353 10 11 0.046013534
927 360 6 6 0.04574266
304 396 11 9 0.04552345
594 360 7 7 0.044864025
340 392 8 8 0.04449535
156 419 16 14 0.0423313
831 401 21 23 0.040707447
128 412 11 10 0.03937284
317 391 11 12 0.038920756
799 556 31 38 0.03574328
917 397 16 19 0.034342747
665 403 9 10 0.03159007
993 358 7 8 0.031014571
97 402 7 6 0.030294972
383 462 19 23 0.029512625
971 360 10 10 0.029384905
764 360 22 20 0.029343596
505 519 37 40 0.027411746
608 360 11 13 0.027385911
268 396 7 6 0.027084101
682 396 16 19 0.026900593
457 389 8 10 0.026822278
534 359 9 11 0.026215443
656 468 31 44 0.026026076
29 391 11 14 0.024478156
248 395 12 12 0.023950072
8 394 11 10 0.023612259
996 428 25 27 0.022573987
365 165 39 36 0.022384373
651 438 32 40 0.02106651
989 349 9 9 0.020732583
228 458 43 42 0.020508569
447 399 5 4 0.020410303
