10_People_Marching_People_Marching_2_239
35
345 215 82 94 0.66444457
513 354 52 56 0.61562544
71 415 37 39 0.52266693
835 239 73 73 0.4809577
962 178 32 35 0.37014878
203 348 72 78 0.35781196
244 426 27 25 0.32299733
978 411 45 49 0.3207027
483 330 116 106 0.25913388
211 320 63 78 0.15261805
969 387 48 67 0.13996546
817 216 107 120 0.136186
359 236 53 69 0.13295087
524 356 36 39 0.10029244
76 459 89 91 0.066777654
984 411 31 33 0.06323452
163 335 24 24 0.060923666
430 419 29 31 0.055696994
751 233 41 44 0.054103408
322 426 27 25 0.053602897
368 225 40 58 0.05111712
193 293 91 98 0.05103623
255 434 9 11 0.05014368
840 218 54 67 0.04763382
998 214 25 37 0.045795817
938 360 34 45 0.04489036
13 448 16 20 0.041578356
34 514 19 21 0.037777122
971 185 20 22 0.03572175
918 555 84 87 0.032570675
396 317 35 46 0.031848703
177 337 132 119 0.031259887
42 524 16 17 0.029937489
941 579 39 43 0.027684547
192 375 37 40 0.02160685
