10_People_Marching_People_Marching_2_498
91
610 129 22 21 0.6489336
785 544 19 22 0.6426032
543 4 27 22 0.6394824
952 548 27 27 0.62959176
1002 273 23 27 0.62844145
892 420 19 21 0.6191056
192 25 21 21 0.61234057
413 584 23 26 0.6106895
65 144 31 30 0.6075024
33 607 27 27 0.5900102
836 277 23 23 0.58386576
702 0 26 23 0.57703155
539 440 23 22 0.5689735
351 421 19 19 0.56862783
116 269 25 24 0.51390153
947 125 19 20 0.5061242
548 9 16 14 0.5060155
285 270 30 30 0.47872028
771 127 30 34 0.47225723
234 126 30 31 0.4683958
30 16 20 18 0.46748078
875 3 22 18 0.4606653
840 283 12 12 0.44198024
164 422 19 20 0.43328723
659 273 27 27 0.4048606
725 413 17 20 0.38472956
576 603 25 25 0.3669954
774 136 21 22 0.36502963
720 419 17 16 0.32990527
165 430 21 22 0.3160958
545 445 11 13 0.31555432
240 140 20 20 0.28685552
-3 455 17 24 0.271469
208 585 28 27 0.25461078
70 26 17 17 0.18335931
424 131 20 19 0.15657632
124 290 17 18 0.14175126
283 281 35 31 0.13991225
209 634 39 34 0.13183984
793 552 5 6 0.12921311
37 619 16 14 0.12223308
178 626 43 39 0.115521275
665 276 16 20 0.11233702
361 21 17 18 0.09924059
694 312 18 19 0.0938835
307 297 15 15 0.09345934
21 594 50 40 0.09077843
317 445 16 15 0.08323648
215 590 18 18 0.06720677
680 309 13 14 0.0655023
993 580 19 19 0.064091
934 124 24 26 0.06204252
422 149 13 14 0.05992974
478 308 15 14 0.057879895
327 441 12 12 0.057233106
942 541 45 34 0.055870775
3 53 14 19 0.04882784
924 663 22 23 0.047121022
662 282 27 27 0.04711116
106 180 10 11 0.045349114
629 0 20 17 0.044126265
325 306 17 14 0.041642178
950 136 41 34 0.04146633
638 1 14 13 0.03999103
11 14 40 34 0.03984423
963 147 15 15 0.038343277
545 460 16 19 0.037361283
72 149 19 23 0.036900144
325 311 15 15 0.03624793
737 444 10 12 0.035058554
339 5 18 14 0.03484468
1008 284 7 8 0.034254473
537 421 21 18 0.03301573
22 262 14 16 0.032974638
701 444 10 9 0.03257938
434 618 20 17 0.030885251
919 147 11 10 0.029308438
38 8 12 11 0.028667124
737 442 19 17 0.028185574
980 -1 20 14 0.027443256
449 285 37 37 0.025677904
180 436 16 16 0.025530795
420 590 13 16 0.024901113
620 158 13 12 0.02438217
673 317 10 9 0.02405799
892 59 12 12 0.02380785
229 64 15 14 0.02284255
841 293 13 14 0.022015149
644 312 12 12 0.021251597
789 518 15 17 0.020479284
887 410 37 29 0.020079123
