10_People_Marching_People_Marching_2_1046
51
503 202 65 59 0.6996406
217 215 21 23 0.5977945
46 207 23 24 0.52670646
136 303 36 36 0.51925164
278 258 17 19 0.48641095
363 241 15 16 0.46995813
168 249 19 17 0.31213543
93 210 20 17 0.30328333
874 238 22 21 0.2879452
280 265 10 10 0.26896322
738 243 22 21 0.24431013
423 202 18 16 0.22760993
994 234 23 30 0.21562931
193 198 19 18 0.1920474
201 192 16 16 0.16491573
912 73 22 19 0.1369475
589 194 15 15 0.12269467
1000 229 25 23 0.12140832
588 239 25 24 0.12085303
281 259 11 14 0.12077416
812 343 30 33 0.12053473
333 196 16 15 0.118427105
332 197 11 10 0.1038349
178 255 13 15 0.10381036
561 237 36 33 0.10228107
897 58 57 47 0.08874108
410 204 19 23 0.07932181
584 242 17 18 0.07674054
903 70 33 27 0.076035604
746 246 11 14 0.07192926
878 229 24 21 0.064946584
118 295 32 30 0.063381486
387 196 17 18 0.055378996
704 253 26 26 0.05192907
878 233 12 14 0.05032767
809 348 23 23 0.047876015
169 251 13 11 0.04525234
593 200 21 21 0.044123482
170 453 14 12 0.034789227
0 262 15 19 0.03397149
993 224 17 21 0.03151121
118 246 19 19 0.031376578
324 254 11 13 0.026244162
621 318 24 24 0.024756432
41 203 38 37 0.022152252
442 216 23 22 0.021911204
23 592 157 122 0.0218185
138 243 9 10 0.021764409
193 220 19 21 0.021494849
677 200 16 13 0.021240154
386 236 7 8 0.020999974
