10_People_Marching_People_Marching_2_591
117
758 193 19 41 0.52184784
670 196 17 36 0.5195107
901 155 28 51 0.50700086
854 178 25 53 0.4743324
598 186 14 35 0.44925213
759 186 26 60 0.42959708
86 176 16 37 0.38604727
676 202 10 24 0.3561957
462 187 12 26 0.29751948
411 179 18 37 0.27427796
90 168 17 38 0.22058842
159 185 13 27 0.17705943
101 1165 16 32 0.16241768
40 1102 25 46 0.14020407
280 188 13 28 0.13731444
35 171 18 36 0.13456127
49 185 12 25 0.13252975
855 198 19 37 0.1280599
416 1145 8 15 0.12743737
335 181 16 29 0.12614505
325 181 15 28 0.12215263
0 1109 28 55 0.118957974
524 211 11 22 0.11667794
819 1154 10 24 0.1148675
110 1171 14 30 0.11023425
817 1081 13 24 0.100022875
374 207 14 28 0.0970775
519 209 17 32 0.07994668
218 188 13 28 0.07863195
843 1244 14 25 0.076417424
766 192 18 32 0.07475975
380 209 10 21 0.07451841
306 174 14 28 0.07419158
370 1220 7 15 0.07325892
368 1145 6 11 0.072890215
452 1145 10 19 0.07134568
426 1228 9 15 0.069146395
519 1122 8 11 0.06703381
853 1169 20 37 0.0662089
362 1402 16 30 0.0658419
162 1211 13 25 0.06418245
239 1192 17 33 0.06388061
204 1156 11 24 0.06135801
746 160 54 113 0.058129225
534 192 13 26 0.0565362
760 1102 22 37 0.056349274
597 202 11 24 0.056019157
524 1274 12 21 0.05217197
410 656 20 36 0.049101226
743 1188 12 26 0.04861143
37 1182 23 42 0.048254453
774 1123 7 16 0.046036772
207 1149 10 15 0.04517258
156 1379 25 46 0.045005765
398 1281 13 27 0.04415556
300 1173 11 19 0.043167517
26 1111 14 36 0.042756673
331 1273 14 24 0.04271122
27 1176 16 43 0.04225968
39 214 13 28 0.04225276
256 189 12 26 0.041389354
256 1212 12 25 0.04027759
607 1283 10 18 0.03937617
776 675 16 28 0.038824566
413 1287 11 18 0.038523015
518 1188 12 17 0.038372435
266 1441 22 42 0.038058102
162 1172 10 16 0.037463654
921 1143 8 17 0.036100466
460 1125 16 31 0.035837173
190 1125 16 28 0.035502583
194 1220 27 39 0.03546946
530 193 9 20 0.034340914
580 1177 22 47 0.033660926
380 190 9 19 0.031942382
396 1132 15 29 0.03191343
347 1137 11 17 0.031025317
925 1060 16 31 0.030868728
919 702 12 22 0.030752858
678 1118 14 26 0.03018746
503 1128 7 9 0.030141752
884 703 12 17 0.030104991
962 1319 6 12 0.029407544
702 1274 11 16 0.029235203
773 1277 8 13 0.029148564
780 658 22 34 0.029123198
483 1182 11 17 0.02894883
460 198 19 34 0.028643992
670 1125 13 18 0.027990563
237 1180 16 25 0.027802775
823 699 10 17 0.027774867
528 1115 12 26 0.027372135
555 1124 11 17 0.027217502
642 1294 8 14 0.02693081
96 1124 15 29 0.026882624
41 205 18 34 0.026120378
401 654 11 21 0.025592329
131 177 19 37 0.024968714
4 1173 14 31 0.024904998
819 1144 7 13 0.024330433
598 1133 9 14 0.023985472
796 649 29 48 0.0235168
226 1258 17 33 0.023364492
872 194 32 53 0.023278477
340 205 8 18 0.02302902
749 1192 17 33 0.02289833
386 1294 9 14 0.022770623
164 1384 11 23 0.022150978
822 684 17 26 0.021523967
980 1182 20 42 0.021253733
962 15 24 37 0.021236973
489 806 174 314 0.021162488
669 1221 15 30 0.021070363
100 1416 27 45 0.0203346
771 1077 17 32 0.020259205
751 1133 10 14 0.020252813
447 1282 11 16 0.020225221
