10_People_Marching_People_Marching_2_259
162
441 463 32 34 0.44626218
161 451 28 29 0.4190489
562 460 17 19 0.39923802
850 393 24 25 0.3816491
333 469 23 24 0.3745885
672 449 20 21 0.32301012
804 411 10 11 0.32031393
616 467 22 20 0.31161532
447 285 17 17 0.30954352
274 472 23 19 0.30383316
331 254 5 6 0.28670007
806 350 23 22 0.28042403
394 467 19 19 0.27604926
389 458 23 21 0.2668757
741 345 21 22 0.24920988
202 402 11 13 0.24786593
53 366 14 15 0.24767905
367 401 19 17 0.2455428
701 215 22 20 0.2326833
727 452 24 24 0.23246638
744 416 16 17 0.23117617
475 260 16 19 0.23031737
758 199 18 16 0.2287693
495 467 22 19 0.22671448
148 402 15 20 0.22074102
665 209 9 9 0.2084233
533 262 14 13 0.20686986
636 421 19 18 0.20580289
884 460 21 22 0.19709094
98 472 15 12 0.1951003
786 448 19 22 0.18914439
834 470 15 14 0.18510196
275 261 28 25 0.1849528
223 469 12 17 0.18150595
402 172 9 10 0.18013911
324 470 18 19 0.17813003
262 403 16 16 0.16607638
620 469 13 15 0.16472794
709 272 19 20 0.15903431
702 316 19 21 0.15732123
276 197 20 22 0.15136836
427 268 11 10 0.14285454
610 279 10 10 0.13721466
398 465 10 13 0.13658221
401 471 18 18 0.13229595
420 408 13 16 0.12825184
584 314 19 20 0.1252824
282 203 11 11 0.11926374
625 209 6 7 0.11628025
366 209 7 9 0.1138527
495 288 14 13 0.112909734
461 467 19 23 0.10840571
813 345 18 23 0.10831539
619 458 15 16 0.10629991
604 275 19 18 0.10531711
284 209 6 7 0.10029467
165 349 30 25 0.0996762
841 374 24 24 0.09922113
614 208 13 13 0.09495048
502 460 29 33 0.09357348
883 388 31 31 0.08895364
683 359 9 10 0.08756559
614 200 18 16 0.086201586
275 209 16 16 0.08469898
385 466 21 21 0.08364661
677 429 18 17 0.08319812
334 215 3 2 0.08283915
269 380 14 12 0.08267071
561 170 17 17 0.080471806
744 412 14 15 0.07799549
347 369 9 9 0.07778503
369 209 10 11 0.07647236
288 262 17 18 0.075503305
674 418 13 13 0.07413152
207 212 9 10 0.07243322
536 266 18 17 0.07209692
363 277 11 11 0.07105755
426 200 8 8 0.07064456
493 458 29 25 0.0697174
623 206 6 6 0.06964002
772 416 24 23 0.069031835
655 467 22 23 0.06763782
675 266 19 16 0.06589543
765 202 9 11 0.061002173
529 250 19 20 0.060646497
256 469 15 18 0.059400506
274 275 15 17 0.058803506
179 365 14 16 0.058159873
156 245 12 14 0.057891168
368 203 10 9 0.05725651
483 157 15 14 0.05670233
418 289 7 8 0.052998487
234 361 10 10 0.05090662
516 169 23 20 0.049816247
446 177 8 6 0.049762487
223 463 18 16 0.049481083
179 360 11 12 0.04921343
178 467 20 19 0.04774789
95 459 21 19 0.047216635
450 460 22 22 0.046523675
875 338 15 15 0.045277275
525 466 17 19 0.04497322
893 458 18 17 0.044761226
295 476 14 13 0.04456175
611 372 15 14 0.044170104
560 466 17 19 0.044014327
321 221 16 17 0.043587357
661 470 15 16 0.043422535
596 425 5 6 0.04320514
777 219 10 11 0.042832512
746 404 21 20 0.042653672
110 372 13 12 0.042644095
109 473 14 16 0.042196624
274 244 27 29 0.041845772
703 421 8 8 0.041774396
99 474 7 7 0.041321732
761 468 17 16 0.039914127
908 389 13 13 0.03888004
313 407 8 8 0.038631655
534 422 4 6 0.038587175
302 373 8 7 0.03721248
945 394 20 21 0.036433965
120 369 12 12 0.03454057
476 457 19 18 0.034144405
690 332 18 21 0.032885604
495 369 10 10 0.032868948
521 399 30 24 0.032107133
391 172 13 11 0.03202414
294 268 19 18 0.031743493
197 473 24 20 0.031454295
411 373 10 10 0.031294342
132 283 12 14 0.03076775
548 448 19 19 0.030312555
233 350 16 17 0.029735023
341 459 20 24 0.02951201
111 341 12 13 0.029058956
460 172 10 10 0.028244019
374 369 23 20 0.02803337
482 381 13 14 0.02800867
444 269 10 9 0.027953422
681 383 18 18 0.027876645
242 372 5 6 0.027621843
48 354 23 24 0.027514268
221 456 21 19 0.027465658
665 205 8 8 0.026611062
856 294 11 12 0.026433382
204 198 18 21 0.026017101
182 396 16 16 0.025929106
621 429 11 14 0.025893891
825 395 21 22 0.025585867
1001 475 15 16 0.025298616
564 202 7 8 0.024974473
800 232 12 16 0.024933383
402 184 18 16 0.024893444
692 274 18 19 0.023943506
477 408 8 9 0.022535281
955 443 13 14 0.02246288
258 390 13 15 0.021740254
476 145 23 22 0.02173412
920 371 14 15 0.020815138
790 270 9 9 0.020204052
537 414 8 11 0.020003777
