10_People_Marching_People_Marching_2_430
39
631 204 40 42 0.74616
771 204 40 41 0.6482419
910 249 41 41 0.64814675
164 164 31 29 0.6023362
407 166 42 41 0.5572704
283 127 41 37 0.50672567
214 159 23 22 0.4727969
261 111 80 71 0.42025188
393 158 78 59 0.3423717
611 193 80 68 0.26415712
726 167 135 113 0.20248343
312 180 21 24 0.1598283
832 274 47 40 0.1586961
87 157 18 20 0.12220946
814 259 81 81 0.10466883
165 155 22 22 0.10241372
365 -18 204 175 0.09153215
84 151 18 21 0.07053688
73 134 22 21 0.06309613
668 226 35 29 0.056697093
778 95 255 201 0.055906575
217 84 169 145 0.051878385
531 451 154 149 0.048135556
479 443 259 205 0.041124687
154 129 68 60 0.04103172
745 195 99 75 0.036517013
792 208 41 42 0.036334928
415 -2 133 124 0.035856884
511 486 275 235 0.034879144
261 119 46 45 0.033008024
366 127 125 94 0.03297996
837 131 171 130 0.032874983
803 286 91 75 0.031299777
11 155 18 25 0.029665135
92 181 15 18 0.026357329
761 236 145 127 0.025176331
780 190 61 62 0.023333
183 151 31 38 0.02100644
44 131 20 29 0.02075195
