10_People_Marching_People_Marching_2_131
14
683 265 25 34 0.9956156015396118
470 369 39 46 0.9932592511177063
844 333 28 34 0.9921869039535522
733 394 48 58 0.9915608763694763
145 305 36 45 0.9867200255393982
330 223 29 38 0.9846037030220032
632 316 26 47 0.9644029140472412
211 374 32 38 0.9631093144416809
339 383 40 56 0.9544573426246643
610 381 37 48 0.9342525601387024
458 237 27 43 0.9063816070556641
411 297 28 43 0.8680058121681213
556 254 39 76 0.7935209274291992
513 296 28 49 0.5000103116035461
