10_People_Marching_People_Marching_2_40
196
583 273 48 48 0.7176799
42 132 44 45 0.69805694
943 249 41 45 0.68747497
661 206 46 44 0.6704518
164 226 44 40 0.6696156
705 267 72 68 0.6469206
823 245 67 57 0.63947004
676 251 52 53 0.6327509
973 334 54 72 0.63185394
388 153 46 39 0.62578166
92 140 39 36 0.61865854
92 93 27 24 0.5844214
261 116 40 36 0.5685577
770 208 36 34 0.55864656
84 455 96 116 0.55027825
977 297 43 47 0.54027927
314 145 37 32 0.51716727
466 106 29 26 0.50296175
652 190 71 75 0.49739343
585 134 34 34 0.49645993
16 113 98 84 0.48595592
105 150 15 16 0.4811488
97 98 17 16 0.46373335
366 136 11 11 0.44701427
525 540 81 62 0.43212342
813 148 31 27 0.42855173
510 84 35 32 0.40066108
667 97 26 23 0.39217773
502 146 28 31 0.3887533
423 103 20 19 0.37660086
59 350 42 39 0.3657678
232 95 17 19 0.3646619
323 153 23 19 0.35524315
559 48 27 26 0.33752188
847 49 29 23 0.33565637
221 195 47 48 0.3332781
493 142 28 37 0.3250184
794 282 31 33 0.31375942
455 47 22 17 0.30286714
710 84 19 17 0.28465837
309 139 54 49 0.27626488
411 45 10 13 0.27545315
514 46 14 15 0.26962683
714 375 40 40 0.26540348
916 234 90 77 0.25816432
948 201 24 26 0.25774992
159 55 15 14 0.24376075
386 99 15 16 0.21708201
860 111 15 15 0.2107006
754 119 14 15 0.20089109
526 94 21 19 0.19887748
653 157 33 30 0.1982403
882 81 19 17 0.1941692
913 121 13 16 0.19351882
466 49 14 13 0.18949337
797 118 29 25 0.18700501
768 90 21 21 0.17957298
55 37 15 14 0.17776676
399 47 17 17 0.17193288
272 123 18 18 0.17080113
190 79 20 20 0.17071274
706 52 13 11 0.16884279
257 85 10 10 0.16847755
787 126 22 17 0.16743453
647 144 33 33 0.16654314
184 37 14 12 0.16593306
473 114 12 11 0.16337506
558 63 24 23 0.15987904
756 55 9 8 0.1524534
2 56 15 16 0.1520472
832 107 28 28 0.14852712
656 166 38 38 0.14436749
928 161 24 28 0.1393276
144 89 11 10 0.12876275
888 103 17 17 0.1281517
896 108 17 17 0.12802316
357 134 29 29 0.12186052
552 99 36 32 0.1185427
256 72 21 18 0.115458935
8 52 17 20 0.11412764
915 260 38 42 0.10534763
619 48 13 13 0.104687504
101 43 7 5 0.1040697
575 113 34 32 0.10271199
821 59 9 8 0.10095312
103 90 27 25 0.10036621
228 201 32 28 0.09907175
793 244 72 67 0.09409621
858 116 11 14 0.089419164
766 106 25 24 0.081184655
915 392 33 41 0.07772279
584 129 27 26 0.07691507
186 95 22 26 0.07606069
93 440 66 78 0.07488748
202 110 9 9 0.07467396
104 30 17 14 0.07458323
763 61 16 15 0.07374471
792 77 8 6 0.07339883
411 36 19 18 0.07186127
736 261 40 33 0.07087191
580 259 90 78 0.06937986
134 383 44 47 0.06819088
300 53 12 10 0.06465438
418 42 10 9 0.063308015
508 514 126 108 0.062103663
489 137 50 53 0.061766915
680 243 122 93 0.060230203
518 540 53 57 0.058762174
153 36 7 6 0.057120476
665 183 27 35 0.057064664
430 109 5 7 0.056425456
127 80 23 19 0.05468321
807 29 21 18 0.05409067
683 100 11 12 0.05347102
572 45 14 14 0.053278603
97 8 12 9 0.05296963
514 86 20 25 0.05138717
147 94 9 11 0.051142205
511 115 36 39 0.050493535
952 327 44 52 0.050448403
209 421 121 109 0.050088286
244 102 26 30 0.04898968
2 198 46 49 0.048801493
629 55 9 8 0.048456743
164 63 16 17 0.04721711
943 208 34 30 0.04653039
624 187 123 93 0.046322994
631 137 40 35 0.045909334
-6 116 39 39 0.045632657
110 54 19 16 0.045056548
278 52 18 16 0.044114474
943 163 27 30 0.04349405
689 355 73 61 0.04304896
845 76 16 12 0.04234706
623 37 11 12 0.042312592
5 30 10 11 0.041639414
682 39 11 11 0.04155619
18 5 7 8 0.04066438
700 59 14 18 0.04063313
326 113 28 28 0.040384497
337 127 17 18 0.03932039
318 16 14 11 0.039297897
680 43 5 5 0.03914138
608 219 36 32 0.037676547
485 56 10 6 0.03742342
926 258 68 50 0.037204664
832 58 13 14 0.036633495
81 146 32 26 0.036148697
171 37 9 9 0.036048293
519 42 10 9 0.035900593
113 493 75 72 0.03529128
766 141 27 24 0.034014676
674 56 3 3 0.032721598
147 213 64 54 0.032442063
122 49 6 6 0.0323065
-4 184 69 81 0.032096308
808 204 34 34 0.03172841
626 37 13 11 0.0313803
811 74 7 7 0.030088758
728 268 34 34 0.02968621
592 195 71 64 0.029644309
33 23 18 16 0.029580845
-5 477 45 54 0.028187739
238 85 8 9 0.028042907
9 341 33 50 0.027822593
61 420 116 103 0.027721915
590 284 23 28 0.027361872
798 180 176 167 0.026496131
701 44 6 5 0.026409721
128 367 51 37 0.026215076
52 48 13 12 0.026095714
936 170 18 15 0.025567822
295 55 8 9 0.025490934
695 271 47 56 0.024291828
-12 367 54 90 0.024013506
-8 338 46 72 0.023929035
126 40 4 2 0.023878513
713 100 14 14 0.02360553
237 37 16 13 0.023503603
810 39 10 8 0.023381788
749 101 16 13 0.022949828
739 84 73 62 0.022443052
749 213 30 27 0.022407588
113 368 56 55 0.02229319
762 189 64 56 0.022058124
671 233 91 85 0.021969637
825 414 157 160 0.021489277
387 90 6 6 0.02132001
918 247 122 103 0.020802204
740 72 113 87 0.02079642
804 108 18 16 0.020383189
59 145 35 31 0.02032714
671 184 61 64 0.020324292
256 27 17 15 0.020169755
643 450 136 195 0.020040553
414 93 37 28 0.020027624
