10_People_Marching_People_Marching_2_307
46
502 140 116 130 0.77136344
74 199 74 72 0.67383844
666 230 40 48 0.65515137
262 183 74 100 0.6508979
657 218 60 69 0.52109516
699 161 25 25 0.25510696
57 185 119 102 0.19076079
869 174 27 32 0.15697123
987 250 32 67 0.15317093
41 220 51 66 0.103047274
297 12 17 16 0.102552645
708 218 35 32 0.076542296
615 231 37 44 0.06735798
58 240 50 42 0.066895396
-12 -7 153 136 0.06672031
520 180 74 94 0.06367139
0 442 41 73 0.06314535
839 169 25 26 0.06311552
359 19 47 38 0.056362357
756 165 20 18 0.050218947
957 93 50 99 0.0496618
518 150 81 78 0.042683005
296 19 22 24 0.03993492
841 475 47 48 0.03955972
328 423 96 100 0.03800762
751 161 20 19 0.037898432
689 144 21 23 0.037610687
784 402 30 30 0.034436602
964 133 49 99 0.03388108
547 156 83 83 0.03167891
841 223 25 29 0.031096593
688 232 52 46 0.029009918
765 162 17 19 0.028697798
688 138 32 33 0.027896902
663 123 43 48 0.026468342
571 166 37 45 0.025613064
83 181 70 70 0.025415618
804 436 32 33 0.025228566
501 227 151 134 0.02481696
603 153 44 62 0.024090689
843 171 16 13 0.023415882
798 288 21 25 0.022926519
53 242 30 40 0.021982769
289 208 54 60 0.02152348
55 227 24 30 0.021076886
-54 -55 238 205 0.020876009
