10_People_Marching_People_Marching_2_793
32
800 123 53 45 0.78061163
273 79 54 53 0.77935344
405 82 49 49 0.764457
650 183 44 41 0.76416945
61 142 51 48 0.76177675
508 103 49 48 0.7478669
125 84 52 51 0.68551904
931 169 55 52 0.6187489
891 15 61 53 0.59222764
813 129 30 32 0.54045284
417 7 51 48 0.42764503
70 150 36 31 0.39971766
638 174 69 60 0.377204
998 211 19 19 0.24703515
899 27 37 41 0.18121669
954 180 44 46 0.1797014
520 109 31 32 0.085065894
57 111 22 23 0.078459285
938 183 33 30 0.075122185
417 15 38 30 0.067295074
108 96 45 42 0.05334652
138 98 27 26 0.05241206
359 1 18 17 0.04055456
407 1 47 37 0.038409885
593 381 15 14 0.03255403
410 101 38 32 0.032136045
388 331 15 15 0.028198889
112 81 83 71 0.02528235
145 307 24 20 0.023677768
71 140 96 78 0.021907665
917 20 39 38 0.021741983
-3 536 50 58 0.02004088
