10_People_Marching_People_Marching_10_People_Marching_People_Marching_10_People_Marching_People_Marching_10_716
32
322 347 63 65 0.7890801
502 296 68 70 0.77170485
774 280 67 73 0.7706934
4 439 31 34 0.71305317
120 425 41 33 0.5992821
200 413 42 41 0.5727916
66 435 53 50 0.53670996
926 453 42 40 0.41031197
647 518 34 30 0.35750288
887 542 36 33 0.30090743
91 428 47 46 0.28973216
79 448 34 34 0.2685896
960 534 57 57 0.17561144
15 452 10 13 0.14207035
628 501 69 65 0.12866692
791 220 41 39 0.1088835
726 526 39 36 0.06901236
337 309 34 37 0.06791931
124 -3 24 19 0.058565125
186 556 24 23 0.058393836
676 627 32 24 0.047650933
482 263 138 125 0.047362138
536 256 38 41 0.044947196
48 498 78 69 0.043191835
173 539 45 38 0.034327164
8 418 30 31 0.03427849
791 300 23 28 0.033871174
205 424 47 36 0.027493529
50 233 73 64 0.022767004
980 630 43 42 0.022618799
783 279 50 48 0.02215595
510 304 36 44 0.020267129
