10_People_Marching_People_Marching_2_171
116
454 79 23 26 0.6890868
970 261 35 33 0.63593835
110 127 25 25 0.6345558
64 358 27 26 0.6069131
195 364 23 23 0.5926565
243 102 27 24 0.57916033
668 82 24 25 0.5786876
835 101 28 26 0.5657276
447 535 28 28 0.55104357
765 63 25 24 0.55046016
559 585 20 21 0.5273833
68 364 15 17 0.5176526
568 65 29 32 0.5165062
721 345 27 26 0.51395583
469 357 22 21 0.5027505
345 109 21 23 0.4820015
305 359 24 23 0.47797987
322 299 21 17 0.46788096
393 365 23 21 0.445321
9 633 20 22 0.4352192
104 660 21 18 0.41587612
257 495 25 24 0.41312438
0 140 28 27 0.41190705
413 497 21 23 0.3932116
302 444 15 15 0.36689815
5 145 17 19 0.36642817
348 117 14 14 0.33259752
218 435 20 21 0.31873915
217 592 22 19 0.31043264
739 269 34 30 0.30454803
124 444 20 20 0.27519912
326 302 13 12 0.25711843
611 388 21 20 0.25541013
341 614 29 28 0.24677724
340 98 28 27 0.22511142
560 420 28 25 0.17781007
439 657 21 20 0.17730337
668 91 20 19 0.17643711
443 430 23 23 0.14964636
655 338 33 29 0.14539057
225 592 16 16 0.142707
267 192 16 15 0.13449308
197 457 17 19 0.1270881
431 421 28 25 0.12426859
454 437 18 18 0.12335085
101 548 17 15 0.120977655
36 439 17 17 0.11862072
546 355 23 22 0.10961209
185 453 17 17 0.09891035
388 509 15 15 0.092866525
602 369 20 19 0.08965658
473 356 13 15 0.08413084
668 351 23 23 0.082885884
359 188 22 23 0.082193784
96 662 21 15 0.07303453
443 431 13 12 0.06484012
27 448 17 18 0.064031415
169 662 23 19 0.06371033
449 305 15 15 0.05500416
409 370 19 16 0.05377628
206 600 18 22 0.053368762
412 157 15 16 0.052556723
900 334 27 26 0.05212464
268 448 13 11 0.05079925
477 438 24 26 0.05039369
237 469 19 15 0.046799093
310 355 17 16 0.04607118
176 311 12 12 0.0446533
440 662 13 10 0.044422835
365 192 14 15 0.043040574
418 395 16 15 0.042697467
570 276 16 15 0.041373465
810 314 29 29 0.03981862
620 390 19 18 0.03936573
-3 125 26 31 0.037503526
1 616 13 17 0.0368428
741 101 17 16 0.034180436
347 650 19 22 0.033725586
438 491 31 28 0.03367668
2 609 13 18 0.032840863
466 164 19 18 0.032649443
751 77 19 18 0.030539978
119 137 8 8 0.029801156
57 359 22 23 0.02978766
457 496 13 13 0.029447107
449 301 12 12 0.029135017
473 168 14 15 0.028836923
9 469 10 10 0.028577555
818 329 34 34 0.0283082
664 372 25 23 0.02820803
766 104 14 14 0.027480584
320 304 10 10 0.027359363
458 464 25 24 0.026726272
110 555 4 4 0.026251607
770 284 125 102 0.02578426
569 433 16 17 0.02564235
361 291 21 17 0.025479537
388 309 19 16 0.024367953
418 159 12 12 0.02385876
551 351 20 16 0.023233531
220 323 11 11 0.02313626
46 461 17 15 0.023106711
227 654 30 26 0.022772761
379 318 25 27 0.022414772
238 442 15 16 0.022377957
984 343 23 27 0.022224657
376 655 30 24 0.022180045
265 465 7 8 0.02207553
7 391 42 36 0.021709599
425 503 9 8 0.02170008
556 437 18 17 0.021224031
758 288 24 22 0.02083798
191 309 10 9 0.020812113
611 392 7 8 0.020670025
580 259 20 24 0.020250088
422 389 14 12 0.020208934
