10_People_Marching_People_Marching_2_935
21
354 284 243 357 0.7392424
812 182 218 424 0.14380093
576 385 72 147 0.12512143
356 342 149 274 0.1102158
843 1307 129 268 0.106914856
517 303 192 339 0.08879367
376 417 83 178 0.040220506
141 1265 138 294 0.0389725
332 323 121 209 0.03869411
243 425 153 320 0.03761503
547 310 130 242 0.029490862
720 268 332 589 0.028385825
824 417 210 311 0.028150704
924 305 109 230 0.024948863
568 1432 59 127 0.024695652
526 844 20 33 0.02464087
189 317 263 495 0.024404617
465 938 158 219 0.023247598
49 55 212 407 0.022729449
770 71 341 600 0.02028987
218 -93 408 801 0.020260287
