2_Demonstration_Protesters_2_268
40
845 217 36 37 0.7302185
73 210 48 49 0.6870681
592 209 38 38 0.686025
280 244 33 33 0.6414303
987 253 31 34 0.6025618
390 237 43 39 0.5888965
534 260 27 26 0.5781228
186 218 39 39 0.57074463
746 221 30 32 0.4715596
696 237 26 26 0.36435735
536 268 19 16 0.28523436
464 240 16 15 0.24540465
742 230 26 30 0.1899287
471 235 24 25 0.16285264
655 243 17 18 0.16239853
20 238 18 21 0.15641989
477 231 24 21 0.104839236
677 239 22 24 0.10234988
986 361 33 46 0.09608497
461 244 13 11 0.085520074
265 244 31 28 0.082726665
367 247 25 23 0.07981981
288 353 16 18 0.0735036
581 207 62 51 0.07139302
928 202 19 24 0.06886508
685 216 28 24 0.05127075
992 377 26 34 0.049028296
283 354 28 27 0.046367854
677 197 25 25 0.044308715
40 663 21 18 0.043276563
21 242 11 12 0.038952038
259 344 16 12 0.03641977
44 195 87 83 0.0355383
12 228 20 24 0.03456478
630 252 23 21 0.03451959
992 262 15 17 0.033379413
466 236 11 11 0.026929175
573 178 103 98 0.023278672
702 227 19 21 0.022080682
935 204 12 13 0.02085921
