2_Demonstration_Demonstration_Or_Protest_2_813
34
244 330 31 30 0.66756976
836 382 16 17 0.30056694
834 375 22 21 0.2938681
699 389 18 17 0.24831828
536 360 26 22 0.2334927
689 388 16 16 0.20786557
319 346 25 21 0.16351743
533 365 16 15 0.12963213
656 443 19 19 0.12777881
744 376 20 19 0.10890082
553 360 23 21 0.092037424
86 344 12 11 0.09157865
671 452 14 14 0.08598433
900 399 18 17 0.074606836
708 368 19 17 0.07071594
642 437 26 26 0.06981869
912 407 22 20 0.06858776
741 382 19 17 0.06818419
696 460 11 14 0.06815075
595 486 15 14 0.0668623
314 345 19 18 0.059586402
464 389 11 11 0.058664817
831 378 16 16 0.056896143
475 369 14 12 0.055349395
640 439 20 19 0.050326955
330 348 20 18 0.036689475
344 363 15 12 0.028278721
478 375 11 10 0.026883911
912 401 15 13 0.023008134
889 389 26 21 0.022669263
614 391 15 13 0.022572882
603 487 9 10 0.022404851
91 2 16 13 0.022011803
605 161 13 13 0.021116326
