2_Demonstration_Protesters_2_493
206
383 150 45 39 0.7412618
869 214 51 44 0.70590705
643 177 51 46 0.69774675
921 162 45 41 0.68716085
764 131 46 36 0.65577775
849 145 31 30 0.6516152
295 154 47 41 0.63413626
984 155 37 39 0.622115
83 112 43 32 0.6089549
894 142 96 78 0.6008487
719 136 39 35 0.5963063
741 193 38 31 0.58664
550 135 45 34 0.57402813
194 117 31 23 0.56780577
463 138 33 30 0.5476241
620 155 96 92 0.5373626
866 95 31 28 0.52717304
458 125 46 39 0.5264021
348 124 19 15 0.49007156
831 188 36 28 0.4825492
945 137 18 22 0.46467775
405 117 34 28 0.4584983
379 103 20 18 0.4571892
91 119 27 20 0.43337452
704 120 68 63 0.42662525
942 130 34 37 0.40575787
742 134 51 38 0.4043837
636 108 29 22 0.37644035
523 123 28 21 0.36762473
808 74 48 33 0.36755162
777 78 32 24 0.3465278
709 111 27 19 0.34219006
466 245 62 46 0.335732
201 123 18 13 0.3333588
914 130 58 45 0.3148884
527 151 36 32 0.30349386
197 83 26 21 0.29731303
827 188 46 45 0.2955159
256 103 21 14 0.29484868
16 104 18 15 0.28631762
-1 131 25 30 0.26301247
912 80 29 22 0.2551981
469 116 30 26 0.2518359
608 92 12 10 0.2494297
547 108 27 19 0.24279945
337 116 42 29 0.24261242
659 64 26 18 0.24166885
488 103 23 19 0.23362723
484 64 19 14 0.21688499
548 81 16 15 0.21452115
224 68 15 13 0.20404765
713 82 15 11 0.20116578
877 91 39 28 0.19750308
-1 93 13 10 0.19193241
5 140 20 24 0.19002226
445 78 19 17 0.1787958
917 131 36 31 0.17795685
130 101 27 21 0.17743434
37 79 21 17 0.17728373
168 88 14 12 0.17539798
179 62 23 15 0.1715739
982 91 24 21 0.16843161
269 123 36 20 0.16168538
552 117 22 18 0.1592915
71 68 19 12 0.1575728
239 90 11 9 0.15479815
528 93 12 8 0.14823781
308 86 19 16 0.14302336
323 115 37 34 0.14131878
532 127 37 32 0.1405129
880 54 36 28 0.13813162
599 84 33 27 0.13789132
292 126 11 11 0.1369371
616 96 28 22 0.131186
843 199 94 68 0.13076134
187 65 13 9 0.12982531
8 473 70 101 0.12805347
993 88 22 21 0.12645634
582 62 27 18 0.1260417
249 91 23 19 0.123673566
624 124 30 27 0.11961428
277 111 41 39 0.11676335
382 96 20 14 0.11377331
717 385 62 74 0.11337788
84 101 13 12 0.11020835
252 104 73 51 0.1099028
281 199 32 29 0.108662955
701 116 37 28 0.10732514
183 300 101 81 0.10339354
640 115 21 18 0.10333648
950 53 20 20 0.09421424
436 73 13 10 0.092861585
388 84 6 6 0.092631795
456 226 82 71 0.08935445
472 66 19 15 0.087633684
832 75 30 26 0.08123596
20 62 24 17 0.08077823
348 107 7 6 0.08057388
249 119 26 26 0.07988636
907 54 24 18 0.079187565
222 197 43 39 0.07730674
536 90 19 15 0.076761834
744 100 11 8 0.07614202
324 91 20 17 0.07515334
300 176 39 31 0.072555296
353 97 5 4 0.07193165
880 79 30 22 0.07149209
18 65 14 10 0.071197696
275 81 12 10 0.07007939
787 61 16 14 0.06993995
616 136 45 35 0.06876568
518 102 7 8 0.06744913
761 89 20 17 0.06679421
537 161 13 11 0.066293694
137 94 9 7 0.065957665
920 55 20 17 0.06440998
970 100 17 13 0.06409711
82 64 17 15 0.06331583
82 95 14 9 0.062711455
184 113 13 9 0.06268115
292 73 12 9 0.06262414
19 103 25 23 0.06209043
737 95 12 8 0.060575392
731 177 48 38 0.05786339
304 61 18 15 0.05719023
176 90 19 17 0.057099555
614 170 79 63 0.05673192
763 53 23 16 0.056538634
729 118 20 21 0.056374103
535 125 77 62 0.056158144
380 156 33 28 0.053303577
214 122 14 15 0.05294159
303 46 26 19 0.051993582
592 413 53 44 0.05145682
430 232 50 44 0.05110683
824 49 23 17 0.050102387
703 8 13 8 0.049107805
531 149 22 20 0.047179215
180 182 47 37 0.046767093
413 109 14 15 0.046377912
513 67 26 16 0.045678675
672 60 18 17 0.04526667
41 73 9 6 0.044315554
771 94 24 20 0.04397955
225 201 27 26 0.043721426
465 92 22 17 0.043202072
18 92 16 15 0.04252455
106 115 21 21 0.040342752
605 61 21 17 0.039155502
667 194 38 36 0.03874226
846 49 12 9 0.038335208
611 424 33 27 0.038064163
657 104 10 10 0.03779105
0 126 18 16 0.03703958
626 65 15 8 0.03673243
773 137 22 24 0.036268383
761 42 142 106 0.036140174
186 198 29 26 0.035989594
108 94 20 18 0.03552499
805 26 10 7 0.035144772
416 143 22 19 0.03461835
420 214 56 49 0.03417643
842 57 22 18 0.034060236
702 237 33 28 0.033393312
819 107 19 17 0.032736536
862 100 24 20 0.03239237
766 65 98 63 0.032356013
756 51 9 7 0.03234063
445 117 35 23 0.031574115
998 97 19 16 0.03090116
160 69 17 10 0.030551482
-14 374 107 202 0.030497992
265 107 6 6 0.030384285
454 139 26 26 0.030016236
373 151 71 49 0.029952362
721 118 9 7 0.029684447
852 224 17 15 0.028744623
45 107 12 13 0.028483195
698 93 20 21 0.02830808
919 122 30 24 0.028076949
815 52 9 7 0.02796839
585 134 32 29 0.027633943
991 9 20 17 0.02745551
355 300 51 42 0.026385734
890 68 141 100 0.026307473
528 63 18 14 0.025857568
196 279 104 79 0.025829688
134 93 15 11 0.025782712
707 51 13 10 0.025607806
1001 20 18 16 0.025535211
298 323 51 44 0.025140405
84 103 54 50 0.024860678
334 133 84 72 0.023801437
2 150 38 53 0.02313405
942 154 48 48 0.022635618
986 268 45 69 0.022457654
304 385 101 71 0.021923829
623 85 15 12 0.021782238
341 109 32 21 0.021478407
321 94 6 6 0.02077514
987 143 33 28 0.02070532
294 276 60 53 0.020681707
668 177 34 28 0.020573596
498 360 98 82 0.020429213
788 64 55 45 0.0202469
313 338 19 15 0.020136835
