2_Demonstration_Protesters_2_531
392
765 537 25 26 0.6608391
264 574 22 19 0.6430949
106 581 22 21 0.6348805
359 578 35 32 0.63357925
124 534 25 28 0.61392313
1004 579 17 24 0.6054874
227 652 17 19 0.60532093
909 479 33 31 0.58882666
411 526 28 26 0.56214666
142 404 20 21 0.5566542
928 542 19 21 0.54838866
663 543 25 24 0.54145676
786 485 23 21 0.5104758
893 407 19 18 0.49421513
289 651 31 24 0.49415818
457 513 17 19 0.49343395
878 537 25 24 0.49285403
997 642 18 29 0.48738277
640 480 26 22 0.48379976
975 435 20 21 0.47331527
178 427 35 31 0.4587614
159 646 24 21 0.4559035
170 518 12 11 0.45341316
15 569 15 17 0.44987553
749 488 18 18 0.4367136
118 514 16 17 0.43114343
570 548 22 22 0.4297042
508 463 31 23 0.40953442
776 440 26 27 0.39389402
339 447 26 27 0.39098418
346 342 22 24 0.37912118
785 572 23 20 0.37906063
674 476 26 24 0.37662446
280 504 18 15 0.3759136
269 324 19 18 0.37073874
753 364 17 17 0.3701954
13 437 21 22 0.3610737
481 442 20 22 0.35857442
585 494 19 20 0.3516833
7 410 22 19 0.34938413
234 489 21 22 0.34570962
95 425 14 15 0.34417334
77 454 29 27 0.34295416
826 406 25 22 0.34093037
514 564 24 24 0.3360098
686 444 26 23 0.3356959
403 512 14 14 0.3293336
630 395 19 18 0.32767943
-3 606 19 22 0.32567862
62 496 13 12 0.32540864
594 449 38 42 0.31779626
841 409 17 21 0.31503463
331 511 18 16 0.31405786
488 442 14 13 0.3120947
989 389 19 17 0.30903387
151 637 17 18 0.30563056
318 496 9 9 0.30019838
119 496 20 20 0.30011106
376 579 25 24 0.29751453
622 436 11 11 0.29641813
349 346 13 12 0.29290578
985 336 17 16 0.29286224
786 327 11 11 0.28269762
260 275 15 15 0.2767365
170 435 32 26 0.27521226
406 338 21 20 0.27519146
144 622 17 19 0.2604849
791 576 13 11 0.2596503
348 294 18 21 0.25815174
456 498 26 22 0.2577814
864 469 22 18 0.25544944
270 456 24 24 0.24728799
659 357 15 15 0.24060595
680 393 11 9 0.24015576
989 339 9 10 0.23405816
614 439 22 19 0.23362733
753 417 16 14 0.22997972
698 415 15 11 0.228433
696 327 9 8 0.227903
93 418 26 23 0.22605135
45 368 17 17 0.22599468
808 433 23 26 0.22545983
413 335 22 23 0.2225188
410 479 11 13 0.219093
502 231 8 7 0.21905054
780 439 23 17 0.21843067
341 414 20 20 0.21758378
779 322 18 17 0.21070476
161 504 29 25 0.20889342
991 267 10 10 0.20330341
411 574 22 21 0.20152088
297 389 14 16 0.20109272
875 447 21 21 0.20069954
965 421 14 15 0.19784448
530 214 19 16 0.19326201
874 228 19 17 0.193054
448 236 21 18 0.19074802
884 187 28 22 0.19004503
274 474 8 8 0.1870718
534 219 12 9 0.18484148
891 73 26 24 0.1829689
983 439 14 17 0.18261397
477 412 5 6 0.18135329
280 439 16 17 0.18106711
11 559 14 17 0.17997243
455 325 12 11 0.17744133
642 243 9 8 0.17723618
599 327 21 17 0.1764907
246 373 14 12 0.1714423
355 487 11 11 0.16863437
397 490 22 22 0.16734041
50 317 17 14 0.16515173
812 364 12 10 0.16502534
497 196 15 13 0.16464248
937 270 7 8 0.16107576
14 518 10 9 0.16105202
145 466 28 26 0.15838154
360 301 20 19 0.15687259
901 272 7 7 0.15637818
748 176 11 9 0.1558608
416 446 13 12 0.15536916
679 202 14 12 0.15490714
844 269 2 3 0.15392938
825 232 11 9 0.14842367
506 412 27 22 0.14795528
340 397 16 15 0.14464416
41 291 11 10 0.14168167
528 301 17 16 0.14151847
798 398 7 7 0.14042397
858 478 20 17 0.14009875
607 248 7 5 0.13840252
819 410 23 16 0.13740858
825 134 9 10 0.13629578
124 220 16 13 0.13587353
517 503 25 22 0.13535173
127 480 9 9 0.13341908
743 335 10 10 0.13167095
773 546 7 9 0.13160136
153 326 16 13 0.13063422
373 389 9 9 0.12967871
406 156 12 10 0.12680101
767 483 20 23 0.12640125
118 470 22 21 0.12620404
136 305 10 7 0.12573758
453 209 10 8 0.12555808
775 456 15 14 0.12515777
345 448 22 17 0.12484687
468 489 10 9 0.12457514
379 246 13 14 0.12411717
376 248 8 7 0.12262617
600 333 13 12 0.12234906
631 390 7 9 0.12229903
682 447 12 13 0.12206026
851 362 13 14 0.12059601
25 247 10 10 0.12040289
661 269 14 10 0.12038931
957 317 14 12 0.120330796
925 335 12 11 0.11991979
631 338 21 22 0.119825
278 328 13 13 0.118250296
677 555 8 8 0.11806541
349 457 10 10 0.11793215
515 513 13 13 0.117361136
840 321 9 9 0.11486226
248 363 19 18 0.11392268
489 320 5 5 0.11342649
818 540 20 19 0.11193809
838 483 19 19 0.1116404
1003 223 15 16 0.110038675
939 228 8 8 0.10967644
895 171 9 8 0.10935286
682 486 11 9 0.108279124
466 356 24 21 0.10786492
644 482 15 16 0.10687215
617 486 20 20 0.10608271
680 397 22 20 0.10567416
769 222 13 13 0.10437248
256 497 18 19 0.10249021
454 410 18 18 0.1020581
160 337 18 16 0.09987008
860 181 10 9 0.09907967
276 386 18 17 0.098204106
91 454 21 19 0.096006155
450 244 33 24 0.095524065
836 450 24 23 0.09545053
440 425 4 3 0.094896674
697 448 14 12 0.09480508
975 88 13 8 0.09338173
531 321 8 8 0.093300946
976 223 8 6 0.09109523
570 315 10 9 0.09074288
16 529 8 9 0.089868285
397 153 17 16 0.08975381
894 312 17 15 0.08953278
825 304 18 16 0.08947325
420 208 10 8 0.08897225
888 314 24 20 0.08800311
913 365 13 13 0.08799941
331 652 24 23 0.08777645
891 386 11 9 0.08691505
4 603 15 19 0.08599635
958 245 10 6 0.0859185
248 474 8 7 0.085415155
622 304 8 8 0.08521116
884 545 10 10 0.084864706
822 484 23 19 0.08387929
258 318 21 19 0.08216697
665 363 8 8 0.082065634
322 495 19 19 0.08191019
235 226 11 10 0.08122685
980 74 18 17 0.080222204
518 574 17 17 0.07987357
98 283 8 6 0.07966041
5 328 8 9 0.07864231
682 293 6 5 0.0784617
846 204 8 8 0.07744804
894 401 16 14 0.076702066
411 226 16 11 0.07551597
612 308 20 16 0.07476023
378 431 10 11 0.07433794
424 298 8 9 0.07392038
771 258 16 16 0.07261446
975 257 15 16 0.07206463
782 267 8 8 0.071757205
128 381 21 20 0.07082893
777 123 8 7 0.07045333
766 402 19 19 0.07031421
479 281 11 10 0.06996854
910 351 17 16 0.069208495
209 272 10 9 0.06801705
759 403 10 10 0.067823514
830 359 17 17 0.06765943
114 322 14 11 0.06736882
28 364 5 6 0.067276575
413 389 18 15 0.06600514
745 167 18 18 0.06569462
936 161 12 9 0.06523309
160 336 12 12 0.0646146
936 171 8 6 0.06427498
660 318 10 9 0.06402243
319 250 12 10 0.06258608
136 610 26 28 0.0621442
23 486 9 11 0.06195438
615 339 15 15 0.061237637
747 353 22 18 0.060794473
159 482 6 9 0.060739607
996 322 9 9 0.05911119
240 293 11 11 0.058859177
423 134 9 7 0.05882147
259 554 36 37 0.05827817
906 539 19 23 0.058115486
849 83 13 10 0.057667702
640 412 6 6 0.057605546
318 216 19 16 0.055136666
986 400 18 20 0.05364197
473 485 8 9 0.05355049
98 431 10 11 0.05304986
985 219 13 14 0.05303546
162 278 9 9 0.05298929
968 313 11 14 0.052466743
312 222 9 8 0.052445106
430 422 10 6 0.05187688
918 101 15 12 0.051605776
955 179 19 11 0.05152499
543 553 23 22 0.051400494
672 422 10 7 0.05139683
557 261 28 25 0.051229764
412 211 13 14 0.05093702
601 562 18 15 0.050558396
592 296 18 10 0.050264157
678 207 17 14 0.049517494
80 54 11 8 0.049325906
135 256 5 4 0.04880736
754 332 9 6 0.048477948
905 367 5 3 0.048373595
417 466 9 6 0.048325494
129 615 26 33 0.048068747
817 196 8 6 0.047591276
242 262 21 19 0.04743895
47 53 8 7 0.047413886
397 507 36 32 0.047359087
192 250 11 8 0.04731902
974 171 17 15 0.047146987
920 488 12 12 0.045542296
677 122 5 5 0.045498017
279 230 9 8 0.045404367
1013 423 8 8 0.044325497
917 486 19 21 0.043444686
638 314 9 8 0.043054424
143 620 12 13 0.04286539
349 316 12 12 0.04236341
936 100 9 6 0.042303164
754 425 10 10 0.041990522
14 272 9 8 0.041808985
447 128 8 7 0.04137352
993 176 7 7 0.040449757
4 353 3 4 0.04020355
40 355 9 8 0.039867833
811 83 12 7 0.03971677
483 149 11 10 0.03966101
485 368 16 16 0.039606623
22 438 13 11 0.038913224
571 301 10 7 0.038401917
78 208 5 4 0.038219944
461 145 6 5 0.03816523
34 500 18 21 0.03792886
6 60 13 10 0.037501484
959 100 10 9 0.037451997
472 316 17 16 0.03694735
203 198 5 5 0.036884353
884 445 14 13 0.03639362
178 522 1 2 0.036275078
43 462 21 22 0.036009666
932 551 12 12 0.03563156
975 281 6 5 0.035614017
565 474 15 12 0.03508318
87 290 10 7 0.03489956
192 439 7 8 0.034731094
199 305 11 9 0.034728166
982 555 32 36 0.033984598
148 434 30 25 0.03389904
29 358 13 14 0.0336953
218 271 11 10 0.033125356
390 303 13 14 0.032915793
832 259 13 12 0.032377213
53 230 13 10 0.031998962
912 266 17 15 0.031908665
91 246 8 7 0.031874172
531 532 10 10 0.031804718
154 293 10 9 0.031417597
492 460 12 9 0.031365063
483 552 22 22 0.03112116
206 493 15 16 0.031038934
467 148 13 12 0.030179737
124 224 21 18 0.030108802
269 329 22 22 0.029599322
518 418 11 12 0.028922431
617 246 12 12 0.028876135
198 316 5 5 0.028753836
760 212 18 16 0.028357826
665 233 12 9 0.027872711
293 509 10 10 0.027817028
530 332 28 25 0.027695935
735 27 11 8 0.027647963
236 252 7 5 0.027549256
850 169 16 15 0.026117843
391 254 11 11 0.025939316
463 367 9 8 0.025887718
6 292 7 7 0.02571717
418 571 14 12 0.025706619
825 543 9 11 0.025659211
542 311 18 17 0.025625248
592 439 39 32 0.025054198
987 568 11 14 0.024935823
321 500 1 3 0.024875883
680 308 23 20 0.024820747
568 480 15 15 0.024763728
161 198 4 3 0.024731908
857 249 5 4 0.024549067
43 169 8 8 0.024383565
187 259 15 15 0.024207238
336 512 15 10 0.023901235
542 168 24 19 0.023730189
276 187 6 5 0.023581836
866 228 39 30 0.023427619
629 370 4 4 0.023238549
73 317 12 11 0.023238532
502 204 41 40 0.022748208
299 657 13 12 0.022713108
93 223 3 3 0.022688106
467 464 36 27 0.022645542
809 399 8 8 0.022580959
663 358 4 4 0.022527175
864 469 118 87 0.022442982
139 306 5 6 0.022436306
31 254 15 16 0.022265296
268 281 5 6 0.02225184
323 397 17 20 0.022058627
372 485 7 6 0.02204758
311 251 8 7 0.021733196
94 32 11 9 0.021706222
61 197 8 9 0.021439137
923 389 10 10 0.02120468
806 293 2 3 0.02119754
890 3 7 6 0.02095944
63 267 7 6 0.02076044
252 371 15 17 0.020707835
180 7 11 10 0.020706987
398 444 18 18 0.020448487
604 458 16 18 0.020309798
605 445 8 10 0.020243598
57 39 9 7 0.020136623
