2_Demonstration_Protesters_2_460
69
801 181 48 42 0.7587743
476 239 50 41 0.7527039
877 204 38 32 0.7464033
832 66 50 39 0.6481248
264 235 62 47 0.6256933
158 82 26 20 0.60888493
475 101 44 36 0.58683896
74 93 29 24 0.5647149
276 75 24 22 0.4943722
680 61 42 37 0.4672125
947 103 25 22 0.4480244
428 70 38 32 0.43293422
792 72 33 29 0.40738422
129 75 22 20 0.40205
27 63 47 42 0.3699391
641 65 45 37 0.36274347
283 80 13 10 0.35484883
746 84 27 24 0.3481947
744 90 17 14 0.34477675
891 213 16 18 0.33912778
993 93 13 10 0.33889896
32 68 31 23 0.3372189
700 68 26 21 0.33548206
655 69 38 29 0.2859771
0 72 12 11 0.23844734
284 78 20 17 0.21914685
909 66 24 20 0.21495688
821 71 34 31 0.17458715
139 194 33 28 0.15986986
954 86 16 14 0.13948207
14 70 20 19 0.13377604
16 76 15 17 0.12433617
455 88 38 31 0.09477958
896 68 24 14 0.09190677
910 78 25 22 0.08950208
428 77 123 82 0.07754619
141 191 25 20 0.075846314
101 86 25 20 0.07204418
846 71 29 30 0.06748767
82 100 11 10 0.065283164
82 92 17 13 0.06447771
921 68 16 12 0.06302224
-1 82 9 8 0.047893517
125 70 24 20 0.04762117
967 91 23 20 0.041677825
974 70 8 5 0.035755616
158 183 24 21 0.034765355
819 194 37 31 0.032022554
831 64 35 30 0.03155979
324 270 27 20 0.030989328
802 64 38 30 0.030924447
996 182 29 35 0.030188328
909 173 48 41 0.030080067
283 75 14 11 0.028843086
172 91 6 6 0.02867205
978 65 14 14 0.028548364
807 52 51 51 0.025086062
501 248 31 28 0.024937263
234 240 66 42 0.024734482
462 239 84 60 0.0247329
214 216 105 71 0.024541164
890 202 24 24 0.02441575
737 139 116 80 0.023395397
674 251 24 20 0.022899296
115 181 39 33 0.021822821
497 232 45 45 0.021374024
952 109 15 15 0.020546662
784 48 132 93 0.020439556
994 123 18 18 0.020253126
