2_Demonstration_Demonstration_Or_Protest_2_242
19
256 500 43 46 0.65821314
12 485 31 37 0.5614
161 530 56 71 0.5319318
265 511 27 29 0.51573884
17 493 20 22 0.28964883
795 334 62 73 0.25868604
5 480 47 51 0.17503434
208 458 34 39 0.17379887
309 528 54 54 0.14584509
991 208 25 36 0.08245039
261 596 34 43 0.050532594
427 551 41 41 0.046818532
779 166 34 32 0.040810887
286 507 26 25 0.03900634
561 314 214 194 0.036278587
392 545 46 50 0.021888785
294 507 30 27 0.021053242
95 536 71 76 0.020472465
1004 294 13 15 0.020071343
