2_Demonstration_Demonstration_Or_Protest_2_600
146
139 306 46 46 0.7219945
809 308 46 46 0.6503653
671 358 43 41 0.59917927
41 243 75 83 0.53942806
789 288 87 86 0.5191944
960 264 27 26 0.4965491
891 290 44 44 0.48119262
226 390 32 34 0.4631539
477 305 30 28 0.45838946
466 297 50 42 0.4413516
868 283 72 60 0.43742055
369 144 34 34 0.42864478
19 103 21 22 0.4029311
348 315 24 24 0.3772761
507 319 19 20 0.36303276
188 144 20 23 0.34710714
66 251 70 62 0.33274534
289 152 12 15 0.2940448
181 148 19 19 0.28734702
109 37 16 13 0.2534275
74 99 21 19 0.23936217
948 149 13 14 0.23075727
631 150 17 19 0.22813714
268 55 18 16 0.22203979
983 297 27 30 0.21407709
980 359 34 47 0.19722882
980 375 39 68 0.19505213
138 386 37 38 0.1789774
504 141 21 25 0.17374642
563 129 15 14 0.1675625
638 152 15 16 0.1669703
148 52 16 17 0.16311586
357 313 29 26 0.1614848
735 151 16 15 0.15523893
238 164 15 16 0.15070309
168 106 13 12 0.14876436
164 111 19 16 0.14774197
699 128 21 18 0.14514592
123 110 16 16 0.1397121
540 114 9 8 0.13809654
871 224 20 23 0.13438384
258 110 9 9 0.13379838
284 152 12 10 0.13363488
950 154 8 10 0.12635845
805 153 10 12 0.12127058
242 174 7 7 0.114353165
79 50 6 6 0.11364347
245 165 16 15 0.111068115
491 109 11 10 0.10540262
596 111 13 11 0.10024106
493 147 25 19 0.09809746
-4 313 25 34 0.098002024
825 579 59 47 0.09798863
155 128 20 19 0.09783942
227 53 10 11 0.091987506
679 109 9 8 0.09062158
990 304 16 17 0.09059451
82 48 9 11 0.0889316
314 105 12 10 0.08820078
850 138 15 11 0.08482143
432 167 8 7 0.0844754
3 158 10 10 0.08380022
197 278 29 26 0.079758786
158 54 11 11 0.07934826
914 112 15 11 0.07606469
128 258 27 24 0.07604653
550 116 15 15 0.07380856
892 277 35 32 0.072327375
960 129 10 8 0.07064265
112 311 41 40 0.070488565
916 150 10 10 0.06757074
8 33 11 13 0.06457164
427 176 8 6 0.0643208
444 107 9 8 0.063386425
226 106 8 6 0.06315394
43 155 18 16 0.061913926
438 166 11 10 0.061257128
663 128 7 7 0.06013812
386 395 31 25 0.058536172
525 168 13 14 0.058091104
374 113 8 6 0.056826573
837 127 14 13 0.056567326
994 127 9 9 0.054087367
438 171 10 12 0.05374339
5 34 9 8 0.05135789
635 127 8 8 0.04965319
996 219 24 28 0.046134647
538 190 8 9 0.0456287
536 215 14 14 0.043114588
308 109 9 8 0.041184593
855 149 9 8 0.04093841
445 163 10 11 0.040640287
981 126 9 10 0.04051297
75 140 9 9 0.040483445
747 153 13 15 0.040471777
86 37 8 7 0.039166447
410 109 5 4 0.03874498
795 270 147 117 0.038001016
593 135 9 8 0.037547223
876 266 68 59 0.036744706
699 108 15 14 0.036640756
144 392 25 24 0.035665635
817 302 61 60 0.035629865
239 104 8 9 0.035376135
825 131 9 7 0.034449052
688 359 21 26 0.033845484
173 265 32 34 0.033503097
791 119 5 4 0.03333439
392 107 9 10 0.03311689
926 155 5 5 0.032502223
12 252 77 80 0.03228618
93 159 18 15 0.03219601
900 121 9 9 0.032157373
681 118 14 13 0.03130304
796 541 120 103 0.030777434
828 119 7 5 0.030548196
633 111 7 5 0.03051768
956 259 39 40 0.030413307
979 415 50 89 0.030144231
427 90 10 11 0.029572666
465 125 7 8 0.029480062
565 113 6 5 0.02866425
851 219 24 24 0.027854312
822 150 9 11 0.026210604
403 162 16 18 0.025969747
778 126 6 6 0.025787193
142 196 21 26 0.025537224
781 157 8 7 0.025409477
20 155 11 15 0.025027974
886 116 9 7 0.024962792
150 171 11 15 0.024402302
395 187 30 30 0.024354879
138 256 23 22 0.024335
897 130 6 7 0.024295108
897 150 6 6 0.024175895
768 118 11 13 0.02399187
608 116 11 11 0.02362657
831 274 77 67 0.023365036
122 287 73 69 0.023327868
539 233 10 9 0.022633271
74 173 11 12 0.022470297
389 195 22 18 0.021741973
454 360 31 28 0.021459768
69 228 97 81 0.021024985
998 229 20 22 0.0210134
513 354 22 25 0.020808518
