2_Demonstration_Demonstration_Or_Protest_2_162
43
689 146 139 122 0.75647384
229 122 168 196 0.74258626
438 144 57 52 0.7286427
519 179 46 43 0.66700786
608 164 25 23 0.5613217
-7 218 39 35 0.47562632
1 224 24 26 0.47045708
91 222 32 27 0.46121374
474 182 49 41 0.24534068
102 228 19 20 0.1957692
155 221 19 16 0.14569044
258 107 116 106 0.116316855
171 71 298 212 0.1101282
549 259 40 44 0.10758582
846 192 29 33 0.10638053
27 -3 148 121 0.092225954
487 665 16 16 0.084248655
682 122 115 112 0.062399395
550 171 39 36 0.059072256
612 153 30 29 0.05580526
656 158 41 36 0.053571265
425 239 36 39 0.052341715
-14 -10 127 106 0.050921295
377 188 55 61 0.04250284
475 662 32 21 0.039815936
711 120 160 162 0.03771584
913 201 20 19 0.037656426
86 38 61 53 0.037205882
337 161 115 109 0.0359307
487 194 21 25 0.03449245
253 137 136 106 0.033438597
562 180 24 20 0.032792926
206 165 109 108 0.03214115
434 248 21 21 0.03052827
382 612 100 83 0.029504288
26 311 149 124 0.028923346
71 14 85 86 0.02848576
958 205 15 15 0.028217884
558 189 19 20 0.02607195
641 128 129 125 0.025389686
634 68 247 195 0.025280409
618 167 11 14 0.0248169
434 356 123 82 0.023209948
