2_Demonstration_Demonstration_Or_Protest_2_402
71
474 126 53 49 0.77771413
672 139 58 53 0.6456223
310 152 57 52 0.64252603
175 150 64 55 0.6412236
791 125 60 60 0.5926502
386 113 53 53 0.46794435
605 111 60 57 0.41878688
147 208 24 24 0.41784546
983 146 25 28 0.26371276
839 65 31 33 0.21640329
152 -3 40 41 0.21380216
154 6 30 28 0.16909035
900 9 42 35 0.16872565
238 206 20 18 0.16434921
332 360 44 36 0.1605794
369 185 35 30 0.1487219
961 65 32 33 0.14476554
288 220 20 23 0.124724224
192 158 40 38 0.09482259
249 210 19 19 0.09432164
150 95 22 26 0.088249385
389 130 47 51 0.08820592
339 246 20 19 0.087048635
357 90 111 79 0.084153555
838 0 38 33 0.08385928
372 217 37 34 0.076888055
178 92 16 19 0.073941365
887 -6 77 70 0.07296214
250 247 22 20 0.07136656
775 217 20 19 0.07051472
292 231 11 11 0.065526396
768 6 30 24 0.06193082
379 194 23 25 0.059333432
594 141 34 42 0.054670624
157 99 19 19 0.0534463
331 56 15 16 0.05327105
341 58 13 12 0.048577886
819 221 21 19 0.047895137
696 220 21 19 0.04759733
882 242 12 10 0.0458371
834 15 33 28 0.04577849
576 90 113 81 0.045248326
91 213 16 15 0.042393222
988 152 19 19 0.03939186
367 240 20 20 0.0392319
981 216 20 21 0.038446225
141 -10 65 54 0.035799496
445 63 8 7 0.03336913
466 116 41 45 0.03163207
807 -20 83 82 0.030147754
295 385 24 21 0.029414348
890 228 26 19 0.02914065
760 302 29 25 0.028694648
88 57 28 26 0.028364822
713 227 13 10 0.028254889
242 214 11 13 0.028012346
483 128 38 33 0.027289227
893 42 36 48 0.026259951
692 -7 64 51 0.025811361
904 143 36 29 0.025769206
712 7 47 45 0.024003658
158 59 18 21 0.023781655
803 137 28 28 0.023651712
81 1 36 31 0.02325675
268 154 27 33 0.022237808
149 17 33 29 0.021583736
144 40 38 37 0.021102514
791 223 8 7 0.020980708
154 207 14 16 0.02071914
294 321 124 97 0.020501439
309 244 13 12 0.02044677
