2_Demonstration_Protesters_2_92
80
252 430 70 72 0.6855101
826 330 36 40 0.59703094
249 305 27 28 0.5829811
740 349 62 80 0.50392586
657 299 27 32 0.49417984
189 322 31 36 0.40623423
80 508 84 137 0.39648813
382 319 21 24 0.36220813
324 324 33 33 0.35065126
114 307 25 24 0.33846897
932 321 31 37 0.305485
682 336 42 44 0.2925111
200 329 19 22 0.27288482
944 323 24 28 0.22668782
384 324 13 14 0.2211629
422 306 14 15 0.19041228
91 298 14 15 0.18421756
186 291 13 12 0.1814607
336 331 19 21 0.1685988
74 341 29 31 0.1650796
175 297 18 20 0.15916298
66 350 25 27 0.15559183
947 327 15 21 0.14530474
3 324 33 42 0.14399269
4 371 44 80 0.13676642
694 351 23 28 0.13396236
104 302 20 20 0.13201264
158 307 17 21 0.12531193
381 317 14 15 0.11312379
487 322 24 25 0.1130813
1 326 17 22 0.11244615
89 429 62 72 0.11180894
825 337 26 27 0.11151397
591 331 17 17 0.10526074
507 325 20 27 0.10314898
325 311 24 26 0.09634213
92 295 9 9 0.082565196
331 314 14 17 0.08087695
409 311 13 14 0.07461341
48 353 36 28 0.07240927
469 312 14 15 0.07204083
707 315 137 128 0.07148177
395 317 25 29 0.06897351
21 289 14 17 0.068372324
37 283 12 14 0.065743394
636 308 18 19 0.064359024
639 283 56 58 0.06265478
442 302 28 27 0.0620591
134 413 57 76 0.05810769
518 308 13 15 0.051791403
520 327 19 23 0.0517552
184 296 17 21 0.051408414
641 306 21 19 0.050804637
509 306 20 17 0.050352804
968 300 25 26 0.050211754
239 328 26 29 0.050073236
-16 359 86 122 0.046543367
834 344 26 31 0.04591952
478 308 23 21 0.04225617
236 302 25 30 0.036540408
2 312 15 19 0.035965964
607 411 25 27 0.034267686
141 377 25 39 0.034053836
84 328 26 24 0.033655982
106 398 104 107 0.032027457
-3 404 75 107 0.031205412
916 626 25 33 0.02770567
820 341 35 37 0.027616413
903 712 81 73 0.027450947
289 375 53 49 0.027312292
751 430 125 117 0.026945326
296 379 28 36 0.025780965
29 343 69 63 0.025504654
65 427 120 94 0.02517173
948 310 26 27 0.023044182
553 611 124 110 0.022868657
1 352 29 35 0.021330938
485 596 288 272 0.020991534
934 310 25 29 0.020933107
13 281 14 13 0.020422276
