2_Demonstration_Demonstration_Or_Protest_2_586
94
629 174 37 28 0.6328168
466 150 32 23 0.62838894
688 151 30 22 0.62707275
826 208 40 33 0.625055
137 151 25 20 0.50974214
636 178 24 20 0.48883432
681 148 50 35 0.43419862
459 144 52 36 0.3786641
765 124 20 15 0.35141647
947 109 19 14 0.32463288
321 138 33 25 0.31964156
130 152 44 29 0.3115019
656 131 98 63 0.3099909
249 120 19 13 0.26645222
992 156 24 19 0.25591856
175 124 21 13 0.25416464
522 125 22 15 0.24794348
314 147 27 20 0.2200479
718 127 15 11 0.21893509
769 121 14 11 0.20900299
514 40 19 12 0.20268664
662 133 24 17 0.2018331
811 198 75 50 0.2009125
834 196 45 39 0.19247214
72 145 20 13 0.18649736
383 193 28 21 0.17997259
447 121 25 19 0.15408449
597 128 16 11 0.1502825
255 123 15 12 0.12273817
131 101 14 9 0.11949162
363 185 66 41 0.11929875
786 116 13 10 0.118312925
931 108 24 17 0.11817098
166 129 23 13 0.11545697
74 147 10 10 0.114820406
267 59 12 9 0.10068567
116 128 17 12 0.093228556
690 90 19 12 0.08174733
442 93 16 13 0.07978754
348 94 13 9 0.079070404
815 214 38 28 0.07268098
480 200 23 16 0.0703916
633 365 29 20 0.06798667
285 217 21 16 0.06783341
114 123 15 11 0.06772528
412 110 12 8 0.06656972
689 244 49 37 0.065868065
24 113 4 3 0.06573337
48 112 13 8 0.06309523
323 132 31 20 0.06006966
319 121 21 13 0.059440576
238 121 26 16 0.05814255
398 112 15 11 0.05678639
308 131 56 38 0.052846886
544 157 24 17 0.052233856
756 231 29 22 0.050987743
702 127 17 12 0.04868702
259 121 15 11 0.04809309
203 217 87 51 0.044326924
914 188 19 17 0.043157402
783 237 19 15 0.043082442
622 167 54 42 0.041998886
500 208 15 13 0.04153609
978 186 23 24 0.041174185
621 141 22 16 0.040027156
545 187 24 19 0.03809036
132 119 10 6 0.035481624
375 98 16 9 0.035262644
14 133 11 7 0.03472223
615 149 13 9 0.0338338
33 133 13 11 0.033064432
417 98 18 10 0.032764494
235 120 15 7 0.032492932
119 96 12 8 0.029256973
441 161 22 12 0.029222324
396 99 12 8 0.02891335
55 96 9 6 0.027686903
803 227 39 28 0.027672518
895 163 21 15 0.026733266
442 113 24 19 0.026549002
553 75 16 11 0.02633958
816 163 29 21 0.025982916
661 366 34 25 0.0249959
386 405 14 11 0.024300965
486 127 26 17 0.023389738
172 88 16 11 0.02294933
746 93 17 11 0.022802863
994 151 24 18 0.022193482
680 229 35 27 0.022048643
763 153 19 17 0.021953372
15 147 20 16 0.021465573
974 99 15 11 0.021281872
676 177 23 20 0.021098098
512 139 30 20 0.020492172
