2_Demonstration_Protesters_2_486
35
811 116 118 120 0.82351136
37 391 141 169 0.7985831
448 117 148 184 0.69442093
23 539 43 45 0.6843567
601 240 74 70 0.53297037
227 426 75 65 0.47447145
41 456 94 87 0.19366084
240 430 45 44 0.14954281
85 271 42 42 0.098577894
5 518 29 39 0.08348539
-1 362 240 202 0.07863146
578 306 182 145 0.0769399
507 182 213 180 0.061361723
31 436 73 74 0.05931461
845 127 68 86 0.049831316
224 409 105 105 0.04780676
589 228 113 107 0.046483006
826 127 60 66 0.04352422
58 449 61 75 0.039298985
527 254 237 223 0.038598925
1 516 13 15 0.037286814
809 323 27 29 0.032825906
62 262 79 70 0.031886857
883 521 152 133 0.030923346
564 240 167 139 0.029777309
740 598 37 34 0.027411954
791 133 93 100 0.027092764
538 -33 116 109 0.025784379
659 332 123 136 0.024447218
494 291 152 152 0.023640135
539 227 131 126 0.022518715
446 102 117 115 0.022446116
94 375 193 174 0.022151113
496 106 115 132 0.02071904
452 171 71 74 0.020463675
