2_Demonstration_Demonstrators_2_244
49
721 161 66 71 0.6448305
836 134 38 37 0.6302088
414 111 75 68 0.5335615
457 172 43 39 0.33110327
434 128 50 54 0.32661846
200 169 18 17 0.31804278
444 149 79 73 0.3143388
612 137 27 24 0.30471817
258 176 21 20 0.30193728
255 172 22 18 0.24384664
536 143 30 28 0.23433138
251 184 19 17 0.16152334
83 165 19 17 0.14803119
252 179 30 27 0.13605137
652 158 28 30 0.12686509
948 120 22 20 0.09606582
336 172 16 14 0.08921525
879 122 29 24 0.082848586
656 168 17 16 0.073969334
541 142 22 20 0.07156264
668 377 22 21 0.06329584
33 189 12 12 0.060695115
114 246 17 17 0.059305727
724 141 100 110 0.055137
342 177 11 9 0.051957987
661 199 19 20 0.050182387
387 173 15 16 0.047455437
938 125 20 16 0.04442804
968 121 17 18 0.03881558
822 202 29 32 0.038161825
710 179 35 30 0.037774958
740 162 40 38 0.037635237
710 187 28 34 0.037279353
369 187 15 13 0.036717452
613 129 22 23 0.034954473
738 434 110 93 0.034494102
733 168 27 40 0.034356385
1006 121 15 14 0.033581022
549 162 20 19 0.031599864
967 148 17 18 0.029753067
657 207 10 9 0.029446583
894 146 21 21 0.02877792
914 130 11 10 0.028254922
261 183 13 10 0.027056325
958 198 19 22 0.026503561
903 479 115 99 0.02402607
716 197 18 19 0.023391262
0 175 16 13 0.021841623
166 176 9 8 0.020277498
