2_Demonstration_Demonstration_Or_Protest_2_496
23
308 93 69 67 0.7975058
940 80 62 67 0.7629923
534 102 58 55 0.7547616
198 183 66 72 0.7372413
728 249 88 103 0.7029346
668 154 68 63 0.50062054
832 135 43 44 0.3757251
841 146 29 25 0.1846442
738 270 50 61 0.18073142
928 52 99 110 0.12768236
107 -8 45 34 0.10725361
180 172 105 104 0.087473705
673 171 50 55 0.047164485
132 15 65 50 0.039907686
957 78 73 74 0.038058225
669 160 44 49 0.035538837
831 123 28 30 0.029734248
122 27 28 24 0.028665861
156 -2 41 31 0.028167551
707 264 73 70 0.027935274
696 207 132 140 0.02561683
945 107 37 32 0.024299271
371 266 41 32 0.021676574
