2_Demonstration_Protesters_2_86
171
460 375 38 37 0.7339012
535 443 53 50 0.72778356
352 479 48 41 0.7212066
44 483 46 45 0.7110853
284 335 27 30 0.6646757
731 345 27 24 0.6585945
318 367 34 31 0.649815
110 338 36 36 0.6434332
183 375 38 34 0.6196238
393 334 24 25 0.61742556
899 377 31 31 0.5973494
217 335 21 22 0.57938564
968 355 29 29 0.5713496
487 317 32 29 0.5460525
28 470 79 71 0.5437522
186 316 24 25 0.5371223
597 328 29 31 0.52724516
808 323 31 26 0.52591556
678 414 41 38 0.52588
-4 361 21 27 0.50583017
326 298 24 26 0.49700928
804 430 36 36 0.4938036
30 586 93 86 0.4818162
327 373 16 20 0.43776166
681 316 15 14 0.42837465
166 492 48 43 0.41765994
398 339 16 17 0.4156064
966 564 51 52 0.4144656
612 317 34 31 0.41437346
498 324 14 16 0.4031018
269 289 28 31 0.39766553
294 345 8 11 0.37773663
740 353 8 9 0.37291425
280 296 12 12 0.3670069
537 308 10 8 0.365169
78 319 14 15 0.36148393
669 307 29 26 0.3427761
396 300 20 18 0.33772153
199 275 13 13 0.28756708
933 329 23 17 0.27751034
975 360 18 20 0.25745255
21 296 16 17 0.23859169
123 303 14 12 0.23812293
333 306 9 8 0.23139156
406 306 6 7 0.2206071
574 295 8 6 0.21539022
900 353 45 37 0.20627609
808 356 36 33 0.2046694
977 305 18 18 0.20023029
5 359 26 31 0.19795932
458 307 10 9 0.19658494
469 380 21 28 0.1959425
889 307 29 31 0.18571022
683 427 33 31 0.17548345
252 258 14 13 0.17192875
191 379 20 20 0.16832766
135 282 6 5 0.16759947
987 314 13 14 0.15124153
63 286 4 4 0.14090924
548 297 17 19 0.13453108
527 277 5 6 0.1325469
397 449 34 29 0.12931456
608 277 9 8 0.12833792
771 310 5 3 0.12722474
967 271 12 11 0.12586102
831 360 24 20 0.12509687
669 283 8 6 0.1200969
825 301 30 26 0.11965137
787 284 4 4 0.11602521
633 322 13 14 0.11465806
447 273 11 9 0.114201374
80 323 8 8 0.110605
226 341 6 8 0.11047004
928 330 31 29 0.10872323
817 329 13 17 0.10828287
467 307 25 24 0.10681084
865 275 5 4 0.10414506
529 340 40 37 0.10168594
920 299 12 8 0.10081306
311 264 17 15 0.10027103
896 306 15 14 0.09935888
38 299 12 11 0.09392779
155 279 11 9 0.0860321
778 255 7 6 0.08580422
456 259 12 11 0.08532095
176 271 23 20 0.08513891
406 460 18 17 0.0844452
176 495 26 26 0.08389933
12 282 2 2 0.08364802
298 345 37 38 0.083288595
846 295 5 5 0.082309484
42 183 14 11 0.07924871
995 366 27 22 0.07878729
139 238 5 5 0.07811953
102 286 2 2 0.07524655
735 300 5 4 0.074284084
893 368 32 28 0.07344881
300 278 7 7 0.07210507
909 303 24 24 0.07105578
937 544 87 71 0.07061166
909 259 12 11 0.069618575
4 343 28 29 0.06946855
667 294 7 8 0.06932405
20 298 4 3 0.06902569
56 371 18 16 0.06901771
261 259 7 6 0.06552269
991 311 7 6 0.061085194
95 306 26 22 0.060890533
606 335 12 16 0.060576428
612 261 14 13 0.06054244
664 250 6 5 0.060062286
183 177 9 9 0.05952964
382 396 18 18 0.057826728
470 360 33 36 0.05750405
834 310 6 4 0.056705303
968 351 14 15 0.0565039
124 182 11 9 0.055040136
173 176 14 12 0.052300595
465 253 4 3 0.052137405
7 178 18 15 0.051385924
406 447 18 20 0.051054202
152 487 77 64 0.050981525
784 418 69 56 0.04963641
245 258 8 6 0.04952273
124 347 14 17 0.048533145
222 332 19 15 0.04817708
83 186 8 5 0.04600945
752 300 14 15 0.04596355
701 249 10 9 0.045833264
749 284 3 3 0.044369895
818 271 2 2 0.043491162
1010 269 7 7 0.04344807
188 234 15 11 0.0431181
265 270 8 6 0.040435556
634 256 5 4 0.039988887
28 180 17 15 0.039483074
548 438 26 32 0.03940889
335 274 4 3 0.03880777
820 405 18 18 0.03815808
192 323 12 10 0.037421796
979 260 15 15 0.03548996
519 248 6 6 0.033936642
770 267 18 17 0.033184428
418 252 3 3 0.03224605
772 309 2 4 0.03083561
455 463 37 30 0.030653061
684 319 9 9 0.03051096
577 279 4 5 0.029729955
495 319 23 19 0.029016359
923 273 8 7 0.028533097
170 223 20 16 0.028213626
455 481 25 25 0.026604244
659 327 36 41 0.026053952
35 340 15 15 0.026051024
379 255 6 4 0.025761265
112 273 16 14 0.02517126
668 226 11 8 0.02348897
30 271 16 16 0.023472263
744 388 105 88 0.022690259
715 235 8 7 0.02239464
444 304 41 36 0.022239923
989 573 39 38 0.02218769
411 364 16 15 0.022120457
64 488 43 41 0.02154935
838 393 21 19 0.021147117
541 311 1 3 0.021051424
910 505 34 31 0.020929316
-8 453 27 43 0.02077983
584 432 40 35 0.020526117
673 263 12 12 0.020452365
113 213 16 13 0.020347018
