2_Demonstration_Political_Rally_2_301
24
616 398 19 21 0.14565717
523 261 10 9 0.14357702
674 332 12 11 0.081527986
637 274 8 6 0.07078603
683 265 8 7 0.07022761
267 324 216 153 0.054299094
551 274 10 8 0.04749908
475 253 9 8 0.045562673
681 335 9 10 0.04325776
606 396 34 25 0.042436108
560 277 8 6 0.041420877
250 252 11 8 0.039161924
391 253 10 9 0.038453892
678 272 8 6 0.035306804
326 254 9 8 0.034568317
179 249 11 10 0.0339598
627 271 5 6 0.031721547
695 271 11 10 0.031204354
936 371 15 13 0.030965684
603 387 47 45 0.030923462
413 255 12 8 0.029803207
342 259 8 5 0.02318204
378 257 7 5 0.022507265
196 255 6 4 0.020430578
