2_Demonstration_Protesters_2_156
26
244 313 55 57 0.8093416
427 320 52 61 0.79106677
610 336 50 55 0.78947294
134 324 38 42 0.7085887
739 435 55 56 0.69625425
-4 317 22 31 0.5575805
40 281 58 59 0.5334997
981 0 41 48 0.51868373
399 295 107 112 0.40092298
351 500 19 24 0.106876135
120 313 68 69 0.0814657
553 143 9 10 0.064818
66 300 176 150 0.05350269
547 134 13 13 0.043163814
616 128 12 11 0.04113322
905 604 144 123 0.038111005
747 457 31 28 0.03702709
934 277 17 20 0.035857007
345 114 11 13 0.03576911
502 492 50 46 0.030137729
341 496 33 30 0.027328493
254 325 35 38 0.026038347
548 124 16 13 0.02499835
250 135 13 14 0.023798112
866 582 227 191 0.023081526
112 322 42 45 0.020114977
