2_Demonstration_Protesters_2_131
81
126 619 19 20 0.48564836
30 594 24 24 0.44075558
475 558 23 22 0.40438688
185 589 19 18 0.39171806
305 595 19 16 0.32119197
373 607 26 28 0.2967954
260 582 26 22 0.28449628
863 571 15 15 0.2455787
218 625 8 9 0.24140073
193 660 23 22 0.22201732
92 589 13 15 0.22041385
302 557 18 18 0.218083
259 656 26 23 0.21001418
44 571 19 18 0.16857663
955 561 19 16 0.16183996
468 553 19 17 0.14446218
963 559 17 18 0.14356041
269 663 18 17 0.12636086
406 540 16 13 0.1243797
36 561 21 17 0.122906595
378 603 18 19 0.1120477
190 564 11 9 0.11006733
824 517 10 9 0.105236955
602 557 15 13 0.10464405
551 553 9 9 0.10252591
849 565 18 16 0.09852076
827 511 14 14 0.0942927
885 617 23 21 0.087541655
470 612 16 15 0.08500449
981 583 14 15 0.077038206
541 551 17 16 0.075211324
150 541 12 11 0.07272047
131 591 8 10 0.065438285
558 563 10 9 0.06362217
198 238 65 56 0.06335682
792 540 6 5 0.06197463
839 548 15 14 0.058317855
461 628 23 22 0.057560302
356 562 4 4 0.057505537
253 144 50 54 0.057427697
490 227 136 121 0.057324797
367 562 8 9 0.055429842
783 520 7 7 0.054604135
458 545 8 8 0.05066236
19 640 26 29 0.049231265
461 614 22 21 0.048170004
312 593 21 23 0.045222074
233 557 10 10 0.043706764
325 557 14 13 0.03979116
483 567 5 6 0.036503714
883 519 10 8 0.036275283
889 558 13 13 0.03535554
969 588 16 14 0.035326518
171 553 16 14 0.033423193
109 599 21 24 0.03284082
528 234 98 83 0.031318095
731 386 98 89 0.031082295
241 600 23 23 0.030644633
371 651 28 26 0.029884875
695 57 124 139 0.02928677
993 585 11 11 0.029017862
263 566 7 6 0.028495926
869 577 5 6 0.027278913
133 626 5 8 0.027008869
709 547 9 7 0.026957827
629 648 23 25 0.026409514
390 549 11 10 0.026171487
602 564 8 7 0.025921544
229 564 8 8 0.025837678
282 257 40 34 0.025414657
698 111 49 55 0.02396239
768 542 13 13 0.023961516
1000 568 17 17 0.023735618
743 519 6 4 0.023473686
901 495 8 7 0.022050293
668 520 7 5 0.021984648
861 516 13 11 0.020808196
830 570 10 10 0.020776361
521 542 10 7 0.020361118
21 557 83 66 0.020079521
727 334 100 97 0.020014882
