2_Demonstration_Political_Rally_2_746
46
598 79 43 117 0.6501749
583 56 65 162 0.56171954
972 125 20 66 0.43459606
596 339 35 100 0.40616462
523 350 44 106 0.3669066
879 97 15 54 0.33413485
217 2253 16 48 0.2793535
68 2335 28 80 0.15755437
598 311 53 139 0.093544245
834 176 8 29 0.09307326
186 2366 26 75 0.09073118
870 2270 29 83 0.08668368
475 1314 20 60 0.085676536
655 2227 15 55 0.0794764
873 2282 20 58 0.07751888
745 219 14 46 0.054360457
856 134 12 38 0.052288093
859 133 12 30 0.04480802
983 115 19 65 0.043681353
85 267 27 83 0.04355932
597 2317 18 53 0.038813744
843 175 9 36 0.03868886
183 2398 34 67 0.038585585
111 1243 18 49 0.03601119
562 77 27 85 0.035666265
631 1029 108 298 0.035409648
482 1322 17 50 0.03449223
462 508 47 112 0.033350196
161 1256 15 45 0.033207368
538 372 28 74 0.032290097
102 1412 106 319 0.03205433
504 265 99 304 0.03198675
871 2248 25 72 0.031528253
398 1337 16 50 0.03151043
220 2358 28 81 0.0265875
291 1295 21 69 0.025796885
690 1515 63 220 0.025420243
654 96 24 71 0.02395854
233 1251 15 43 0.02365543
736 1492 81 261 0.023474991
366 808 128 367 0.023171062
606 110 21 66 0.023097804
132 2302 13 41 0.022618493
386 2319 39 86 0.022605427
665 1495 115 417 0.02179537
668 1611 146 446 0.021749074
