2_Demonstration_Protesters_2_577
20
807 546 27 28 0.6983298
603 554 29 28 0.5319322
471 444 27 26 0.46098852
157 466 26 27 0.35613176
608 562 21 17 0.31028348
161 459 23 24 0.29301605
465 77 62 49 0.17803095
0 406 16 24 0.1272941
103 450 16 16 0.07238786
302 441 29 28 0.050264988
483 454 6 9 0.03917184
373 121 112 101 0.034148112
123 456 8 7 0.03254769
124 477 168 155 0.028133405
98 455 11 11 0.024156252
845 540 120 112 0.023164803
834 483 142 144 0.02315153
152 358 156 148 0.02151843
186 438 30 30 0.021291897
361 551 136 119 0.020735957
