2_Demonstration_Political_Rally_2_365
34
450 293 96 108 0.7968947
724 128 243 321 0.7222881
213 343 81 72 0.53724
107 144 28 26 0.33783668
399 393 21 20 0.0915238
382 400 16 13 0.088226
415 367 23 22 0.085012086
156 150 33 30 0.075497665
223 551 154 137 0.07135392
655 197 88 105 0.04899696
6 136 45 50 0.046759494
286 602 57 55 0.045030713
466 328 47 47 0.043291107
330 418 12 11 0.042537533
390 385 24 24 0.042268585
27 228 66 66 0.041560575
348 398 16 15 0.038695272
428 309 80 66 0.035324126
25 160 57 77 0.03448215
136 236 73 70 0.03421455
-17 378 116 218 0.033015173
258 587 90 83 0.029131828
106 149 40 30 0.02883593
314 418 17 12 0.02495582
629 204 153 114 0.0246815
328 382 22 24 0.024043374
380 157 30 29 0.023371015
811 193 221 203 0.022720026
492 318 46 48 0.0226764
307 178 32 31 0.022459397
117 401 187 160 0.021885872
287 164 60 51 0.021756643
377 386 38 30 0.021680137
94 111 29 26 0.020276764
