2_Demonstration_Demonstration_Or_Protest_2_176
42
751 282 34 38 0.70420015
60 296 46 45 0.6609329
543 292 32 33 0.63357186
359 306 32 32 0.46132585
631 310 20 21 0.4142402
815 320 19 23 0.36286867
180 328 30 30 0.34754723
483 313 22 24 0.29033783
130 323 20 21 0.28562397
176 328 21 21 0.24948192
581 300 21 26 0.22681521
935 323 18 18 0.2228969
253 324 17 18 0.21473378
472 323 14 17 0.19088608
484 323 13 15 0.18640304
825 317 24 27 0.17688192
757 286 23 26 0.15200648
877 322 17 22 0.1475633
859 323 22 19 0.13966377
485 319 12 13 0.13853237
138 330 10 11 0.1247964
818 314 24 25 0.11884495
453 326 22 23 0.11316473
144 308 17 18 0.10884816
616 308 22 22 0.10139809
927 316 18 19 0.093203954
935 318 17 17 0.082629405
914 321 18 22 0.07121483
340 306 31 30 0.07063531
817 320 14 13 0.067897975
694 307 25 24 0.045434944
548 553 85 86 0.034756783
-3 459 14 20 0.034237113
143 318 11 11 0.033365473
24 276 116 109 0.031766534
635 323 16 16 0.02809234
741 543 77 81 0.026596151
618 327 23 23 0.02575136
975 325 18 19 0.023812566
5 331 13 17 0.02314305
376 319 25 23 0.022353457
473 490 11 10 0.02002624
