2_Demonstration_Demonstrators_2_567
24
527 46 83 98 0.7844878
432 123 47 53 0.7420785
889 31 72 101 0.71461344
688 61 74 80 0.56559384
82 89 33 40 0.40571
232 127 34 42 0.20754257
82 116 22 30 0.15900758
625 128 38 44 0.14921135
641 116 53 58 0.10436916
414 321 24 31 0.10135263
707 738 103 101 0.06791655
74 98 32 43 0.067133516
214 115 36 40 0.06262074
507 54 77 81 0.06186335
549 78 32 33 0.054853488
75 166 29 40 0.050667256
245 134 44 42 0.045890823
84 133 27 32 0.041322783
237 105 60 63 0.0302004
197 121 29 33 0.029487826
317 142 31 37 0.026886106
691 75 36 43 0.025195267
680 76 56 58 0.021209499
904 53 39 56 0.020241074
