2_Demonstration_Protesters_2_779
45
551 398 84 103 0.78324443
0 340 120 151 0.78193575
971 415 50 54 0.7259842
611 230 34 37 0.72251767
716 372 77 80 0.5653941
108 430 51 54 0.5100796
853 341 25 27 0.3465946
907 409 39 42 0.31333604
616 355 51 51 0.27116206
688 414 53 61 0.2546789
619 240 15 20 0.23189364
100 411 67 62 0.22614416
918 415 21 28 0.17533913
902 397 37 40 0.15614325
436 336 18 21 0.1476428
856 346 15 19 0.13796334
838 419 39 45 0.11841479
702 425 29 37 0.117643245
265 380 20 24 0.08936436
36 346 117 123 0.0885841
733 384 51 46 0.08581507
409 342 22 22 0.06511237
108 391 52 61 0.060828455
400 373 20 23 0.060128868
980 422 37 31 0.05595585
24 378 81 103 0.054681182
391 438 32 34 0.052830923
683 380 54 69 0.045264393
-25 368 177 151 0.04384551
505 572 204 203 0.042057537
89 430 90 77 0.041972976
80 371 73 94 0.041861944
437 468 25 30 0.04101734
428 618 82 82 0.040546194
272 385 15 16 0.038038913
844 374 40 57 0.03307859
489 293 28 30 0.032022487
57 369 119 125 0.031441454
943 396 38 36 0.028008208
464 10 61 46 0.027693808
952 410 92 87 0.026645442
750 384 46 34 0.026612993
808 397 90 69 0.02509327
-6 384 78 92 0.021467406
225 432 26 33 0.020462532
