2_Demonstration_Demonstration_Or_Protest_2_117
138
907 609 42 40 0.7371046
10 521 33 33 0.7042624
157 417 32 31 0.65725356
512 436 33 32 0.6412631
606 461 28 26 0.6334786
693 457 39 35 0.62562513
365 421 36 34 0.59052664
434 426 31 30 0.587938
649 410 52 47 0.5794279
967 430 29 28 0.5646245
280 436 32 32 0.549827
773 519 47 46 0.523744
226 418 29 26 0.5194045
596 434 21 21 0.42996657
933 477 31 28 0.41883278
931 469 43 42 0.4179416
974 436 19 17 0.41691303
678 438 68 62 0.4088694
806 463 31 27 0.39305264
882 497 29 31 0.38808146
174 385 17 16 0.38499132
618 404 38 34 0.38366655
403 356 25 23 0.37232742
123 430 21 23 0.341958
65 414 24 29 0.3393893
664 422 43 41 0.33671397
133 345 15 18 0.32723904
182 335 20 17 0.30857527
274 334 19 20 0.30062482
745 265 20 20 0.28657135
986 258 25 24 0.2780673
369 361 18 16 0.25549263
32 305 23 21 0.24603201
611 465 18 17 0.2438006
24 423 15 12 0.23974212
181 385 15 15 0.23786333
992 266 20 18 0.2134987
592 299 33 33 0.20995577
27 419 21 23 0.20989871
840 474 27 28 0.20085435
294 355 15 16 0.19708715
44 420 18 17 0.18854141
784 534 22 24 0.18693176
300 348 23 22 0.1807638
672 268 16 16 0.16606301
135 346 11 10 0.15401846
607 435 20 20 0.14500253
178 340 18 19 0.14048533
424 334 15 13 0.13870801
822 470 23 24 0.13716309
91 309 13 14 0.1334923
6 407 18 14 0.1253154
907 484 35 33 0.12069042
170 428 7 8 0.11928571
370 340 20 18 0.117399864
264 339 20 21 0.11138877
877 507 38 36 0.109896496
771 285 28 23 0.10973704
614 307 22 18 0.10125576
50 405 19 15 0.10111627
104 423 24 30 0.099067
666 426 15 16 0.09903295
817 455 33 30 0.09489241
224 400 24 21 0.093303174
135 353 13 13 0.09064903
712 370 24 24 0.09049409
808 459 23 22 0.087164015
442 352 13 13 0.07764205
203 370 10 9 0.076981485
529 406 23 21 0.076657645
884 242 22 19 0.07620585
770 294 18 19 0.0742192
491 331 8 8 0.07403071
919 288 30 31 0.07127201
535 384 26 22 0.07118321
820 251 26 23 0.06816301
170 390 10 8 0.0674092
97 311 7 8 0.0663562
846 218 26 20 0.06624784
437 333 14 14 0.0637369
603 452 19 18 0.06202871
123 387 17 15 0.06051619
925 241 19 18 0.060069222
904 247 22 21 0.05805409
811 290 21 21 0.05639993
305 212 19 20 0.05549147
980 432 23 24 0.055345904
22 406 16 17 0.054760475
330 404 20 18 0.053192496
964 439 23 25 0.05249911
36 449 23 25 0.052159157
525 426 13 16 0.051912546
773 311 16 15 0.05180916
628 255 20 18 0.048380803
926 486 24 24 0.047754094
852 222 14 13 0.047324415
112 395 14 16 0.04655991
223 359 12 14 0.0462981
514 299 14 15 0.045964733
76 414 14 12 0.044560492
428 397 38 33 0.043834753
369 423 25 21 0.0418843
481 429 30 30 0.04140048
198 315 20 18 0.0412261
502 420 59 70 0.040036093
534 381 17 16 0.039803952
498 426 50 39 0.039417043
962 213 11 14 0.039200045
674 298 15 16 0.039090745
984 211 21 21 0.037008096
233 409 18 19 0.036657766
40 332 24 23 0.03643513
954 217 9 9 0.035956174
157 344 9 8 0.035350323
602 451 45 46 0.034794074
883 214 26 19 0.034039233
943 484 12 16 0.033943966
382 375 21 21 0.03315483
749 281 13 13 0.032469895
537 373 38 32 0.030469941
729 398 14 16 0.029414417
482 309 17 16 0.02922877
596 411 11 13 0.028814817
958 280 21 29 0.02843268
330 403 31 29 0.0267665
817 483 36 35 0.026727756
467 334 11 13 0.024851529
749 470 28 26 0.02479683
701 459 20 23 0.024409194
685 334 19 18 0.023814462
728 390 24 26 0.023665711
670 282 18 16 0.023368513
47 325 28 24 0.022909733
363 349 21 16 0.02230497
162 403 8 11 0.021825925
929 218 15 11 0.021725701
17 303 24 26 0.020471241
434 405 19 20 0.020430205
