2_Demonstration_Demonstration_Or_Protest_2_367
46
381 247 77 83 0.78797823
781 346 57 56 0.6521423
37 274 26 32 0.6142568
306 307 23 23 0.48600575
116 259 35 36 0.4810145
496 225 77 86 0.47040883
259 275 33 38 0.45183054
951 347 68 99 0.37093672
504 248 55 57 0.34496212
182 306 24 25 0.33870754
196 273 22 23 0.32329932
192 289 20 25 0.24280928
91 262 13 16 0.21467486
395 269 47 47 0.15355547
103 262 25 31 0.1375458
56 254 10 11 0.12307892
97 258 18 18 0.10609723
172 313 30 34 0.10554836
90 269 16 16 0.10467488
118 255 24 28 0.10199481
453 228 60 59 0.10005032
189 317 25 28 0.099787936
222 261 48 48 0.08231046
336 160 13 16 0.06943617
789 357 35 40 0.066111445
618 301 36 38 0.064339474
656 298 32 35 0.06182461
42 253 14 16 0.056805406
400 242 84 104 0.05368507
907 311 149 158 0.045365218
126 262 17 21 0.041872434
921 318 101 110 0.040590588
18 261 7 8 0.03957401
398 47 245 220 0.03489509
446 78 147 133 0.034473598
460 263 49 55 0.030269496
335 296 25 32 0.029691659
828 200 86 78 0.027269963
261 263 41 42 0.026611578
46 282 12 17 0.025740318
411 65 19 19 0.024545118
491 360 134 118 0.022848353
68 285 102 100 0.021907838
214 254 107 101 0.020696068
293 281 20 22 0.02065131
382 43 96 85 0.020443097
