2_Demonstration_Demonstration_Or_Protest_2_471
53
180 177 83 106 0.60234135
745 220 81 92 0.5857058
651 353 34 38 0.5703861
395 224 44 48 0.46856812
587 294 57 67 0.4681842
397 506 47 51 0.4484595
656 361 22 24 0.42279628
341 172 44 47 0.38692334
432 273 43 49 0.36174008
445 504 41 46 0.34312165
1004 287 24 40 0.33440185
428 455 33 34 0.32959434
381 487 96 89 0.32591313
566 272 97 110 0.3258427
355 180 26 30 0.24203624
471 415 22 21 0.23895942
437 452 36 40 0.22859246
75 138 88 105 0.22704819
467 455 36 41 0.21567442
224 416 38 42 0.19980337
760 247 47 51 0.18496697
813 441 32 38 0.15021098
452 410 26 25 0.14889045
202 405 64 60 0.1353435
576 356 32 33 0.13037366
505 160 35 50 0.11094873
573 363 40 42 0.10569654
704 168 35 34 0.09240337
607 443 35 35 0.07933621
1003 651 18 23 0.07535004
441 282 26 35 0.062330764
431 402 37 37 0.053927913
496 165 48 68 0.053861637
459 494 55 62 0.04962422
221 192 35 65 0.049297832
418 403 33 34 0.047788117
532 434 27 28 0.04598785
605 303 42 50 0.044129297
223 489 29 33 0.04183302
152 28 24 30 0.037096947
489 184 35 43 0.036415525
864 155 48 45 0.033398453
348 487 86 90 0.032327622
831 141 82 80 0.03176046
152 122 147 153 0.02782872
548 485 34 46 0.026309432
886 284 47 47 0.026150407
508 265 139 128 0.024792038
870 304 55 55 0.023842553
340 433 142 141 0.023486726
91 143 57 78 0.023368225
997 308 27 43 0.02332469
738 509 258 234 0.022854527
