2_Demonstration_Demonstration_Or_Protest_2_420
75
299 171 65 42 0.5923638
798 185 57 40 0.5709414
199 267 70 62 0.3663959
587 174 46 35 0.3583255
358 170 54 39 0.32227552
461 172 48 32 0.2693106
984 200 35 33 0.20302066
692 149 41 31 0.19713654
960 193 30 26 0.17355038
484 162 28 18 0.15924124
978 142 34 29 0.14670898
713 165 63 47 0.14512904
2 306 41 39 0.1335965
633 127 26 18 0.12759061
691 147 31 21 0.12533239
661 270 30 26 0.12208781
829 152 39 25 0.1163352
971 124 25 17 0.11087818
483 180 17 15 0.10488824
584 157 56 33 0.101199254
699 159 46 29 0.086057946
159 198 53 39 0.085714966
539 153 25 18 0.0787593
528 182 29 18 0.07789526
411 159 31 23 0.07545346
860 121 11 6 0.06495163
100 265 44 35 0.06424712
87 259 68 51 0.06331258
644 41 18 12 0.061892834
216 155 56 34 0.06137356
671 161 75 54 0.06066333
398 220 35 26 0.060240317
976 131 31 21 0.059578583
685 130 32 21 0.05788019
854 76 18 11 0.05712043
910 106 16 8 0.051111415
905 186 42 28 0.051083013
592 165 31 23 0.05107076
228 173 37 29 0.050776817
748 152 31 24 0.049447328
818 113 14 9 0.04799679
1007 97 9 6 0.04780055
411 228 19 17 0.046047304
188 157 35 26 0.044697627
768 127 23 15 0.042897616
826 184 45 35 0.041564785
741 269 33 28 0.03771249
955 199 27 15 0.03746155
969 112 12 7 0.03662933
844 121 16 9 0.035688207
754 107 15 9 0.034874186
623 106 21 12 0.03190761
968 122 16 10 0.03187222
901 126 19 12 0.031239826
860 98 13 7 0.030254945
291 153 50 31 0.030036276
555 156 17 11 0.02901506
594 185 33 26 0.02773564
21 123 25 17 0.02675842
90 152 49 30 0.026634917
916 121 17 9 0.02649679
976 133 16 12 0.025630942
525 181 23 13 0.024974372
162 177 62 47 0.024287716
687 99 18 11 0.023822939
802 193 28 17 0.022258088
87 101 58 30 0.022146976
-6 289 55 48 0.02163483
898 149 32 19 0.021371093
391 240 58 49 0.021368215
109 96 16 10 0.021295147
411 256 26 22 0.020985963
876 -1 57 22 0.020693922
707 157 58 37 0.020382635
611 102 25 13 0.020081667
