2_Demonstration_Demonstration_Or_Protest_2_494
19
40 396 103 103 0.7696704
471 276 77 79 0.597227
490 291 40 49 0.20275326
293 406 14 15 0.083039284
66 236 26 29 0.06679795
294 402 26 27 0.045316365
51 409 39 60 0.04332545
17 231 18 23 0.041192975
342 394 64 60 0.03348701
251 489 40 31 0.03243808
338 580 107 88 0.030565923
755 275 38 39 0.029912578
274 395 32 31 0.028406354
230 428 22 24 0.026515516
461 289 56 53 0.024868542
6 397 87 82 0.023563059
33 350 167 153 0.022339784
497 289 24 38 0.020931255
0 227 22 22 0.02004985
