2_Demonstration_Protesters_2_91
33
955 213 44 34 0.7444568
339 247 29 21 0.5364854
390 241 25 17 0.4733314
774 237 39 28 0.46542656
778 242 24 18 0.4181602
817 250 22 16 0.4086655
536 246 17 11 0.27659065
288 192 16 12 0.20994726
916 233 20 14 0.20854953
915 219 31 27 0.20442392
534 260 14 9 0.1802948
818 243 25 18 0.09267239
591 262 13 9 0.0899294
658 276 15 12 0.07119453
377 236 38 26 0.06971326
767 256 15 12 0.062217645
779 247 28 23 0.059930477
635 247 14 10 0.049496423
901 250 26 19 0.03989229
287 195 22 15 0.039006624
926 300 17 15 0.037561323
637 258 9 7 0.036738936
668 268 14 10 0.03596719
912 246 13 9 0.033291955
243 190 8 5 0.03003281
313 310 23 19 0.028560735
788 246 12 12 0.028087601
257 190 14 8 0.026592502
611 260 10 8 0.026133517
730 247 8 7 0.024088675
722 261 10 7 0.022774389
166 275 10 8 0.022231584
796 244 39 31 0.021284485
