2_Demonstration_Demonstrators_2_654
36
581 168 40 38 0.6901314
712 131 23 22 0.66848713
450 160 35 35 0.6407644
292 149 38 37 0.6168105
827 133 29 26 0.61567557
595 115 24 23 0.47212052
158 104 21 19 0.4411723
835 136 16 20 0.3204655
718 190 31 27 0.28384057
949 189 33 33 0.2732163
250 112 35 30 0.18068771
1002 413 20 21 0.17244108
435 149 70 60 0.16392547
358 158 25 25 0.15054496
996 284 28 38 0.14441173
250 111 21 17 0.108413
391 271 25 21 0.107656255
726 193 15 16 0.076320305
403 277 13 12 0.07446351
708 118 30 30 0.06691676
988 113 17 16 0.059098396
974 145 24 24 0.057174668
648 270 23 24 0.05061611
361 161 14 15 0.047897268
1 66 26 25 0.039641507
924 104 13 11 0.036578115
714 125 19 20 0.036073968
238 90 16 13 0.034033623
241 123 22 17 0.030744793
147 148 34 34 0.028494809
190 -2 73 65 0.028287133
471 111 20 15 0.02757837
978 296 45 75 0.025823029
474 117 14 13 0.023763685
-9 558 183 142 0.020513939
372 257 33 31 0.020187456
