2_Demonstration_Political_Rally_2_22
42
68 389 114 117 0.8159276
571 480 58 58 0.71329415
378 337 70 66 0.5607306
575 413 28 30 0.4521712
451 384 31 32 0.4431248
969 325 45 52 0.31218302
763 358 37 37 0.28883776
430 440 26 26 0.2560316
1002 388 20 32 0.18473361
565 408 32 36 0.16652574
459 389 13 14 0.14102703
760 380 33 37 0.099966526
214 80 136 121 0.07187663
879 313 28 28 0.07020038
343 128 135 98 0.06883844
78 400 57 68 0.058748573
483 416 20 21 0.05784915
766 330 42 55 0.057741445
740 261 25 25 0.05073416
903 203 83 71 0.04889852
816 175 111 97 0.04718987
882 319 17 15 0.046802074
543 82 61 59 0.039375983
871 423 38 44 0.03853446
248 113 47 46 0.037442688
426 450 17 15 0.034736313
369 315 115 90 0.03344991
49 354 144 112 0.03032513
877 411 43 39 0.029321093
399 379 43 40 0.029162316
812 398 46 41 0.026176943
237 81 238 169 0.02530863
373 112 186 132 0.024033697
38 392 92 84 0.02354431
884 328 42 40 0.02292082
961 316 25 26 0.022006953
459 412 200 165 0.021764647
120 402 100 84 0.021539116
438 410 43 40 0.020952046
403 197 60 58 0.020881634
35 384 24 23 0.020858128
367 309 57 57 0.020573562
