2_Demonstration_Protesters_2_12
91
825 334 51 51 0.73259217
914 328 56 61 0.6915358
176 302 45 45 0.6612209
291 288 53 46 0.6100694
400 268 34 33 0.5969889
768 287 43 38 0.5829686
52 308 53 53 0.5717116
3 344 88 78 0.5658862
371 327 50 48 0.54163736
629 324 66 70 0.51817113
689 286 29 27 0.44572714
678 284 49 47 0.43999138
418 330 64 59 0.4098384
796 275 70 57 0.40008867
492 319 54 55 0.39690134
907 307 46 43 0.39270824
755 342 48 47 0.38768694
633 348 61 68 0.38555896
604 313 40 36 0.35088763
815 285 40 39 0.3165446
496 311 43 46 0.31280938
377 295 24 27 0.30915052
641 320 47 36 0.30031517
888 311 112 99 0.29912832
26 297 86 77 0.27106652
540 569 23 24 0.26591063
652 583 67 60 0.26414856
347 300 93 97 0.2540898
285 273 66 80 0.22453669
629 531 19 20 0.2083879
384 328 60 53 0.20577146
379 251 68 68 0.20131691
339 319 25 26 0.18524149
23 372 46 41 0.17671402
935 340 36 40 0.1699975
993 313 26 32 0.16612336
1005 324 19 20 0.15252252
973 331 32 47 0.1462975
1002 334 24 24 0.13813828
424 347 38 43 0.13687515
921 318 20 22 0.13058335
165 343 31 38 0.12857494
224 298 32 32 0.12462028
304 303 31 33 0.12076215
473 260 21 19 0.10538879
773 348 21 26 0.103744164
615 599 46 45 0.09811746
644 373 40 38 0.08469067
44 326 46 40 0.07773847
217 295 31 25 0.076401204
12 356 39 45 0.07120374
330 326 35 39 0.06577074
726 272 22 26 0.062918045
315 288 44 46 0.06144832
491 365 26 30 0.057746463
776 362 13 16 0.056073308
478 268 10 11 0.052643944
188 313 17 18 0.05164717
546 264 20 17 0.050773405
528 563 36 32 0.049724035
692 271 37 32 0.048908804
673 267 60 43 0.048046127
622 322 58 51 0.045565605
731 280 9 10 0.04494896
304 296 61 54 0.04461687
596 569 20 20 0.043323677
778 294 26 26 0.043262556
377 315 26 27 0.042331118
670 519 19 19 0.04178207
171 333 43 43 0.0416107
162 356 27 28 0.040945098
66 335 38 45 0.03884969
296 296 26 31 0.03716417
823 287 57 45 0.036957685
696 276 21 18 0.036725987
400 284 24 23 0.033281725
76 369 24 23 0.033247277
654 358 57 53 0.030556226
548 106 127 120 0.02818873
246 306 37 35 0.028169205
472 587 23 21 0.02811921
564 339 132 112 0.02798053
815 331 42 52 0.024891028
46 358 38 32 0.02384243
730 316 12 14 0.023597661
109 133 160 135 0.023441708
899 301 82 69 0.023300117
776 212 108 101 0.022793595
594 602 44 42 0.02098516
849 345 26 27 0.020435931
517 543 119 94 0.02040395
