2_Demonstration_Political_Rally_2_584
25
648 477 124 176 0.74839354
210 180 32 60 0.69020706
576 574 31 65 0.15489992
55 668 108 190 0.12026033
19 564 84 176 0.1132483
43 546 69 149 0.09195899
891 477 15 31 0.086790495
67 331 213 405 0.040669877
648 975 223 365 0.03813833
56 571 42 92 0.036819633
131 409 120 248 0.035448864
914 1041 127 228 0.034838106
-7 589 107 260 0.033624332
688 501 66 124 0.032952204
99 660 128 215 0.029065063
57 453 84 170 0.02867217
894 486 12 31 0.028505653
232 400 62 112 0.027970592
661 1035 161 244 0.026731884
736 973 158 265 0.02587369
870 577 70 165 0.023634782
60 400 80 145 0.023398977
884 1160 184 287 0.023018926
848 978 221 403 0.021622594
286 681 79 181 0.0212675
