2_Demonstration_Demonstration_Or_Protest_2_450
41
194 277 39 57 0.5579872
583 271 40 55 0.5333989
427 329 56 66 0.34240842
709 311 26 39 0.23269324
395 310 29 32 0.13438924
856 360 8 10 0.10827626
413 338 33 40 0.10650715
295 347 23 30 0.10163907
41 384 13 16 0.09533078
814 365 7 9 0.09364821
957 348 11 13 0.09178067
753 342 13 18 0.08804559
475 315 36 46 0.08369218
911 331 12 14 0.0830033
903 330 10 10 0.078181885
467 385 33 34 0.06943393
696 329 46 50 0.057974983
11 418 10 18 0.0567654
4 394 9 12 0.053633466
732 330 19 22 0.051748138
750 346 8 10 0.04656739
740 332 15 20 0.043715373
29 383 12 19 0.041001916
997 432 14 23 0.038155325
163 737 130 170 0.03670794
895 352 9 12 0.036376722
131 250 91 106 0.03633638
579 330 36 53 0.03529208
446 366 47 53 0.03304615
924 450 12 16 0.033034272
886 352 8 11 0.031814784
738 198 152 172 0.031105446
995 353 13 15 0.029859807
468 405 37 47 0.029102009
974 347 8 13 0.029044522
836 168 209 230 0.028177204
965 334 10 12 0.025914038
835 355 10 15 0.023030492
519 446 35 43 0.022127893
424 321 86 101 0.021616114
208 296 37 43 0.020207282
