2_Demonstration_Political_Rally_2_637
56
728 406 27 39 0.6738155
6 382 30 50 0.66525143
282 353 37 51 0.62891275
731 98 54 69 0.6231008
454 365 38 50 0.5875079
722 76 77 116 0.50342196
168 396 31 42 0.48957923
902 401 20 29 0.41863048
662 390 35 47 0.38686752
910 405 14 21 0.3128346
620 357 21 26 0.24398711
467 359 22 34 0.24373318
361 394 33 43 0.24123219
618 289 20 27 0.23518266
875 539 26 36 0.19626293
145 377 67 80 0.18903339
360 412 23 33 0.18529859
845 380 20 25 0.16679947
882 559 14 19 0.15831417
556 365 22 30 0.15370737
176 394 36 46 0.14819148
672 403 14 23 0.14199607
881 550 25 32 0.13496809
889 423 13 20 0.11982436
881 547 18 22 0.11952529
10 394 19 31 0.11323336
736 417 10 17 0.10529801
369 404 20 25 0.09637038
804 520 17 26 0.09049442
624 292 9 13 0.08755901
665 409 17 28 0.078491636
760 521 21 27 0.07005331
843 363 25 29 0.06622705
947 696 22 24 0.04988536
509 670 28 46 0.04706826
881 422 23 30 0.04450868
628 220 17 25 0.041870017
10 399 13 22 0.041181535
264 382 25 37 0.038669623
351 398 52 58 0.03719959
235 419 31 40 0.03049078
270 350 37 54 0.029027395
404 590 196 240 0.028978871
645 347 80 99 0.02807361
796 470 42 55 0.026436647
451 618 103 152 0.025129048
79 446 115 142 0.02337604
844 430 16 22 0.023336453
714 47 112 173 0.023024566
759 513 31 40 0.022434276
875 739 89 126 0.021791598
741 406 15 25 0.021546584
750 400 25 31 0.020784322
818 417 29 40 0.02069557
699 304 16 22 0.020364758
258 500 88 106 0.020087514
