2_Demonstration_Demonstrators_2_666
21
914 126 51 46 0.71477723
904 310 123 174 0.07119442
607 544 192 133 0.07033417
652 205 180 123 0.06564463
855 518 246 184 0.04399494
701 222 107 89 0.04253662
901 111 74 66 0.041608002
881 110 117 84 0.040348254
767 92 166 124 0.038558945
918 191 22 24 0.031380262
182 436 197 168 0.0299907
365 67 130 107 0.027765512
425 154 39 38 0.027601738
-17 311 94 74 0.026554758
457 335 240 184 0.025962064
-8 379 254 211 0.02305972
477 154 452 318 0.022680072
388 391 302 235 0.022354597
25 580 108 84 0.021685164
-76 277 280 210 0.021308701
910 138 63 48 0.02051567
