2_Demonstration_Demonstrators_2_547
50
215 141 58 59 0.7317648
680 141 60 64 0.7110707
876 179 41 44 0.62434816
820 143 50 55 0.61933434
414 188 34 37 0.60792893
924 201 40 39 0.59804666
484 165 41 40 0.5436026
987 207 32 41 0.46187302
-5 218 30 29 0.44322845
933 210 21 22 0.35092145
468 156 69 68 0.30151528
646 171 38 38 0.2371831
651 128 112 99 0.22229275
453 200 37 37 0.2124567
652 166 23 37 0.1776503
759 205 29 32 0.1534867
963 550 31 37 0.15126985
441 191 39 38 0.13553749
887 182 24 33 0.12600406
168 175 8 11 0.124766976
176 174 20 23 0.09471028
203 130 86 91 0.09122001
463 209 16 18 0.07452486
632 166 33 35 0.070323564
165 214 33 37 0.068858184
201 184 18 24 0.061166044
615 151 78 79 0.05532456
186 165 22 25 0.053467788
426 202 10 12 0.048048522
1004 410 19 22 0.047420677
474 212 24 23 0.04578024
660 170 46 45 0.037299987
95 226 23 24 0.03516177
760 189 38 41 0.034684196
36 246 28 23 0.034121055
767 181 61 57 0.031229673
405 205 27 28 0.031042399
770 212 13 15 0.02921598
820 155 29 29 0.02909376
62 275 150 136 0.028900892
669 161 35 39 0.026863301
3 224 13 19 0.025747644
690 617 72 73 0.023192586
32 29 21 19 0.022761684
212 127 146 135 0.022260668
190 161 73 65 0.02180862
953 208 39 36 0.0215129
918 181 78 81 0.021459159
994 191 29 38 0.021456884
473 340 40 37 0.020067362
