2_Demonstration_Political_Rally_2_171
40
117 563 28 32 0.68032295
44 713 40 48 0.6007769
145 718 37 39 0.5943341
853 659 55 79 0.5890475
619 675 57 62 0.5888887
738 722 53 49 0.5713129
404 712 50 54 0.4995928
441 654 31 36 0.4936495
100 627 46 53 0.48728108
1002 628 21 25 0.4697331
312 634 22 23 0.19014727
946 621 15 15 0.1733073
598 699 50 49 0.17327201
49 728 30 26 0.17043744
950 628 9 13 0.1669343
189 652 49 48 0.15508838
300 662 32 39 0.11501564
205 664 24 27 0.10083097
418 717 53 51 0.09790658
303 703 60 50 0.063001566
40 660 35 32 0.060678545
242 725 54 46 0.05355378
50 664 18 23 0.04436147
933 608 28 30 0.044277992
819 668 68 72 0.043529265
590 714 34 31 0.04228187
321 633 21 25 0.03741036
539 654 47 45 0.034285344
524 716 58 56 0.033669803
977 624 17 22 0.0335816
294 669 42 45 0.032254566
660 669 44 55 0.027973076
70 630 64 62 0.02685375
631 688 29 38 0.023084937
418 598 24 25 0.02298729
932 626 24 25 0.022898672
624 696 24 24 0.022556877
76 724 37 31 0.022505514
438 594 35 35 0.021887882
786 566 51 56 0.02014732
