2_Demonstration_Demonstration_Or_Protest_2_771
24
462 127 114 139 0.81667376
666 475 33 25 0.63913864
661 469 49 35 0.57729065
801 496 23 17 0.4917883
134 454 30 23 0.4830834
335 312 31 29 0.12603986
2 486 15 11 0.09742811
213 483 49 33 0.09253673
134 458 20 14 0.091613166
7 483 22 19 0.074950054
442 492 49 25 0.05814542
460 150 95 81 0.0531766
478 156 116 85 0.048538163
36 459 35 25 0.046363257
806 504 10 9 0.046326302
422 22 16 11 0.03441877
447 195 146 99 0.030314535
375 489 48 27 0.029644001
538 26 14 7 0.02865288
541 29 6 4 0.025412112
466 167 47 48 0.024452774
974 493 17 14 0.02362729
687 164 21 13 0.022552045
283 191 153 88 0.022158768
