2_Demonstration_Demonstration_Or_Protest_2_140
226
512 574 22 20 0.56409585
949 640 29 24 0.561299
953 590 20 21 0.53274024
949 587 32 31 0.4605759
909 644 24 22 0.44450375
409 559 26 27 0.42406225
913 649 16 15 0.41454375
202 537 20 19 0.4078862
827 543 20 16 0.39630586
306 560 15 14 0.37862462
844 637 17 15 0.3621504
372 570 28 25 0.36079624
331 522 15 15 0.32044736
153 543 23 23 0.3198889
804 648 8 9 0.31636935
371 508 25 22 0.31109574
584 456 25 21 0.3045668
334 612 14 11 0.29434142
409 554 24 20 0.2872073
320 607 20 18 0.27817217
383 480 14 11 0.27525032
456 394 14 14 0.27284512
625 378 28 26 0.26942
406 650 28 25 0.2657272
185 621 9 10 0.26313317
447 485 17 15 0.25927132
184 657 15 14 0.25383976
141 590 16 15 0.23831256
229 462 20 25 0.236271
494 479 12 11 0.23495245
724 471 23 23 0.22858648
739 550 16 16 0.22767618
413 480 15 13 0.21817616
557 355 15 15 0.21690643
742 652 23 23 0.2161319
861 604 14 14 0.21538791
552 392 11 10 0.20819256
225 484 25 26 0.20482284
893 276 15 15 0.20223002
923 286 27 20 0.20158732
716 313 14 11 0.19696893
721 631 15 11 0.18351388
832 543 13 11 0.18182243
668 366 25 20 0.18015464
768 523 30 24 0.18009615
487 629 19 20 0.17952372
965 479 22 22 0.1774295
769 632 8 7 0.17489588
282 532 10 10 0.17101656
916 610 8 7 0.17044565
242 608 16 15 0.16932927
736 392 16 16 0.1681989
561 352 13 14 0.16665639
592 241 24 22 0.16588347
232 488 14 14 0.16523409
374 582 18 17 0.16384691
606 655 16 15 0.16273215
617 633 23 22 0.16239573
436 626 12 12 0.16203588
907 591 16 13 0.15771657
625 626 17 15 0.15759945
593 453 20 21 0.15710133
573 437 9 9 0.15488508
364 603 23 16 0.15351297
971 266 13 13 0.15223823
912 581 9 11 0.1522171
780 558 13 10 0.15045358
379 633 13 13 0.14648487
561 249 13 12 0.14159824
599 383 8 8 0.13860936
525 531 11 9 0.13848095
756 581 10 9 0.13627027
773 515 24 21 0.13503958
667 654 12 10 0.132498
662 272 13 10 0.13207535
634 487 16 16 0.13030204
756 583 22 19 0.12995003
721 253 7 7 0.12940834
741 172 18 16 0.12624295
526 624 19 18 0.1235738
810 571 18 18 0.12192028
148 592 17 18 0.12150641
569 441 12 14 0.12101467
686 507 10 6 0.12092177
848 289 23 18 0.120717116
822 274 12 10 0.11874127
404 394 10 11 0.11404244
572 285 13 12 0.10877617
297 516 16 12 0.10611161
526 265 13 13 0.10499515
239 583 21 19 0.103996
626 489 18 17 0.100263216
251 570 12 16 0.099043116
406 393 14 13 0.09719549
683 414 14 14 0.09482159
655 562 14 12 0.094276965
134 583 19 18 0.09317241
837 544 10 11 0.09148311
266 537 19 21 0.090706415
899 273 17 14 0.08923183
695 584 19 18 0.08660459
454 648 15 12 0.0852201
556 533 8 7 0.08517117
517 389 8 9 0.08310639
425 624 18 16 0.08251617
308 515 17 15 0.080828995
161 547 8 7 0.080086164
690 536 12 12 0.07957249
689 654 25 20 0.07907092
334 520 13 11 0.07885461
683 494 15 14 0.07644992
635 533 12 10 0.07614538
836 545 16 19 0.07590912
712 579 10 11 0.07512358
201 545 17 17 0.072643295
179 630 20 18 0.072489634
128 556 16 16 0.069684334
676 387 14 13 0.069392696
671 545 14 13 0.069013864
532 495 11 9 0.06718666
682 361 13 12 0.06712025
810 612 8 7 0.066729695
590 550 15 15 0.06522198
848 265 11 10 0.063679315
600 257 13 11 0.06250465
918 287 15 17 0.062148325
128 590 12 14 0.06191504
254 605 20 23 0.060583726
301 528 11 10 0.059474654
370 555 8 12 0.05929673
862 323 10 11 0.05890118
603 274 11 11 0.05852285
731 634 8 8 0.058073092
691 461 19 14 0.057975482
241 572 14 12 0.057479355
752 633 17 17 0.055354804
560 506 12 10 0.05506427
695 552 10 10 0.05496946
699 600 9 9 0.054734007
190 610 13 11 0.054154284
552 418 12 11 0.05406007
850 602 33 27 0.053684063
196 369 17 19 0.05295335
291 606 17 15 0.052346997
486 529 15 15 0.050684586
681 480 10 9 0.04929087
668 534 13 11 0.04913746
769 604 3 4 0.048790902
181 542 14 14 0.048723027
982 257 12 13 0.047177523
1000 248 12 11 0.04702889
132 584 42 36 0.046703734
242 566 15 12 0.04666786
963 634 16 15 0.046559468
468 483 16 15 0.046551973
541 530 14 14 0.046471875
752 294 10 11 0.04632066
559 292 12 15 0.04613608
222 619 17 17 0.044772767
13 653 14 15 0.043419994
519 505 5 4 0.042700127
685 395 18 17 0.042454768
695 509 5 6 0.04236729
693 360 19 15 0.042081587
896 286 6 7 0.042035077
677 317 7 7 0.041181274
413 572 15 14 0.040863056
700 462 19 15 0.04055187
613 382 13 14 0.0402171
536 499 13 12 0.03966725
936 277 14 11 0.038957786
699 313 12 11 0.037881754
411 528 20 20 0.037813712
492 466 18 17 0.03743049
974 543 22 22 0.03686356
757 298 15 15 0.03496745
738 487 14 10 0.034746427
58 576 14 15 0.034674123
622 535 15 16 0.034378853
832 260 15 14 0.034353256
990 263 15 14 0.033793196
589 347 13 13 0.033423923
133 561 16 14 0.033404116
391 483 18 17 0.033269286
255 567 9 10 0.032522034
310 538 20 18 0.032476902
706 390 16 13 0.031673595
928 631 11 10 0.031522147
645 562 13 11 0.03125885
393 634 18 19 0.030038984
823 636 18 18 0.030005014
121 605 12 10 0.029371755
461 588 17 16 0.028911846
538 392 13 13 0.028865239
489 537 11 9 0.02871799
915 179 9 9 0.027290346
813 634 4 4 0.027252145
820 561 6 6 0.027104499
687 641 18 19 0.026994832
301 443 14 13 0.026948811
985 636 34 31 0.026665919
899 579 13 9 0.02640092
563 470 7 6 0.02617215
850 645 9 9 0.025941744
781 264 7 6 0.02529581
599 299 14 12 0.024501635
642 464 14 13 0.024302743
233 625 16 17 0.02401444
562 271 9 8 0.023882536
607 434 15 16 0.023678565
938 533 76 70 0.023573164
736 232 8 6 0.023373382
54 579 15 17 0.023074491
159 621 16 13 0.022864647
542 258 10 10 0.022594893
167 495 15 12 0.022537583
884 227 11 8 0.022373285
637 215 8 8 0.022181874
498 508 9 8 0.022170603
951 632 40 44 0.021824256
523 370 9 7 0.021725195
392 465 24 18 0.021665582
931 227 8 6 0.020909732
753 541 10 10 0.020891706
959 552 23 22 0.020692449
273 417 14 11 0.020084763
