2_Demonstration_Political_Rally_2_763
36
283 103 96 108 0.7511032
435 201 54 59 0.7505262
522 153 106 127 0.7456588
668 187 61 67 0.71141005
793 243 91 94 0.693969
245 144 70 69 0.6474198
736 213 55 57 0.5761701
478 228 58 63 0.5086132
629 214 42 54 0.42492515
746 229 36 35 0.27078488
641 232 23 22 0.26793513
260 83 152 145 0.12465685
500 237 40 49 0.12078952
373 194 58 57 0.07336967
288 164 72 73 0.066626735
496 166 162 143 0.061650194
746 249 99 80 0.050921954
266 143 135 113 0.050088417
501 252 47 52 0.04721219
800 264 41 52 0.044944722
225 129 223 167 0.044509698
684 187 69 75 0.044449333
385 128 46 54 0.042589102
626 178 83 74 0.03759296
652 220 28 32 0.037323955
3 171 21 29 0.03448929
0 103 24 34 0.0329095
531 126 160 131 0.03266898
7 52 13 17 0.031936824
576 154 148 119 0.03161098
670 158 90 118 0.03138237
256 170 31 34 0.024398845
781 266 75 64 0.023138382
502 170 83 66 0.022477023
246 143 46 51 0.022469148
748 337 33 34 0.02064961
