2_Demonstration_Political_Rally_2_107
75
160 590 77 77 0.6885569
228 491 33 31 0.5841848
225 552 61 59 0.5000636
501 543 88 97 0.49857464
233 496 21 22 0.4325936
858 507 23 21 0.3785567
916 537 28 25 0.35593313
241 566 41 43 0.28631923
265 621 99 72 0.26886716
242 493 33 29 0.2574051
912 538 22 22 0.23894593
694 609 125 86 0.20840055
672 493 62 53 0.20163922
-1 468 72 98 0.18516421
169 498 34 30 0.1660344
688 552 105 103 0.15315713
729 558 37 36 0.15141365
105 491 56 59 0.13914785
715 544 80 69 0.1361634
970 541 23 22 0.13456644
290 507 18 20 0.13120101
960 592 28 30 0.12955505
215 622 98 67 0.12602785
108 481 89 99 0.117381714
740 542 43 42 0.11641055
370 585 50 51 0.116063274
654 514 83 68 0.11118189
651 614 123 84 0.11016267
172 614 51 44 0.10525957
297 502 27 26 0.10319814
636 530 138 151 0.101011045
271 503 31 25 0.09746889
265 491 30 23 0.0928648
890 534 35 31 0.08803828
923 643 38 38 0.075027674
189 490 29 29 0.0736087
885 596 38 39 0.07345213
84 497 83 114 0.069167495
388 510 23 19 0.06656039
291 498 20 20 0.0638925
438 507 29 26 0.06380748
814 493 16 14 0.053442977
140 597 72 62 0.051532302
-65 391 223 184 0.0505295
147 515 57 52 0.048386235
816 547 22 21 0.048020214
767 499 17 18 0.04798795
149 508 32 28 0.047598135
769 540 21 19 0.046154436
435 633 56 50 0.04373926
840 504 18 19 0.040754348
142 592 29 27 0.04048115
-5 489 79 125 0.040009145
-26 433 108 100 0.039408147
774 511 12 11 0.038149934
53 609 110 91 0.037472088
817 520 18 15 0.0371787
857 500 16 16 0.036610257
620 487 94 87 0.035508584
535 535 143 134 0.033436675
76 559 104 104 0.031266592
677 518 52 49 0.03084389
790 504 7 4 0.027872661
930 655 25 20 0.027695676
375 626 73 58 0.025916321
854 492 55 54 0.025522776
581 519 97 99 0.025466125
644 225 50 48 0.024759144
518 566 44 51 0.024516467
704 486 35 29 0.024199005
440 594 129 95 0.023938883
343 519 18 16 0.02099983
543 142 143 120 0.020884918
857 499 27 22 0.020554636
165 499 20 17 0.020062402
