2_Demonstration_Political_Rally_2_451
39
51 240 148 173 0.85795975
184 93 139 159 0.83634967
223 429 194 243 0.8215542
839 129 137 137 0.81742245
717 116 131 165 0.67545867
863 -2 46 43 0.3307843
793 18 65 60 0.313705
819 43 62 61 0.3013
872 5 29 25 0.2884575
840 60 57 58 0.2678699
707 148 100 111 0.14620991
-7 418 23 40 0.1397773
-2 428 14 18 0.13821113
867 141 83 96 0.10940572
42 680 104 55 0.10539934
754 131 114 125 0.09470462
812 6 97 63 0.09252272
215 113 93 104 0.08563592
976 145 57 90 0.08195844
297 480 114 99 0.074853264
358 453 65 61 0.06798714
100 271 96 99 0.04797381
889 166 101 98 0.04197566
248 465 143 156 0.040882364
472 428 33 35 0.037354503
790 54 140 141 0.03681053
887 122 96 116 0.03602691
560 289 109 114 0.03425114
54 266 98 113 0.03320716
664 145 114 117 0.029793432
767 27 59 57 0.028716907
737 178 76 77 0.028536264
67 702 47 29 0.0259352
273 435 158 143 0.02296671
864 72 32 33 0.021957638
485 434 14 13 0.021184258
942 1 49 36 0.021067737
507 428 19 18 0.021043697
554 440 27 28 0.020371744
