2_Demonstration_Protesters_2_646
58
647 225 89 86 0.76440924
583 176 43 34 0.6796236
976 222 46 48 0.5988391
327 181 38 29 0.5803005
326 254 136 127 0.57657367
562 223 61 51 0.5029296
383 178 30 22 0.5010004
471 210 97 82 0.44334206
220 204 66 53 0.4394708
502 214 83 68 0.3984873
437 171 60 49 0.39261046
385 182 24 13 0.2947348
242 183 38 26 0.28936863
738 187 27 22 0.2603706
572 233 36 30 0.23468167
454 158 38 29 0.17623468
809 350 76 81 0.1726039
229 188 40 32 0.15860613
124 165 31 24 0.14943585
613 222 148 113 0.1469288
442 177 35 32 0.1422562
958 224 85 50 0.14173268
285 169 23 19 0.11227669
175 185 29 22 0.10793282
593 183 25 21 0.09588923
922 190 153 107 0.08728531
272 166 29 22 0.071726374
274 180 17 13 0.06893051
517 202 105 62 0.065263055
323 234 121 101 0.055113755
108 186 28 28 0.05082869
396 180 29 22 0.049943496
453 179 63 52 0.04967545
387 295 73 58 0.044009592
276 172 22 14 0.039830733
287 179 16 12 0.038144354
452 225 73 54 0.036884964
-46 98 151 105 0.036866613
507 133 26 20 0.036298573
297 248 75 55 0.036156207
744 190 18 14 0.03551286
64 174 71 45 0.035239838
288 176 11 9 0.034766458
781 323 142 114 0.03419441
672 186 50 35 0.033117447
-2 185 63 109 0.030683953
968 202 56 43 0.03013146
240 190 23 13 0.027471004
434 227 125 105 0.026468402
-17 124 93 71 0.026422845
199 182 95 67 0.025972584
594 187 14 13 0.025592223
37 443 47 33 0.024998758
494 238 88 60 0.024129199
334 250 88 57 0.023706373
46 87 69 51 0.022393433
83 185 27 19 0.020529326
154 163 30 23 0.020323986
