2_Demonstration_Demonstration_Or_Protest_2_799
57
362 302 18 17 0.49823374
23 206 23 21 0.49466252
55 258 17 17 0.48864183
271 299 19 21 0.35526687
472 266 13 16 0.3355979
114 264 20 18 0.32358757
466 262 17 16 0.30908936
196 221 15 14 0.2800506
553 195 14 11 0.27443242
619 240 13 12 0.26540038
163 226 12 12 0.25550863
160 271 24 22 0.2313414
162 271 15 15 0.22511849
58 265 9 9 0.18267067
28 209 14 14 0.17039259
257 272 29 27 0.14371489
438 229 13 13 0.1385075
33 212 9 9 0.113043584
667 322 14 14 0.11133206
595 202 14 15 0.10609956
719 324 10 10 0.09601069
867 232 11 8 0.09045856
855 242 14 15 0.08934058
879 231 9 8 0.08674275
468 268 11 11 0.08289218
225 247 17 14 0.08273647
217 311 11 13 0.073840134
178 221 16 15 0.07222672
427 235 7 7 0.07133265
761 216 13 11 0.06670379
197 303 14 14 0.06387553
253 302 15 16 0.059305027
950 228 10 9 0.058740344
804 242 9 9 0.0562628
21 361 21 20 0.050186828
243 261 16 13 0.04767831
362 309 18 18 0.045216285
218 311 5 6 0.04235464
772 221 7 7 0.042205054
623 242 5 5 0.041724797
958 226 10 11 0.041700285
18 355 19 22 0.040356986
244 220 17 13 0.030649628
934 233 5 4 0.029112926
311 266 13 12 0.02829481
672 202 10 9 0.02660851
452 183 12 11 0.025499092
681 205 11 9 0.025417008
637 229 8 7 0.02499611
631 201 14 10 0.024371637
885 307 9 9 0.023727633
398 122 14 16 0.023407472
26 213 15 15 0.022737484
485 233 6 7 0.02202021
303 274 5 5 0.021412387
413 224 13 10 0.021234192
831 243 9 10 0.020513799
