2_Demonstration_Political_Rally_2_940
23
408 166 262 325 0.80893356
49 13 166 170 0.6086843
803 -8 166 80 0.30039287
95 63 118 119 0.27890775
227 31 97 86 0.19499137
336 456 44 48 0.10213647
176 16 141 113 0.078611255
111 140 81 92 0.07400083
-4 35 50 107 0.07015522
210 10 202 151 0.05116094
-6 -25 105 95 0.051150743
285 365 173 222 0.0479136
133 85 70 73 0.03643759
317 424 109 117 0.036061924
436 230 167 186 0.025326103
703 -8 79 65 0.024994133
399 -14 189 172 0.023341283
145 62 51 64 0.023327041
129 163 29 31 0.02330557
491 192 206 205 0.02236272
957 639 73 132 0.021037165
788 -39 125 126 0.02045594
867 -17 118 74 0.020296376
