2_Demonstration_Political_Rally_2_816
59
227 430 79 81 0.75831616
680 490 77 74 0.6400689
60 439 129 151 0.62439674
584 122 73 74 0.61830735
500 33 108 123 0.57469887
794 559 67 68 0.5033115
756 431 48 43 0.4801804
775 539 100 95 0.47584894
688 465 36 34 0.3231975
139 395 77 81 0.30782315
742 418 70 66 0.2881729
831 491 39 42 0.23072205
947 459 22 25 0.17940928
837 509 37 40 0.17879038
727 436 19 22 0.17211631
669 155 71 63 0.17039008
73 415 99 134 0.12747987
752 438 20 23 0.124791615
652 150 97 101 0.12273734
954 455 28 30 0.119670376
679 472 56 58 0.10853127
84 470 83 113 0.10470711
876 427 29 24 0.09777101
899 400 28 27 0.08792
268 218 26 25 0.08260628
839 487 24 22 0.06930316
706 438 21 20 0.06810426
955 491 36 40 0.063684694
254 208 30 29 0.059735965
515 528 72 70 0.05843499
569 574 76 80 0.057726733
739 429 12 11 0.049515955
827 453 31 30 0.046732586
697 424 24 23 0.04469569
891 443 24 23 0.040795967
229 614 105 89 0.0365052
880 433 29 28 0.036335796
53 121 100 87 0.034629636
24 266 152 118 0.03410264
448 442 59 58 0.03407146
844 445 35 27 0.031817958
341 233 104 83 0.031648543
997 405 19 23 0.031288877
455 475 147 114 0.030592505
902 503 35 40 0.029479543
757 411 26 24 0.029141344
722 497 40 48 0.029131193
48 505 101 88 0.02883038
-45 193 256 192 0.026850892
864 292 49 44 0.026574926
69 528 59 63 0.026154835
915 395 16 14 0.025829736
591 487 75 69 0.02468108
334 531 45 47 0.023922656
493 492 80 71 0.022335121
95 142 51 48 0.02202965
671 240 93 85 0.021935059
-14 256 81 67 0.021711614
681 515 58 64 0.020014381
