2_Demonstration_Demonstration_Or_Protest_2_615
60
107 252 49 40 0.7394436
285 223 33 28 0.71320236
558 244 28 26 0.6646572
28 249 48 39 0.644382
431 257 33 28 0.6279612
5 276 25 23 0.56624836
758 259 26 23 0.5599039
898 247 30 26 0.55205286
270 210 64 56 0.5137755
832 255 25 22 0.51367134
954 247 27 27 0.4155485
175 255 27 23 0.3966746
836 253 36 27 0.37537783
605 267 28 22 0.3230848
672 263 21 18 0.31825784
935 243 57 43 0.31433192
65 326 25 26 0.29626834
506 273 23 19 0.2864477
564 250 15 16 0.2643242
883 254 27 24 0.25213802
618 262 15 18 0.2518079
504 273 40 29 0.24383396
544 291 15 14 0.20234565
23 263 31 29 0.19122332
357 273 22 19 0.15739852
274 260 21 15 0.15244064
522 279 19 18 0.14631
770 264 11 12 0.14277105
596 298 12 12 0.1415573
2 263 40 41 0.11934258
90 243 86 66 0.10364588
885 240 49 41 0.084687635
586 299 23 19 0.082790114
840 251 23 21 0.07007213
414 217 19 17 0.062278803
390 205 21 19 0.060075477
364 281 12 13 0.054577556
340 193 36 27 0.05304423
364 199 25 27 0.050261036
184 252 20 16 0.045735683
512 278 10 11 0.042341545
698 264 17 16 0.041969232
181 249 30 22 0.039106674
461 227 21 16 0.03737149
333 189 46 44 0.03652815
822 249 29 23 0.032888748
314 268 16 12 0.03072142
160 535 171 125 0.030189628
363 277 9 8 0.029122148
73 310 168 114 0.028308028
163 222 92 73 0.027972091
424 219 14 14 0.027455403
468 208 55 43 0.025668113
688 254 17 14 0.02492823
289 261 28 21 0.023419749
776 250 19 21 0.023349704
680 253 16 15 0.022994805
155 255 43 33 0.020704657
986 242 32 27 0.020550892
669 288 12 10 0.020020423
