2_Demonstration_Demonstrators_2_378
31
806 494 63 55 0.9957102537155151
104 139 29 24 0.9936364889144897
92 303 44 37 0.9909788370132446
592 424 46 39 0.9888433218002319
492 527 73 49 0.9851802587509155
305 170 27 28 0.9799489378929138
201 415 56 44 0.9726734161376953
925 407 79 59 0.9726216793060303
97 465 82 71 0.9434942007064819
607 329 63 55 0.9322724342346191
762 324 30 27 0.9261236786842346
740 421 57 46 0.9095448851585388
160 178 28 34 0.9091623425483704
664 335 52 51 0.9073262810707092
502 300 47 48 0.9050086736679077
386 236 44 36 0.8998598456382751
107 205 31 29 0.8560893535614014
297 277 47 34 0.8550863862037659
154 262 45 44 0.8386492133140564
494 209 25 26 0.802523672580719
430 316 44 38 0.7612471580505371
413 197 25 26 0.7354788184165955
207 136 29 29 0.7115020751953125
969 146 29 29 0.6961076855659485
648 261 33 35 0.6751335263252258
608 245 22 22 0.6375091671943665
408 179 44 48 0.5843644738197327
692 4 36 27 0.5454595685005188
163 196 32 31 0.5353605151176453
205 135 20 24 0.5220305919647217
278 368 37 29 0.5143287777900696
