2_Demonstration_Protesters_2_1033
26
100 46 109 106 0.7996662
416 320 35 27 0.7562548
299 202 79 74 0.7062653
360 278 34 31 0.5631569
484 345 45 37 0.53623754
252 406 71 56 0.50934345
495 352 27 24 0.42989895
414 397 41 35 0.4035253
424 404 22 22 0.16300517
318 211 42 48 0.15901905
218 392 133 89 0.14142527
63 43 38 37 0.076959245
513 348 29 24 0.06804051
132 63 69 68 0.06072229
424 486 58 50 0.059120387
123 65 39 49 0.054116063
459 493 41 32 0.042389773
547 418 13 12 0.041627105
435 411 32 23 0.03913422
556 346 30 23 0.036894638
313 226 44 58 0.03480579
363 274 27 24 0.030134553
350 213 65 46 0.029278576
345 252 65 59 0.028600028
603 174 50 38 0.024309946
112 16 113 105 0.023032976
