2_Demonstration_Political_Rally_2_135
30
157 539 54 103 0.6586068
947 640 47 91 0.5292571
526 426 80 114 0.4170303
139 513 78 151 0.24910426
77 659 36 78 0.1334067
936 607 77 144 0.07615346
68 636 63 130 0.06544214
13 621 22 50 0.055646833
398 1175 15 37 0.055043228
184 1058 165 280 0.050704733
18 1090 66 112 0.04423251
566 476 241 459 0.04372837
6 655 21 41 0.04372014
243 923 46 114 0.03992641
273 1308 204 387 0.03958379
36 1127 37 79 0.03598325
438 92 131 283 0.03510183
508 1069 139 256 0.034395784
695 400 203 440 0.03383349
175 494 101 203 0.03338817
476 146 123 230 0.026208585
653 669 139 297 0.02283095
151 272 16 29 0.02267499
17 662 15 40 0.022641826
578 437 58 92 0.02263533
563 471 133 244 0.022173997
850 371 142 233 0.021838354
328 497 34 69 0.02135698
103 828 104 197 0.021007072
335 1033 188 330 0.020974485
