2_Demonstration_Protesters_2_525
190
546 486 43 33 0.7668791
879 527 29 24 0.7022359
761 403 26 23 0.69723463
655 428 24 24 0.6947055
658 490 33 26 0.6896018
875 521 44 37 0.6821614
288 485 48 41 0.6800116
321 413 33 29 0.66945446
761 463 23 19 0.666345
577 405 28 24 0.6575479
844 423 37 31 0.6571849
990 460 32 29 0.6475986
918 484 29 23 0.6141925
194 382 32 26 0.5968147
74 380 27 21 0.5789839
952 349 19 18 0.5694175
247 369 24 22 0.5681443
708 362 33 25 0.56786007
299 379 39 30 0.5544737
383 434 34 29 0.54682463
202 386 20 18 0.544977
404 511 53 43 0.5365968
480 440 34 28 0.53124917
909 377 30 24 0.5049303
0 374 22 19 0.4620904
765 305 20 15 0.45581442
986 399 36 32 0.4441913
996 402 25 22 0.43836597
839 397 25 19 0.41923705
49 433 33 27 0.41584724
591 345 20 17 0.41383108
716 335 18 15 0.407035
920 379 24 19 0.39966702
232 485 31 27 0.38070825
528 554 27 21 0.37095866
842 368 26 19 0.34234765
708 306 26 23 0.33500966
779 372 22 19 0.33237103
782 344 21 19 0.32622787
338 347 24 19 0.32183933
389 439 22 19 0.3137184
1000 241 23 20 0.30644003
836 377 30 25 0.29671744
806 226 28 19 0.2919297
631 292 27 23 0.27827287
675 327 11 11 0.24351928
474 400 25 26 0.22303556
983 386 21 18 0.2116299
993 393 22 19 0.19852261
461 336 19 14 0.19513513
476 432 27 20 0.19052076
769 228 21 14 0.18740074
776 349 22 18 0.18138988
768 408 12 12 0.17400825
79 382 15 13 0.15811554
408 311 19 15 0.15794583
962 249 18 16 0.1577374
389 353 14 11 0.15636462
477 402 17 12 0.15147096
839 250 16 13 0.14576942
994 228 19 14 0.14504364
525 395 17 14 0.14380677
101 346 27 19 0.1377184
859 334 12 8 0.1370869
474 427 47 46 0.1314501
635 336 14 11 0.13081565
699 309 19 14 0.12849349
975 552 30 24 0.12596828
522 411 19 17 0.11758766
331 345 18 13 0.11736103
851 335 12 10 0.116227366
452 271 13 12 0.11454694
530 407 19 18 0.112804025
881 330 21 16 0.11240368
59 348 17 12 0.11042599
943 432 36 33 0.10971914
731 209 17 11 0.10884008
858 231 17 13 0.107078485
536 333 15 11 0.10493265
854 430 16 19 0.104321525
111 359 10 8 0.100836076
707 226 12 11 0.09483843
468 384 21 16 0.09161948
982 225 21 15 0.09136357
980 245 18 19 0.089394264
846 401 13 12 0.085623585
519 394 16 11 0.08500956
612 465 29 20 0.08112657
583 198 56 45 0.079702735
0 350 15 15 0.07957857
601 216 10 8 0.07946692
371 326 16 14 0.07830958
967 554 29 19 0.07802004
264 356 13 12 0.07784294
381 341 19 14 0.07679691
248 347 21 15 0.073378794
547 398 20 15 0.071406044
640 228 14 10 0.06987894
783 327 18 15 0.06893746
971 383 12 9 0.06820257
819 179 17 14 0.06754423
466 335 11 8 0.06679691
626 387 22 14 0.06514921
622 516 19 15 0.065028846
895 333 14 11 0.06491053
672 316 4 4 0.064642675
606 342 18 13 0.063558675
680 228 12 7 0.06063182
260 459 31 29 0.059163492
116 435 17 14 0.05734947
525 273 19 14 0.057016227
636 215 12 8 0.05666916
777 218 9 6 0.056537297
142 457 19 18 0.056455087
757 460 33 30 0.05532512
533 338 10 8 0.050706778
526 315 16 11 0.04778457
559 212 12 8 0.047086347
722 212 7 5 0.047085974
752 528 39 35 0.046869162
149 350 7 6 0.045601204
828 216 11 9 0.044965368
717 358 15 16 0.04455922
477 297 13 8 0.043519594
803 450 23 21 0.04309778
831 226 19 14 0.042834267
475 333 10 9 0.04224682
482 214 12 8 0.04216415
402 309 14 11 0.041322764
848 406 11 14 0.041101042
522 213 9 6 0.040813945
764 -12 121 84 0.040555414
991 383 10 9 0.040241744
911 251 15 11 0.03892455
82 318 9 6 0.03859834
695 218 14 12 0.038349617
896 467 29 21 0.037627004
214 384 26 26 0.03656458
465 381 8 5 0.036050297
403 385 23 17 0.03573779
539 209 11 10 0.034853872
984 554 26 19 0.034647997
33 341 16 14 0.0339405
964 235 9 6 0.03268553
245 373 16 13 0.032633346
697 550 33 29 0.03257993
694 333 18 18 0.032523505
622 215 13 13 0.03237265
470 211 14 11 0.0318431
58 412 17 17 0.031618394
752 218 18 14 0.031150257
844 351 10 10 0.031125728
482 405 11 8 0.030526685
189 340 10 7 0.030477658
1005 471 9 10 0.029520016
901 226 15 12 0.028926382
719 368 10 8 0.02890152
595 331 9 9 0.028321631
888 187 14 12 0.028076733
24 339 10 7 0.027666867
955 448 13 13 0.027618835
564 327 9 9 0.027049989
889 233 9 6 0.026201496
534 552 34 26 0.025800938
735 232 14 10 0.025648663
482 374 15 10 0.025568541
40 425 50 30 0.025437072
309 377 13 13 0.024785738
783 393 12 9 0.02475161
806 443 9 9 0.024469988
923 352 17 15 0.023774583
817 398 17 14 0.023763081
538 308 15 13 0.023749193
783 441 15 12 0.023737742
644 312 7 6 0.02364346
878 406 19 20 0.023577472
808 214 41 34 0.023090329
53 444 21 20 0.023033757
920 481 19 18 0.022503028
503 322 6 4 0.022392448
733 5 102 83 0.021349259
201 371 15 16 0.02126322
817 408 13 12 0.021235019
161 342 14 11 0.02090202
674 245 20 16 0.020576952
558 408 13 12 0.020430721
778 239 7 6 0.02019072
684 2 45 22 0.02017846
636 392 15 12 0.020136856
801 156 95 66 0.020077009
