2_Demonstration_Political_Rally_2_690
45
813 412 71 70 0.7357626
637 390 32 41 0.5576721
516 427 112 102 0.5556803
750 367 14 16 0.31557643
112 352 17 20 0.276438
6 439 13 16 0.20710553
630 362 20 23 0.14884189
218 345 11 12 0.12864973
53 350 14 17 0.12039711
617 355 35 35 0.120149314
647 388 36 43 0.11651673
179 348 10 10 0.114327036
94 352 16 16 0.11123696
56 357 14 12 0.10860046
947 368 17 18 0.099713214
893 362 14 15 0.08824869
948 375 12 18 0.0873796
560 429 64 76 0.08677222
172 346 11 10 0.07688784
94 403 14 14 0.07472798
694 364 16 17 0.07455592
907 363 20 19 0.07363773
642 394 16 22 0.07352569
74 356 12 12 0.071235046
94 410 8 9 0.065184794
942 377 12 14 0.06237318
936 378 18 18 0.060170107
189 354 7 6 0.059293352
701 368 8 9 0.056705046
220 353 9 10 0.049904086
743 379 22 27 0.047216516
827 403 62 54 0.043011975
166 354 5 6 0.03769122
0 364 14 15 0.03597269
634 360 25 28 0.03533019
511 389 165 137 0.032897405
0 392 9 13 0.031401705
186 349 5 5 0.030689118
4 390 10 15 0.030684607
873 344 61 58 0.030444019
962 383 16 19 0.02875957
120 342 12 14 0.028236113
328 579 22 19 0.025642289
728 481 61 60 0.023625156
932 367 12 11 0.022960415
