2_Demonstration_Demonstration_Or_Protest_2_58
31
514 234 51 53 0.9955787062644958
88 148 30 37 0.9934577345848083
769 275 43 44 0.9912933707237244
780 450 74 62 0.9877678751945496
964 285 49 50 0.9871608018875122
450 318 57 58 0.9863386750221252
152 152 34 43 0.9860180616378784
653 321 57 57 0.9834892749786377
279 393 63 66 0.9827919602394104
239 242 53 52 0.9689391255378723
156 234 51 50 0.9647302031517029
143 293 90 78 0.9629669189453125
589 177 32 32 0.9622378945350647
469 119 29 27 0.9613081812858582
770 192 32 43 0.951789915561676
188 454 41 33 0.9420720338821411
833 171 44 47 0.9357902407646179
297 302 65 58 0.8979102373123169
25 515 105 100 0.8808188438415527
986 153 25 29 0.8696497082710266
313 127 28 28 0.8562343120574951
330 179 37 45 0.8465153574943542
699 247 42 52 0.8458393216133118
49 235 68 69 0.8299522399902344
566 579 77 60 0.8250261545181274
942 201 36 38 0.8129743933677673
765 153 25 26 0.810700535774231
702 159 30 36 0.7865105867385864
1 176 23 26 0.7674267292022705
99 86 18 19 0.6993314623832703
392 133 23 27 0.6240434646606445
