2_Demonstration_Demonstration_Or_Protest_2_159
53
810 342 118 104 0.7547825
665 382 38 40 0.727468
426 188 40 36 0.6475214
259 371 77 66 0.62192106
169 161 52 45 0.52980745
591 353 52 52 0.5050223
560 393 29 27 0.48580024
949 326 53 77 0.29549262
573 368 70 57 0.21360242
599 387 36 34 0.20291467
526 427 24 25 0.20154265
553 394 22 27 0.18821941
333 410 20 19 0.18532139
603 420 38 39 0.12676191
312 394 33 30 0.12088962
376 395 18 18 0.100791104
263 388 38 31 0.0993657
459 385 19 18 0.096497566
963 316 61 78 0.092640944
286 195 21 21 0.09261534
933 325 89 148 0.06608349
528 418 26 24 0.06558923
416 181 63 57 0.064934574
231 391 20 20 0.06448058
231 398 22 22 0.05765689
375 400 14 13 0.05674984
190 399 19 22 0.051824536
749 145 31 28 0.050149657
522 392 9 11 0.048555832
944 357 33 30 0.04759697
909 331 52 64 0.046523508
950 352 36 46 0.046428856
224 413 18 19 0.0462514
829 367 55 56 0.045029752
570 403 8 9 0.044579998
198 395 16 13 0.044225838
862 350 76 70 0.04265119
341 401 18 16 0.040631656
455 389 13 11 0.035624836
463 375 17 17 0.03491478
207 421 16 13 0.034007914
469 45 100 89 0.0328997
475 387 19 16 0.025954664
-26 554 102 95 0.025516734
519 416 44 35 0.025511067
96 395 30 28 0.025500927
24 393 21 28 0.025312718
643 472 120 114 0.02396353
516 371 20 18 0.023814153
825 381 92 74 0.023618193
736 102 38 32 0.02263975
626 368 20 23 0.021879243
158 147 96 79 0.021369196
