2_Demonstration_Demonstrators_2_28
148
83 482 39 46 0.7160203
177 518 43 48 0.7105695
507 442 32 42 0.70131624
656 608 58 63 0.6902782
379 426 35 40 0.68952686
590 500 43 49 0.6877766
344 516 26 37 0.6576917
974 472 34 48 0.6545365
256 445 37 44 0.61598796
847 520 34 42 0.6103699
35 550 46 53 0.6096705
37 389 37 41 0.5789929
883 443 26 31 0.5730834
748 428 32 34 0.5665551
91 489 27 31 0.54561466
998 439 25 37 0.53860444
324 442 35 39 0.5380043
263 454 23 26 0.53550684
679 438 31 33 0.4663678
704 590 32 39 0.4496993
176 383 21 28 0.44644463
459 401 19 21 0.44621414
604 388 18 21 0.39688513
679 591 53 64 0.38115385
137 416 28 37 0.36173922
837 503 53 67 0.3574245
299 431 17 17 0.33688626
423 335 20 29 0.33559105
368 380 24 28 0.330436
689 445 18 29 0.3185832
954 354 25 29 0.27056882
263 362 23 25 0.26971492
756 433 19 21 0.24314208
495 393 12 15 0.22734198
168 372 26 28 0.19921891
463 407 7 10 0.19875087
804 388 22 27 0.19290899
421 347 19 19 0.18923402
44 367 14 13 0.17842354
484 371 8 6 0.17792535
671 383 16 18 0.16890365
256 397 17 22 0.16585512
201 343 14 17 0.16393295
874 404 13 17 0.1576856
736 443 24 25 0.15339352
452 520 34 48 0.15144579
220 371 16 17 0.15041615
702 361 22 23 0.14904603
633 597 106 97 0.14381997
540 362 14 16 0.14282559
341 292 21 26 0.13904355
472 542 36 42 0.13737458
90 358 11 15 0.13085085
5 374 6 7 0.1258493
753 366 17 19 0.123799816
198 347 9 12 0.12289314
187 611 40 50 0.122545846
523 349 9 9 0.12196287
590 367 5 5 0.12129987
309 432 22 25 0.11882842
491 572 31 37 0.1070664
611 395 5 8 0.10529295
635 365 10 14 0.09812297
344 281 24 30 0.091710016
747 364 16 15 0.09012137
770 358 8 10 0.08822278
854 420 20 25 0.08680322
152 370 15 15 0.08594811
810 363 10 11 0.08397871
80 362 10 12 0.082673706
554 514 23 28 0.08165224
972 360 16 23 0.08146991
240 337 18 21 0.08071926
535 613 38 50 0.080395855
232 338 15 16 0.08037949
113 359 24 25 0.08018105
990 337 19 21 0.080077134
383 375 19 21 0.07972619
315 362 18 20 0.074544914
432 502 37 40 0.07354338
917 427 11 14 0.07344232
338 361 20 23 0.07121851
425 358 6 9 0.07081056
754 402 15 11 0.0669442
328 340 15 19 0.06597029
370 514 21 29 0.063189425
721 409 6 6 0.062714696
291 43 101 110 0.061992846
273 344 14 20 0.06038377
337 424 11 19 0.060267415
385 267 21 24 0.05824945
844 330 21 20 0.057890642
885 383 13 15 0.05514377
680 449 22 23 0.05394879
814 335 10 9 0.051659
772 342 15 18 0.05122447
511 566 38 46 0.049758192
376 379 17 16 0.049130738
328 318 15 18 0.048536237
677 380 6 6 0.04667875
453 336 13 15 0.046654187
114 346 21 18 0.04630388
551 503 37 49 0.04551829
249 370 18 24 0.04433821
454 379 3 3 0.044235386
556 369 3 3 0.04373996
18 -2 17 18 0.04322379
332 451 18 19 0.04267396
197 624 25 31 0.041918784
817 373 14 19 0.041778535
504 572 28 34 0.041139644
781 346 7 7 0.04013829
756 347 16 15 0.039978437
889 364 12 16 0.036921468
425 307 17 16 0.036786653
165 387 16 21 0.034491617
981 482 23 31 0.033912145
355 506 38 44 0.033141535
397 435 14 21 0.033122137
6 412 22 37 0.032676633
562 319 14 15 0.030548377
680 338 11 14 0.03039634
254 359 31 39 0.0295515
861 414 13 20 0.029157989
574 345 2 2 0.029085722
829 333 10 13 0.028726123
963 456 57 69 0.028301423
14 345 11 13 0.02755379
452 513 23 32 0.026423635
462 350 3 3 0.025729539
766 523 167 201 0.025706416
624 333 12 13 0.024263557
184 393 3 7 0.024152411
699 339 17 17 0.024015924
882 416 19 25 0.023915134
311 32 127 131 0.023807202
313 309 18 20 0.0236197
271 4 205 216 0.02350156
682 420 10 12 0.02319989
387 424 47 57 0.022265432
864 408 9 9 0.0220976
961 345 17 18 0.022060469
0 387 11 13 0.021835335
551 569 37 40 0.021592177
547 632 20 29 0.021534089
66 350 6 8 0.02119418
693 376 13 19 0.02103944
84 350 9 8 0.020573912
