2_Demonstration_Demonstrators_2_41
35
202 190 50 53 0.7999219
398 182 50 50 0.7650607
822 499 46 44 0.6864776
258 91 35 35 0.61111176
636 450 40 43 0.57598925
953 508 46 46 0.5108553
382 372 123 154 0.44943178
995 537 27 35 0.42940444
216 198 27 38 0.42933226
557 546 18 17 0.297811
879 510 26 26 0.24488834
734 506 24 23 0.2235168
878 539 17 15 0.19852565
531 493 27 26 0.18172084
654 446 43 41 0.18078162
545 485 17 18 0.17669238
526 520 14 17 0.15129316
885 515 12 13 0.117655545
884 543 7 8 0.09828703
543 545 16 18 0.083573595
532 486 24 21 0.076342426
711 506 24 25 0.07110327
318 377 156 141 0.06405933
606 265 20 16 0.05126287
516 548 15 16 0.046512548
619 270 16 15 0.045632076
931 499 69 62 0.0375241
699 439 28 28 0.036912907
476 500 35 37 0.029799944
134 543 10 9 0.029517168
905 450 22 21 0.028683627
505 203 30 24 0.024416802
645 461 22 19 0.022490826
768 -25 157 136 0.021833358
361 345 132 128 0.02047083
