2_Demonstration_Demonstration_Or_Protest_2_512
78
958 378 62 73 0.75117093
148 291 44 49 0.64949185
397 235 38 39 0.6036139
118 182 34 44 0.40779176
421 309 71 72 0.36128592
228 288 36 39 0.35967126
96 348 65 65 0.28450295
630 261 22 23 0.2806735
516 185 37 37 0.22606304
956 313 34 41 0.22083373
622 266 27 29 0.18109994
855 223 18 21 0.16556309
669 286 54 51 0.15472165
648 409 122 116 0.15010954
96 295 31 30 0.14853963
723 309 42 42 0.13155898
663 284 38 47 0.11916408
2 211 27 40 0.11818547
810 319 44 42 0.10654325
919 196 13 11 0.106450625
532 195 19 21 0.10318368
595 290 29 31 0.098338686
829 271 29 31 0.095556006
922 270 21 25 0.09197937
299 326 42 53 0.08418445
41 293 152 129 0.083937235
475 234 20 21 0.07958535
682 299 66 56 0.07788151
732 287 36 35 0.0757343
8 165 53 68 0.07504707
390 310 75 76 0.07224389
603 316 51 52 0.07164618
170 220 31 27 0.0707866
842 273 18 22 0.0695556
-2 228 31 35 0.06476568
835 228 18 21 0.0641593
111 216 24 30 0.062068466
894 401 64 86 0.05970553
974 272 17 21 0.057514906
245 72 187 166 0.054002274
237 223 30 28 0.053546526
824 245 16 16 0.05214722
460 333 46 55 0.04548447
490 249 14 15 0.04502043
611 222 23 22 0.044618934
686 293 49 42 0.043822274
929 281 31 33 0.043661226
298 357 49 64 0.043630354
443 287 43 39 0.043284018
271 197 13 11 0.042698376
273 288 83 94 0.04266008
898 262 17 24 0.04253968
957 197 11 9 0.04210946
308 291 39 39 0.041228525
172 190 18 17 0.040812626
625 300 47 55 0.040252686
904 416 42 59 0.0389626
936 282 23 21 0.03714857
881 327 35 43 0.035071183
134 350 43 46 0.034746364
143 315 54 55 0.032567587
248 387 55 66 0.031220792
308 65 168 156 0.030697467
970 195 12 13 0.029044027
997 203 11 11 0.02877643
599 215 11 10 0.027686592
995 278 9 10 0.026293214
955 276 15 14 0.024206698
913 245 17 17 0.024087023
686 225 21 22 0.02403671
265 223 178 187 0.02315841
404 280 38 53 0.022632107
162 198 12 8 0.022203496
546 323 134 118 0.022116417
249 191 16 15 0.021406023
386 358 59 64 0.020951634
808 222 22 18 0.020388983
325 225 21 23 0.020356815
