2_Demonstration_Protesters_2_508
64
946 175 41 38 0.66745704
779 139 35 31 0.6564433
311 180 44 37 0.64311945
954 113 29 24 0.61712843
236 184 39 31 0.5364485
986 144 23 23 0.52427155
720 168 35 33 0.4994853
869 149 30 25 0.4633171
267 71 22 19 0.36805305
656 154 28 25 0.36383623
86 183 28 23 0.35789686
181 214 24 21 0.3211367
881 148 32 31 0.28156847
697 195 36 31 0.23193227
581 141 18 12 0.22874375
365 86 18 15 0.20751023
862 127 21 24 0.20176426
555 195 24 21 0.18662715
933 159 19 17 0.17611448
703 162 68 52 0.15622318
476 200 24 19 0.15600607
451 213 27 25 0.15372248
654 164 22 20 0.12530081
787 147 16 14 0.12147589
868 128 10 8 0.11608776
486 198 30 25 0.11298385
21 186 32 26 0.09679664
867 123 14 10 0.07688604
680 184 24 21 0.0685499
444 198 34 24 0.06458894
855 139 39 39 0.061445735
859 115 27 25 0.059672225
94 184 17 15 0.059089925
320 187 27 24 0.058935206
746 216 25 20 0.05882733
698 205 26 25 0.053058293
558 215 19 17 0.046554904
608 214 20 18 0.0435718
966 127 13 12 0.041612957
931 164 23 25 0.03980789
378 184 28 25 0.039326828
296 171 58 57 0.037923608
789 139 18 18 0.037602138
485 208 23 23 0.036068846
616 195 20 17 0.036018316
245 177 34 28 0.035319183
664 136 25 20 0.03498173
631 143 30 29 0.03492901
584 146 12 12 0.034756817
573 140 16 12 0.032064058
437 521 96 70 0.030673886
733 152 30 30 0.028777774
183 201 22 21 0.026826687
161 274 139 88 0.026764756
107 223 20 18 0.025374383
184 190 26 21 0.024866888
159 363 18 15 0.02282767
438 318 92 67 0.022547917
718 177 40 39 0.022486975
954 156 16 19 0.022206187
259 266 99 97 0.021753153
362 226 34 33 0.021731585
918 166 25 27 0.020967022
936 102 73 58 0.020262063
