2_Demonstration_Demonstration_Or_Protest_2_98
232
558 484 34 36 0.678733
520 539 24 25 0.6468319
412 507 25 21 0.59992856
360 490 40 36 0.5551341
374 425 25 23 0.545501
329 569 48 47 0.54023105
338 476 81 66 0.49897322
187 505 30 29 0.48838067
853 606 37 34 0.48632768
437 468 26 21 0.47806737
319 474 30 27 0.4677282
279 569 43 38 0.4634325
564 491 21 20 0.42205533
839 330 19 17 0.4104237
544 480 40 37 0.37822008
956 297 20 21 0.32959303
7 475 19 23 0.31452313
889 31 11 11 0.31172234
833 282 18 15 0.29537615
846 331 18 15 0.28628048
887 327 18 14 0.28585395
351 35 18 16 0.28191152
670 244 19 16 0.2771313
39 517 25 24 0.25798157
525 455 14 15 0.2576534
485 452 25 22 0.25397295
185 404 32 29 0.24870788
511 636 23 20 0.22514881
888 30 18 16 0.21056005
547 34 16 14 0.20747985
717 36 20 17 0.19635345
526 450 19 21 0.19174658
324 477 20 20 0.19146673
0 435 12 11 0.186123
4 74 18 14 0.1847277
632 626 30 32 0.18344626
25 455 13 12 0.17728962
992 54 16 13 0.17247167
588 466 20 19 0.17018771
724 41 8 7 0.16978136
93 499 25 22 0.16254637
805 233 19 17 0.16247022
444 419 21 18 0.1624035
91 504 14 16 0.16225256
182 46 11 10 0.15900502
843 283 11 12 0.15155487
181 494 28 24 0.14484876
103 106 19 16 0.14398088
666 614 42 32 0.1376952
117 108 9 9 0.13471052
461 623 44 32 0.13464746
389 80 11 11 0.13066755
108 110 20 17 0.13028015
317 572 33 31 0.12738699
371 418 40 39 0.11955225
515 264 14 11 0.119025946
459 76 10 9 0.114783406
932 327 9 8 0.1134156
491 71 12 10 0.112875864
352 304 8 7 0.11258745
700 316 18 15 0.11137264
906 108 8 7 0.107421875
521 169 16 15 0.107317664
340 561 30 34 0.106632
899 323 19 19 0.10551458
948 33 21 20 0.10287175
294 70 17 14 0.102801934
1009 311 17 16 0.10020039
160 76 14 13 0.09998296
453 449 21 21 0.099544026
124 297 9 8 0.09944316
968 298 16 17 0.09617463
963 220 11 9 0.09412024
873 612 34 31 0.09310985
225 439 36 30 0.09165519
969 211 11 11 0.08949648
628 50 23 18 0.089495726
583 320 10 9 0.08867524
519 491 10 13 0.087417446
16 446 14 15 0.0860482
57 306 11 10 0.08468407
734 627 28 25 0.083805256
222 96 11 9 0.08368497
122 62 11 10 0.08143406
268 58 17 12 0.08128642
89 511 22 19 0.08029584
950 40 12 10 0.079036534
827 56 15 13 0.07646405
522 60 13 12 0.07576223
744 256 9 9 0.07338581
465 440 28 22 0.07286034
825 59 12 10 0.07270163
189 286 15 12 0.072080515
189 414 29 26 0.07035298
164 571 22 21 0.069442414
109 261 16 12 0.06939171
805 123 12 12 0.06921425
675 60 12 10 0.06875878
633 80 12 10 0.06836427
422 80 10 9 0.066890754
781 57 13 10 0.06665991
413 102 10 10 0.066551134
954 290 23 19 0.06335872
16 68 13 16 0.06288225
321 481 33 28 0.060739942
162 301 7 8 0.06057266
715 172 7 6 0.05959674
624 176 9 8 0.059300613
589 530 20 21 0.05861239
75 238 11 9 0.057032846
305 64 11 10 0.055950157
279 529 38 34 0.055875674
419 102 10 8 0.054862253
976 198 12 11 0.054319274
154 264 16 12 0.054097194
307 50 14 12 0.05355379
589 521 22 23 0.053158976
928 142 18 16 0.053157263
706 52 15 9 0.052631136
979 323 23 23 0.052142054
661 589 82 73 0.051353812
832 285 9 8 0.05101044
609 578 27 26 0.05048167
850 52 8 8 0.05041155
433 234 23 16 0.050296213
417 292 8 8 0.049302425
405 168 12 11 0.049263548
743 260 7 6 0.049036663
176 290 11 11 0.048404463
755 144 14 12 0.048188895
915 64 14 13 0.048174497
404 77 11 10 0.047840577
226 466 30 29 0.04780331
118 67 15 15 0.046920687
670 126 12 10 0.046809677
806 102 12 12 0.04633074
813 77 14 11 0.046026375
585 331 15 13 0.045675445
560 448 28 23 0.045604214
584 314 12 9 0.045136504
480 104 11 8 0.0442933
690 56 12 12 0.044133157
919 109 12 12 0.043114383
44 299 10 12 0.042324353
520 234 17 14 0.042130608
57 241 12 9 0.04190648
924 60 12 9 0.041900404
953 51 6 5 0.04164644
565 257 8 6 0.04105636
398 288 11 10 0.04028963
982 104 14 15 0.039891075
408 238 8 5 0.039330613
190 498 24 24 0.03929374
580 321 17 18 0.038843006
964 143 14 12 0.038828213
499 228 9 7 0.038732328
109 291 13 14 0.037941188
979 242 13 13 0.037843823
476 70 11 10 0.037806842
840 32 13 12 0.037675276
15 241 12 10 0.03755954
464 101 13 12 0.03740589
315 437 24 20 0.037338044
409 467 37 27 0.036977887
456 285 10 9 0.03672472
128 301 9 9 0.03582043
215 554 37 34 0.034503758
240 284 10 9 0.03416027
413 172 12 11 0.03385167
784 97 11 10 0.033720996
823 243 13 10 0.032988694
988 199 11 11 0.032568064
898 235 9 8 0.032427907
961 325 25 21 0.032361746
311 410 11 11 0.03135687
0 488 26 19 0.030909909
264 530 26 26 0.030640801
343 288 6 5 0.030193266
935 127 11 8 0.029901275
674 117 14 14 0.02984662
535 65 12 11 0.029095585
642 637 13 11 0.02892598
563 75 12 10 0.028820354
459 291 14 12 0.028805109
157 225 10 8 0.028776204
862 93 8 9 0.02860177
770 285 15 13 0.028537486
300 287 6 5 0.028511424
771 83 9 8 0.028497051
244 57 11 9 0.02846654
742 82 7 5 0.027758626
324 447 17 17 0.027471539
577 320 10 9 0.026975576
921 79 14 12 0.02675641
594 78 15 13 0.026436271
842 32 19 14 0.026335025
264 65 11 12 0.026176117
639 602 60 48 0.025862109
492 218 18 17 0.025814807
739 173 11 8 0.025693716
591 252 10 9 0.025352677
397 612 37 33 0.02479484
443 100 8 7 0.024535839
104 62 11 11 0.024475068
33 456 13 14 0.024415134
908 306 20 18 0.024042433
46 53 13 10 0.023853723
515 302 16 14 0.023705566
165 298 4 4 0.023590658
492 241 11 7 0.023333218
705 167 10 9 0.023014434
308 409 19 17 0.022980722
393 168 7 7 0.022883743
575 130 7 6 0.02261384
301 216 10 8 0.022581697
613 162 16 14 0.022487646
584 257 10 10 0.022045672
572 418 14 14 0.022019621
929 319 14 12 0.021978386
456 319 9 7 0.02178517
314 473 18 21 0.021585928
1008 329 13 15 0.02148215
593 101 9 7 0.021240473
625 69 13 12 0.02122901
79 515 18 13 0.020939987
174 59 12 11 0.020894699
819 315 9 9 0.020657355
580 444 21 21 0.020513652
700 140 8 9 0.020436762
574 323 13 14 0.02029679
219 557 22 22 0.020061214
750 160 10 10 0.020048534
