2_Demonstration_Political_Rally_2_117
81
377 217 27 28 0.53853273
588 196 32 35 0.5267314
956 191 22 27 0.50892794
531 220 30 29 0.48162252
256 213 24 24 0.46502334
287 198 22 24 0.42070615
884 195 20 25 0.41237518
843 210 23 25 0.39292768
733 222 30 33 0.3853305
624 197 35 34 0.3469897
385 213 30 30 0.3373393
785 214 26 26 0.32621416
26 209 12 13 0.27601156
830 208 25 30 0.27322945
68 200 20 19 0.25155315
530 187 16 16 0.23345423
298 196 19 23 0.23316316
118 217 19 19 0.22756422
25 201 21 22 0.18076281
189 224 22 25 0.17686602
808 191 14 16 0.15355252
22 210 21 23 0.15065578
371 207 45 46 0.14513515
145 215 10 13 0.13478519
612 202 23 23 0.12932129
545 230 11 15 0.12592347
538 227 14 15 0.117035545
81 199 16 21 0.11409203
854 203 18 18 0.1113433
686 196 20 21 0.10958245
671 196 27 27 0.10815141
419 216 10 10 0.104432754
165 203 12 14 0.10232183
413 203 11 11 0.100792915
252 199 18 16 0.09813183
805 217 14 14 0.09788435
622 207 29 29 0.09647094
451 199 10 9 0.092040464
700 199 87 82 0.09031034
763 219 24 29 0.08945148
696 202 11 15 0.08641627
679 215 32 31 0.08367324
463 192 14 16 0.08180519
530 192 8 8 0.080855966
758 186 16 17 0.08054455
45 204 17 17 0.06888892
160 208 9 7 0.06871715
264 198 13 15 0.067410186
239 193 20 21 0.066567026
-51 481 197 178 0.0647921
122 224 11 10 0.06281893
749 181 10 10 0.060486093
406 195 15 16 0.05629862
374 193 8 10 0.05250049
735 233 33 33 0.051488012
822 188 17 19 0.051181242
780 197 11 10 0.049161863
538 187 6 6 0.047733687
160 216 14 17 0.0433249
484 198 5 5 0.040218234
638 212 16 18 0.0385617
753 193 15 17 0.03607557
768 183 9 8 0.033935584
31 209 24 28 0.03383946
547 171 57 53 0.03266593
909 136 15 15 0.029126564
1004 129 18 25 0.027341878
732 214 44 53 0.026804037
192 199 11 11 0.026734682
814 180 14 13 0.026632257
-1 541 55 60 0.02612831
7 173 18 18 0.02403553
293 204 8 12 0.022393538
550 186 7 7 0.022096606
308 212 25 26 0.02145589
792 207 29 37 0.021408556
832 197 42 37 0.02044154
484 182 9 10 0.020348264
950 669 90 100 0.02018864
884 208 22 28 0.020114703
2 122 46 48 0.020091057
