2_Demonstration_Political_Rally_2_659
53
958 241 64 80 0.7826153
43 253 97 100 0.7180419
499 202 126 122 0.68819577
728 238 56 54 0.6869344
-1 325 28 41 0.6825373
364 269 26 30 0.4171421
454 267 44 45 0.41057953
190 279 31 34 0.39064756
-2 284 30 41 0.3482406
275 242 22 28 0.32726172
18 216 138 158 0.31334597
216 284 56 47 0.30964336
407 280 16 15 0.30640537
154 291 32 31 0.29611108
233 287 35 35 0.2621979
445 153 228 202 0.20427182
453 262 71 62 0.19920461
177 285 26 31 0.14577097
445 266 31 31 0.14263606
878 191 40 45 0.13923112
881 205 44 46 0.119234785
971 260 29 40 0.10659646
275 247 15 17 0.09231474
47 256 48 80 0.084922455
862 171 85 81 0.084639
688 234 28 33 0.07688437
1 334 24 24 0.07331276
10 294 12 22 0.0666468
461 190 127 126 0.06310719
387 272 20 25 0.051693704
601 218 67 87 0.048895918
86 263 50 64 0.047458522
306 285 16 19 0.04720015
166 293 12 13 0.04694362
448 258 30 27 0.044778466
170 295 14 19 0.039461024
818 267 42 39 0.03608943
214 276 38 40 0.035594665
199 607 133 117 0.0354345
23 263 55 65 0.030041095
165 289 22 21 0.027643066
161 312 40 44 0.027311817
-4 652 28 44 0.026403973
856 165 129 121 0.025612777
532 174 154 159 0.025522063
925 242 74 76 0.024240995
228 562 138 154 0.023932548
300 645 182 179 0.02386282
375 284 2 3 0.023527553
821 606 169 148 0.02289077
827 650 188 166 0.022191523
101 252 63 86 0.022165556
739 252 54 52 0.021806134
