2_Demonstration_Political_Rally_2_867
90
791 430 41 38 0.6925106
640 495 48 47 0.6168387
74 522 38 42 0.5366415
912 510 68 66 0.5199151
613 498 37 32 0.4941708
850 563 125 96 0.45078745
919 378 29 29 0.41552418
168 529 56 62 0.41287765
69 452 22 22 0.39351514
328 544 41 40 0.31319273
832 613 136 76 0.2877783
373 503 27 24 0.28329214
945 372 34 27 0.25425047
824 410 18 18 0.24469122
302 509 23 22 0.24375965
868 565 77 63 0.24357177
939 523 28 34 0.19189464
888 582 71 76 0.19176269
163 500 34 31 0.17951117
67 509 33 33 0.1693046
46 421 16 15 0.16290294
824 401 23 20 0.16218773
170 509 37 37 0.16041669
931 516 44 48 0.15921557
779 420 68 63 0.14901043
878 363 22 18 0.14813352
304 514 15 14 0.1478223
877 399 14 13 0.14636002
962 365 28 32 0.13818833
5 516 24 26 0.13623588
992 365 27 25 0.13187833
124 491 18 17 0.13178945
915 373 30 22 0.115081966
120 517 27 25 0.10535686
114 500 25 25 0.09529827
3 527 21 28 0.09454302
2 521 18 17 0.094454266
901 388 16 20 0.090519644
892 363 18 20 0.08978969
469 497 31 30 0.088435024
635 487 14 16 0.084972404
716 366 25 25 0.0813862
389 497 61 46 0.0807168
611 461 107 94 0.070839815
857 378 11 8 0.06638673
171 393 13 13 0.06086184
4 400 16 14 0.058456887
45 506 37 36 0.056325216
953 383 17 18 0.054325584
527 492 35 32 0.052460928
52 492 87 102 0.04922339
984 382 16 25 0.04747704
1007 390 19 18 0.04727869
390 533 37 35 0.046293933
33 412 15 15 0.044545326
727 388 21 24 0.044483468
713 383 29 29 0.04410855
403 490 43 32 0.04297624
819 392 13 12 0.04274261
819 370 12 10 0.039792243
174 451 18 19 0.03948536
406 522 47 42 0.038362466
953 381 13 12 0.035333976
337 541 26 27 0.03520822
841 372 13 12 0.033360887
76 399 16 12 0.03333564
186 387 11 12 0.03247217
772 358 10 8 0.031084193
70 484 100 94 0.029610105
929 513 33 36 0.027360654
877 346 36 30 0.026737064
149 528 91 102 0.026196552
243 535 32 38 0.025725735
754 366 14 14 0.024023455
972 456 21 23 0.023794074
718 611 129 75 0.02345523
164 447 13 14 0.023384178
696 462 20 20 0.023339393
739 377 8 6 0.023114547
730 433 17 17 0.022870807
443 533 26 28 0.021660449
941 331 62 51 0.021422235
721 386 15 15 0.021121396
414 488 85 65 0.0210195
592 261 178 165 0.020848408
980 303 49 47 0.02072524
918 455 29 31 0.020599885
707 515 27 28 0.020580567
125 404 9 6 0.020160682
729 388 10 11 0.02004745
