2_Demonstration_Demonstrators_2_268
74
967 252 57 63 0.66257554
971 261 31 40 0.53002787
841 277 21 23 0.5192652
363 263 25 30 0.5026511
258 246 46 47 0.49228844
77 289 31 30 0.43547657
446 259 19 20 0.35060433
162 279 25 25 0.3042363
37 272 9 12 0.27186754
367 271 13 17 0.26428568
721 363 27 32 0.23249811
85 258 13 15 0.21844423
683 248 18 19 0.21555513
79 257 16 14 0.1971022
952 265 9 9 0.19562148
584 289 10 12 0.18902192
325 258 17 17 0.18279396
456 261 12 15 0.14291325
679 253 12 12 0.14166258
729 371 14 16 0.1376694
228 260 11 9 0.1346345
848 321 22 25 0.12886351
587 282 16 19 0.1248443
406 250 17 16 0.124441564
401 255 15 15 0.12155405
157 258 20 19 0.11819916
84 284 22 19 0.11799176
539 250 13 15 0.11595031
131 273 13 14 0.10510263
945 246 98 87 0.09722947
533 254 9 8 0.09610394
516 274 19 21 0.087289855
247 266 16 19 0.087041296
602 259 12 11 0.08355338
507 270 21 24 0.08209409
101 279 19 20 0.07494145
22 275 8 12 0.074749805
881 346 20 22 0.06974079
234 267 19 19 0.06592822
958 256 15 21 0.05690391
310 258 22 16 0.055696443
631 255 13 11 0.051885728
162 294 21 20 0.051492997
765 259 9 10 0.051326513
888 261 8 7 0.04854747
332 254 19 18 0.047496814
242 260 12 16 0.047373284
975 250 42 43 0.04636277
899 256 11 14 0.044824094
32 263 15 17 0.042590816
829 254 12 13 0.041369475
615 257 10 13 0.04096242
173 260 13 15 0.040692043
563 252 11 10 0.039109226
881 271 10 12 0.035872005
949 271 13 13 0.035785988
704 252 16 15 0.03408109
496 278 10 9 0.033216853
377 260 12 11 0.03313071
893 353 8 10 0.031741824
778 259 9 8 0.031623702
925 256 9 7 0.03134161
933 270 13 13 0.03114498
624 280 8 9 0.030794257
865 256 8 10 0.029804958
45 269 6 5 0.028034411
1007 232 16 18 0.027219078
746 261 9 8 0.027070235
578 292 23 23 0.026810337
503 267 9 7 0.025901513
270 260 25 30 0.02475144
895 269 11 15 0.023541937
756 278 10 11 0.020894656
169 293 8 10 0.020204991
