2_Demonstration_Demonstration_Or_Protest_2_430
65
95 240 77 66 0.75116944
488 142 70 75 0.7133248
347 178 63 64 0.69253093
284 209 65 64 0.65434974
763 150 56 57 0.55950403
600 127 66 64 0.49421397
850 159 40 39 0.4726414
662 110 64 64 0.35829434
808 129 37 35 0.31972754
758 130 48 43 0.30753893
674 144 63 62 0.29743707
231 219 45 39 0.23476185
104 210 30 26 0.21819419
858 231 49 41 0.19950387
619 148 32 35 0.19174728
138 384 39 32 0.18743236
834 208 102 87 0.17269221
684 110 49 46 0.1549711
291 225 44 46 0.12463625
861 162 45 41 0.10660943
723 76 10 7 0.10167477
108 214 34 35 0.0839185
115 213 19 15 0.08222071
820 459 34 27 0.08060207
123 378 62 48 0.07578148
822 541 45 30 0.06972053
438 248 32 28 0.062811576
658 120 41 33 0.060432576
358 513 95 65 0.05883108
831 470 27 26 0.05671478
37 209 24 27 0.056467023
716 70 22 18 0.054282144
1 167 24 38 0.048054412
513 146 82 66 0.04486021
662 130 32 33 0.04410846
38 292 34 38 0.042652186
867 194 46 43 0.04243575
-1 175 47 48 0.04043983
802 497 32 31 0.04035105
973 291 25 23 0.039350063
665 99 26 24 0.03833765
970 525 53 43 0.037893157
957 539 38 35 0.037861172
780 123 26 19 0.037656534
986 344 25 25 0.037210632
248 223 41 33 0.036816124
397 450 120 103 0.035495512
23 354 52 47 0.03348262
181 211 25 27 0.03190187
509 295 16 14 0.03127087
614 117 37 30 0.031164838
4 203 20 18 0.02756662
855 164 62 57 0.026965957
57 215 20 15 0.025958065
831 133 44 34 0.02432164
826 159 119 83 0.023300827
510 99 20 17 0.023233829
233 208 101 65 0.022739071
-14 469 55 39 0.022495337
955 508 39 40 0.022480326
828 447 35 33 0.021444464
997 353 14 12 0.02137968
792 443 18 14 0.02114744
423 540 56 39 0.020978414
414 520 108 80 0.020830378
