2_Demonstration_Political_Rally_2_791
139
633 274 91 84 0.8051945
534 302 88 75 0.7900338
385 353 79 70 0.7721278
396 144 76 63 0.73670775
300 453 67 52 0.6996895
577 31 93 92 0.6939065
765 367 92 82 0.67281824
204 425 78 68 0.67158335
310 542 57 40 0.6590616
381 531 42 33 0.6100395
666 534 55 36 0.45106208
33 471 38 25 0.4477991
961 516 26 18 0.44427392
991 517 31 30 0.4425928
2 530 78 67 0.4215747
486 538 34 29 0.41621628
24 552 33 24 0.4105506
855 515 32 27 0.40679738
293 427 47 39 0.39295062
158 554 43 28 0.3680063
180 409 128 98 0.3456234
656 495 22 18 0.33453548
611 257 142 114 0.32891452
328 550 27 23 0.32510802
863 526 21 16 0.32356372
940 553 33 21 0.28211722
296 209 30 27 0.28010443
508 285 135 104 0.27777857
723 528 55 45 0.27236888
924 494 22 21 0.271214
624 503 21 15 0.26867697
952 428 35 30 0.26313388
745 536 37 31 0.25899774
83 520 22 19 0.22727162
132 532 16 14 0.22651853
600 508 174 108 0.22156928
1002 498 23 22 0.21227437
127 525 23 20 0.19331263
835 545 28 22 0.19267525
37 467 19 17 0.19251314
585 488 23 23 0.17226595
515 545 40 27 0.16429165
79 472 29 28 0.16310127
584 481 28 21 0.14592923
951 550 27 22 0.13999826
906 499 24 19 0.13614088
483 548 41 25 0.13237718
336 408 21 20 0.12689994
312 414 39 42 0.123847015
613 501 20 16 0.123564735
685 522 30 23 0.12270126
327 381 34 28 0.12022164
664 502 21 18 0.11065588
628 475 19 15 0.10775365
0 293 45 53 0.10689648
671 550 32 24 0.10582845
87 471 20 18 0.09813126
41 514 20 19 0.093086824
675 520 28 21 0.09105998
97 519 25 24 0.08849579
24 455 15 13 0.0881186
829 550 43 31 0.08235043
325 535 53 56 0.07686181
50 523 16 14 0.07495515
946 417 55 49 0.07481492
333 400 21 20 0.0722874
861 529 25 20 0.06837044
898 543 34 23 0.0664306
849 523 47 35 0.06396716
1005 415 16 16 0.060278896
451 115 41 33 0.0601845
684 522 49 44 0.059801593
951 541 28 22 0.058909122
320 394 36 31 0.056602906
255 407 97 82 0.05523973
982 512 20 19 0.0521737
414 360 54 52 0.050870504
1001 533 11 10 0.050810486
338 371 19 20 0.048336137
935 545 40 38 0.048242386
303 443 36 33 0.047893602
503 58 32 32 0.04777769
590 557 31 24 0.046977926
169 418 89 65 0.04629528
19 555 25 17 0.044327687
272 427 130 88 0.04387481
501 539 39 27 0.043791827
630 508 9 8 0.04338316
454 519 64 47 0.043267604
618 515 96 74 0.04275256
878 524 18 15 0.041657276
615 476 22 18 0.041307718
979 422 24 25 0.04099166
76 534 17 13 0.04067975
699 490 157 106 0.04067825
721 -3 75 36 0.040231258
613 49 56 57 0.040033597
763 391 71 52 0.0365684
57 537 17 12 0.03600157
166 560 22 16 0.035668865
72 435 21 19 0.035539966
9 541 50 46 0.03500571
45 476 14 12 0.03484845
49 434 19 17 0.034236252
984 335 25 25 0.032365166
173 557 26 19 0.03165159
713 508 90 75 0.031471875
481 55 28 23 0.03134717
308 559 24 17 0.031088425
363 121 65 48 0.03039391
630 464 38 32 0.029739352
925 397 102 65 0.029023767
157 288 32 27 0.028963352
108 533 20 18 0.028947195
1006 466 18 21 0.028390698
39 454 8 7 0.027298119
903 481 27 20 0.027240075
296 407 41 36 0.025616681
849 501 19 14 0.025371468
320 429 40 35 0.025099227
461 523 90 62 0.024985384
932 344 21 16 0.024411926
977 422 42 36 0.023855096
886 501 19 15 0.02355986
972 388 28 28 0.02342379
930 552 32 19 0.023269882
553 293 111 86 0.023132088
108 455 18 15 0.022800768
334 542 34 27 0.021908002
889 227 32 26 0.021587428
451 218 30 24 0.02157911
444 478 36 27 0.02144722
613 466 34 31 0.021317987
320 445 37 39 0.020858
469 88 34 30 0.020765034
781 531 62 41 0.02054868
22 536 41 39 0.020447671
0 503 17 14 0.02010853
145 321 237 174 0.02002732
