2_Demonstration_Demonstrators_2_163
30
576 188 67 119 0.7142572
345 192 62 102 0.43508348
841 287 29 46 0.4035165
557 286 25 48 0.40260142
102 263 25 47 0.39337614
203 243 54 86 0.37401065
899 264 26 47 0.35527804
39 246 33 61 0.2870936
206 273 39 62 0.24672951
901 295 24 48 0.22954606
4 295 15 35 0.22021894
33 252 21 40 0.17720243
308 230 49 73 0.1664752
16 243 23 44 0.16302599
909 310 18 40 0.13690767
102 281 22 41 0.09898313
193 276 37 54 0.067793325
294 231 43 77 0.06651114
91 266 23 36 0.06543794
888 246 42 85 0.050495412
885 1009 147 249 0.05043528
90 408 136 245 0.049665906
826 272 19 35 0.030889472
336 205 45 70 0.029775001
841 964 236 431 0.026776697
28 152 22 42 0.026747352
744 394 106 186 0.02633678
928 1041 99 183 0.025335269
439 239 41 76 0.023740511
-13 626 89 162 0.020143531
