2_Demonstration_Political_Rally_2_264
109
656 400 32 25 0.2782003
980 511 27 24 0.24890502
591 510 20 18 0.23430337
1006 397 17 16 0.2119046
986 521 17 17 0.20646054
311 509 22 19 0.18283357
222 541 23 21 0.16599892
525 507 16 13 0.16160311
672 591 20 17 0.15981868
311 515 15 15 0.15831092
737 605 19 17 0.1573324
613 416 22 17 0.15232056
617 420 16 16 0.15086606
92 355 19 17 0.14006014
529 513 14 12 0.13305205
570 459 17 16 0.11553266
792 410 14 11 0.114106394
658 467 16 15 0.11103561
899 409 16 13 0.103855714
536 323 23 20 0.10216811
587 603 10 9 0.101276144
591 594 21 20 0.100482695
326 359 22 19 0.09340194
442 502 14 12 0.092605665
956 386 18 14 0.08936241
93 358 12 10 0.087193474
92 497 20 21 0.08597003
99 499 20 17 0.083695196
992 402 17 19 0.079047784
959 450 25 22 0.07756123
151 358 17 14 0.076527566
968 456 20 19 0.07595568
667 463 18 16 0.07564993
590 468 17 15 0.075243264
409 383 24 19 0.07397801
372 533 13 12 0.07393458
489 578 11 12 0.071990624
363 405 13 11 0.07143234
455 505 18 16 0.071208954
367 531 13 13 0.07103331
756 498 19 17 0.07064296
554 318 14 16 0.064230256
155 337 15 12 0.06149743
482 274 14 13 0.06048621
705 503 16 15 0.05802164
806 408 18 15 0.055575762
513 494 19 17 0.05530221
723 426 11 9 0.052783307
484 403 20 16 0.05221535
783 455 13 13 0.05216399
517 423 12 11 0.050371133
165 335 14 12 0.04887692
106 508 17 16 0.048399776
679 592 11 12 0.048395663
644 472 13 11 0.047196258
967 382 15 15 0.045660213
414 400 16 13 0.045434944
737 429 11 8 0.044380855
563 407 15 14 0.042743653
418 392 13 12 0.042708598
382 515 19 16 0.042288013
733 443 9 10 0.04189289
926 497 24 25 0.04177322
161 360 20 17 0.04174013
955 419 18 18 0.04086245
832 498 22 22 0.040808357
601 466 15 13 0.03919797
338 361 14 13 0.037631337
903 409 9 7 0.036035232
313 324 20 16 0.03353864
1010 183 14 14 0.033085033
619 364 15 14 0.032492235
451 511 8 9 0.03205242
588 491 18 16 0.03194343
679 599 8 8 0.03127704
833 413 14 15 0.031253483
160 504 20 17 0.031200102
987 528 20 21 0.031198274
107 333 15 13 0.03118432
818 190 27 22 0.03052118
169 537 14 13 0.03040459
54 345 10 8 0.029999949
628 567 13 11 0.029991465
687 416 18 15 0.029560437
35 320 18 14 0.028935404
860 415 11 8 0.028492587
659 558 19 19 0.028461594
675 360 20 16 0.028355526
665 561 22 18 0.028332451
928 361 13 9 0.027302181
584 461 9 9 0.027116194
458 358 15 14 0.026560048
405 427 17 12 0.025336184
574 465 14 12 0.025314191
17 362 11 12 0.024880446
372 529 7 7 0.02460437
203 337 15 12 0.024458438
819 539 21 20 0.024088401
196 136 16 15 0.023559745
923 590 23 23 0.02346316
531 338 10 9 0.023292938
474 409 15 15 0.0230432
922 391 10 8 0.022695012
295 494 28 23 0.022387415
758 451 14 13 0.022076199
714 504 9 8 0.020608502
31 330 12 12 0.020547649
810 337 16 16 0.020414574
663 445 21 19 0.020390369
