2_Demonstration_Demonstrators_2_470
30
863 113 114 156 0.82189405
466 296 213 244 0.7184966
625 34 88 108 0.7089689
13 176 289 412 0.6417436
451 129 130 164 0.57292104
395 54 102 119 0.509035
583 49 71 77 0.12630689
614 20 138 150 0.12606193
867 136 82 101 0.12439356
620 64 59 61 0.09726166
466 176 82 93 0.08727209
457 322 130 136 0.073029466
22 56 154 118 0.061297808
567 16 130 136 0.055755373
467 225 77 74 0.049836736
12 354 161 228 0.048982695
-54 165 275 273 0.04875931
414 91 209 217 0.040390518
852 204 112 87 0.036929607
330 27 165 162 0.036038693
519 30 113 108 0.035103034
427 389 191 159 0.032272626
659 24 120 118 0.030829981
387 331 135 142 0.029526936
401 140 135 144 0.027344804
557 64 43 49 0.024598924
-18 486 94 93 0.023970686
381 10 205 173 0.023239987
483 116 183 188 0.02266969
276 288 129 153 0.02051016
