2_Demonstration_Protesters_2_221
214
566 147 71 61 0.7603459
818 124 58 49 0.73304105
2 202 69 70 0.7317389
505 203 77 76 0.7269728
884 306 75 82 0.7129216
133 57 41 38 0.6646902
394 306 73 67 0.6528822
721 198 55 54 0.64534163
233 79 52 42 0.63401663
897 110 53 49 0.63065267
971 150 53 61 0.62845975
903 193 64 44 0.613548
212 130 54 48 0.607601
101 90 59 52 0.6044886
409 141 48 37 0.5861569
384 226 81 75 0.5850138
650 94 37 33 0.5816668
224 523 84 54 0.5755595
272 335 69 59 0.57101846
678 94 59 47 0.5684061
114 14 37 33 0.5657795
377 55 62 45 0.5619204
733 147 62 54 0.56187636
849 176 50 50 0.511453
-7 99 55 67 0.49970013
726 63 32 28 0.49085718
175 14 27 20 0.48762664
343 119 37 31 0.48440367
77 183 54 54 0.4840804
695 363 84 87 0.4635177
461 92 43 38 0.46186253
889 45 40 33 0.4518282
659 93 46 41 0.44752342
243 84 33 27 0.4410959
436 73 38 28 0.43741626
529 76 40 36 0.4342132
289 123 44 34 0.41022855
387 206 116 114 0.4061465
544 73 40 38 0.39817375
3 18 43 35 0.3930098
154 131 47 45 0.3908976
595 2 23 15 0.37951684
532 7 27 18 0.36937174
306 254 60 52 0.3618841
716 1 41 30 0.3526398
125 245 65 58 0.3436083
297 138 31 26 0.33391115
423 133 59 50 0.33304855
649 77 111 83 0.31877747
743 155 39 39 0.31413367
899 89 49 45 0.30237633
812 85 29 24 0.29177988
317 271 38 42 0.2742501
663 251 60 50 0.2720682
447 -1 29 21 0.2707829
704 2 38 26 0.26825047
104 107 36 40 0.2623187
313 15 28 19 0.25850073
375 118 114 83 0.25720245
150 136 37 34 0.256549
446 78 42 40 0.25444093
987 2 28 25 0.25142357
-3 81 44 67 0.25056407
623 -4 32 22 0.24907228
678 62 38 30 0.23889974
435 61 35 27 0.23503178
159 320 35 30 0.2333639
509 82 40 29 0.2255755
184 111 94 78 0.21691255
541 56 39 39 0.21544436
432 52 35 29 0.21520959
605 0 25 18 0.21252276
918 104 26 27 0.21114647
310 123 41 38 0.20124288
300 14 39 33 0.19278842
390 66 39 37 0.18828486
537 11 14 8 0.18791202
729 125 62 51 0.18676318
611 227 63 54 0.1764504
230 12 23 16 0.17197396
601 206 70 62 0.17126125
686 107 39 35 0.16913672
801 108 96 81 0.1690579
958 76 26 30 0.16126288
20 11 37 29 0.1609178
296 149 39 35 0.1598957
323 15 26 27 0.14980535
828 82 28 23 0.14926964
41 5 26 17 0.14916335
580 162 40 33 0.14753179
232 17 15 13 0.14510776
526 56 34 29 0.1422246
524 214 52 55 0.14185375
508 51 33 27 0.1385107
247 92 26 24 0.1368404
994 54 32 38 0.13132021
182 131 51 44 0.13036679
446 65 84 54 0.13027681
958 229 71 87 0.12608503
414 20 22 17 0.12260376
309 77 42 33 0.118978046
14 29 32 36 0.118525565
166 7 44 37 0.117961496
140 253 42 41 0.117570765
869 72 31 33 0.10533544
95 191 40 41 0.103391506
681 67 19 16 0.102697946
28 11 46 36 0.098729454
708 386 43 56 0.09796056
404 298 55 56 0.09655532
408 262 78 96 0.09652061
322 268 27 27 0.09626357
159 145 53 49 0.094986774
411 34 41 25 0.09365386
733 72 42 35 0.09134169
859 82 11 11 0.08858819
886 331 49 49 0.08480621
238 332 74 64 0.08441791
216 350 59 51 0.08192187
516 424 58 47 0.08033622
311 2 20 14 0.07776795
622 37 29 23 0.07631466
261 107 106 82 0.0757815
2 31 25 24 0.07203003
844 62 40 32 0.0716732
256 325 128 101 0.07140638
895 32 48 45 0.066889845
792 330 52 57 0.066072635
79 356 45 40 0.06567464
92 239 81 70 0.059637472
787 336 72 81 0.058678053
542 111 169 137 0.057988036
182 7 17 13 0.05745722
3 224 47 57 0.057265576
849 1 18 12 0.055826146
507 43 32 27 0.054263957
532 15 20 15 0.053811956
963 127 47 58 0.053678297
432 22 26 23 0.053473257
356 121 22 24 0.053154178
391 15 20 14 0.052757937
772 -2 27 18 0.05171808
107 7 57 53 0.051043928
868 241 42 41 0.051015913
710 400 36 30 0.050542388
838 62 60 48 0.050336182
19 27 16 18 0.048549715
88 362 27 30 0.04818017
-3 366 31 36 0.047602244
577 522 74 59 0.047096822
198 413 61 52 0.046715084
222 271 63 51 0.04552728
311 42 23 22 0.04531823
219 494 98 72 0.044756304
152 73 35 31 0.04417881
433 38 22 19 0.04386287
446 80 74 58 0.04182415
123 -1 20 18 0.04065334
219 359 36 33 0.0399587
500 222 52 41 0.039790656
230 173 109 97 0.03835639
5 -4 29 23 0.038148213
-27 174 115 94 0.036993
372 7 13 10 0.036388323
385 126 63 67 0.036258545
227 248 67 55 0.035889003
930 114 103 72 0.035839844
284 243 107 78 0.035780266
731 168 58 55 0.03482108
658 79 37 27 0.03461029
898 0 42 21 0.03422248
681 260 38 35 0.033803005
149 14 46 32 0.033757936
407 268 52 53 0.03360309
749 139 27 31 0.03334265
233 49 40 36 0.03322265
385 199 82 76 0.030630203
247 135 42 39 0.029892417
-7 93 107 91 0.029660122
458 513 156 66 0.028829973
201 120 62 41 0.028353857
147 287 50 45 0.027672749
757 143 30 29 0.027369302
319 105 82 62 0.02718134
442 79 21 15 0.026936855
523 117 61 52 0.026822355
513 51 91 73 0.026649382
298 1 72 69 0.026617596
520 197 108 89 0.026573721
531 115 124 88 0.026420604
691 209 46 43 0.026023012
290 26 49 39 0.02549545
869 191 38 32 0.025375033
109 21 29 28 0.024974536
171 3 38 26 0.024171626
133 49 67 54 0.024079444
893 55 24 20 0.023959972
737 78 24 17 0.023562798
196 67 109 76 0.023115022
726 114 41 34 0.022902263
876 182 98 74 0.022609744
225 3 21 15 0.022513729
34 39 31 25 0.022480613
-21 255 100 76 0.022289485
1007 64 18 17 0.02215905
704 414 166 179 0.021579478
442 118 230 143 0.02140933
469 473 137 92 0.021136051
144 147 49 41 0.021130448
121 34 34 48 0.021035386
828 70 48 34 0.02081407
-36 68 200 142 0.020300465
696 65 28 20 0.020248717
267 342 42 43 0.020076618
