2_Demonstration_Demonstrators_2_518
58
936 419 74 87 0.7800042
468 149 57 59 0.7116444
609 413 66 66 0.6990704
553 142 36 41 0.6913875
377 145 66 59 0.68982
691 146 43 43 0.6425635
80 255 79 83 0.63995725
756 54 43 41 0.6344208
231 199 55 59 0.59986466
326 157 62 57 0.5604544
187 5 29 26 0.55742556
969 258 64 64 0.49335262
176 288 65 62 0.46220824
828 87 33 35 0.4571026
340 168 34 34 0.3654578
939 54 30 27 0.35714287
839 92 25 26 0.2808764
614 135 36 37 0.24058694
999 84 21 22 0.23466203
932 57 26 29 0.21384934
731 133 40 41 0.21124755
190 295 41 39 0.15639958
962 66 23 25 0.15430251
673 136 70 61 0.13220048
509 1 27 20 0.10507691
733 117 46 45 0.102538995
821 98 21 19 0.10021386
357 165 31 36 0.088418536
399 152 47 44 0.080618545
344 329 100 87 0.072153054
651 76 24 27 0.07133257
284 281 54 54 0.07118868
812 406 38 39 0.06329014
979 101 19 23 0.060701042
944 435 42 48 0.053024445
626 149 10 10 0.047875583
908 28 76 75 0.04282551
955 123 15 14 0.04134431
933 242 98 91 0.037706077
280 322 117 98 0.036298186
824 74 40 39 0.03521516
226 196 41 41 0.03397414
562 153 17 21 0.0324202
828 282 27 28 0.032368027
923 62 35 33 0.031097364
39 247 86 83 0.029227966
834 272 32 32 0.028869845
78 266 55 47 0.028372178
628 77 27 24 0.027596267
1001 636 22 25 0.025430178
714 141 52 45 0.023104962
293 287 31 30 0.023096241
241 217 48 61 0.022915872
629 125 33 34 0.022776848
8 110 149 138 0.021466555
271 291 169 141 0.021243094
30 74 212 184 0.02052428
340 -1 24 17 0.020431012
