2_Demonstration_Demonstration_Or_Protest_2_200
139
785 386 52 50 0.72236246
69 268 46 42 0.70704335
172 230 37 34 0.7031497
11 370 48 45 0.7031022
275 222 40 39 0.7009928
846 327 48 45 0.68578273
77 132 39 38 0.6683545
944 305 45 47 0.626368
217 192 33 35 0.60478896
382 226 30 27 0.60467255
295 352 59 52 0.58942425
798 483 77 68 0.54755586
271 65 21 19 0.47262713
395 47 21 17 0.4586601
908 116 23 18 0.4257066
1005 86 18 20 0.42525935
303 93 26 23 0.4118016
925 76 25 20 0.41000375
771 370 81 81 0.40424943
840 142 25 22 0.37664226
401 48 11 13 0.36911696
390 232 17 15 0.35771775
898 288 26 21 0.333833
296 178 25 21 0.33095297
820 298 100 98 0.3131814
911 290 17 17 0.30220672
768 336 40 30 0.29024374
400 142 17 16 0.28706044
912 121 15 15 0.28334433
385 170 29 26 0.26640803
533 179 19 18 0.26375797
901 3 21 15 0.26273382
911 391 57 54 0.21431696
524 88 13 11 0.2118648
541 357 27 26 0.21122338
398 171 19 22 0.20865197
389 145 24 21 0.20688297
320 105 19 16 0.20093253
352 124 16 12 0.19998147
810 498 47 49 0.1961725
781 85 23 19 0.19044097
43 245 29 29 0.17344561
278 70 10 9 0.16439325
314 366 40 43 0.16105232
61 117 77 65 0.15971388
893 161 17 16 0.15588434
364 116 16 13 0.14549303
546 182 11 13 0.13466887
368 110 11 10 0.13283491
330 168 51 45 0.13052846
21 71 14 13 0.12804043
388 421 24 22 0.11989777
913 3 20 16 0.11856623
896 308 49 50 0.11376977
671 373 31 29 0.112413675
968 187 22 21 0.11030927
489 45 13 11 0.10914968
395 166 23 20 0.10419501
763 475 141 97 0.104158305
-8 326 28 32 0.0988029
243 88 20 18 0.09876525
987 13 17 16 0.09826936
889 163 22 21 0.09689993
409 489 41 28 0.09551538
74 280 34 27 0.08405866
187 190 27 26 0.08318298
548 362 19 16 0.08253829
885 186 14 13 0.07909497
781 344 13 14 0.07758487
204 192 14 11 0.07651033
676 83 28 23 0.07648021
881 182 17 15 0.07595464
514 166 16 14 0.073221244
957 190 23 16 0.07319127
460 9 16 12 0.06980819
922 400 35 35 0.0685956
24 133 22 23 0.06827418
348 125 23 23 0.06422218
375 87 16 16 0.06011975
988 287 41 34 0.058205266
0 337 16 15 0.057927717
916 306 45 42 0.056013837
16 131 19 19 0.055474736
537 71 18 15 0.053209137
962 197 21 18 0.052810397
986 10 13 12 0.052092355
665 403 34 33 0.050780866
113 249 26 23 0.050749775
3 94 18 23 0.04983537
121 253 24 21 0.047220305
969 464 54 90 0.046733234
270 159 66 55 0.046269044
892 297 17 12 0.04558411
59 253 15 15 0.043975517
352 12 12 11 0.04366715
193 193 32 30 0.04264929
332 140 26 22 0.04210479
530 89 5 6 0.04173145
849 188 16 16 0.04148011
444 -3 48 43 0.040923342
992 285 20 22 0.040574864
767 0 20 12 0.040236074
476 16 16 13 0.03888603
811 0 14 10 0.037665993
863 291 16 13 0.037366103
640 466 18 23 0.036596972
221 189 20 22 0.036206476
34 135 23 21 0.035761017
683 45 17 15 0.034110982
255 90 13 14 0.032311197
760 356 40 36 0.030674195
339 147 42 43 0.03037024
1000 25 18 15 0.029642938
298 167 44 35 0.029225275
496 6 19 12 0.028284958
989 182 15 13 0.027527679
220 189 89 84 0.027491827
701 464 27 30 0.027062252
899 118 27 22 0.026586734
791 90 10 10 0.026555635
90 196 33 26 0.026479665
150 243 27 23 0.026460368
314 59 14 12 0.026297849
16 377 29 29 0.025765328
675 10 21 15 0.025509536
988 68 26 30 0.024379408
542 3 13 10 0.023713857
239 286 83 69 0.023616385
482 159 23 22 0.023528526
-1 86 16 15 0.023358867
371 76 20 22 0.022951271
526 181 13 11 0.022915466
354 28 13 11 0.022844974
233 86 26 23 0.02220239
113 261 33 33 0.022193912
71 146 39 31 0.021989932
55 117 55 50 0.021521201
77 89 15 15 0.020926522
905 151 26 22 0.020264482
