2_Demonstration_Protesters_2_822
54
584 431 63 75 0.7433967
91 418 67 71 0.6882681
707 376 106 114 0.65411484
300 348 47 56 0.6406407
28 371 43 45 0.6401214
674 360 43 52 0.6219372
196 384 61 59 0.5552658
938 380 34 38 0.5079237
220 385 42 44 0.39020288
674 343 174 176 0.34180596
9 356 77 73 0.33773172
274 325 98 104 0.2474116
186 368 25 25 0.18435138
142 370 18 21 0.15537913
264 379 27 31 0.14946447
173 372 27 33 0.13439348
80 296 22 26 0.12331816
560 285 18 21 0.11998999
384 381 40 42 0.1170039
193 377 19 24 0.108711734
968 359 18 18 0.09889435
165 368 21 26 0.09670261
437 403 38 41 0.093133435
1002 364 15 17 0.081944086
118 359 30 35 0.069174044
100 432 45 51 0.06643278
125 371 27 33 0.06612609
984 361 16 18 0.06136219
270 361 24 29 0.05807605
98 369 44 50 0.05556424
110 524 109 141 0.050143864
179 369 96 90 0.049220383
5 377 25 28 0.0487305
712 377 66 87 0.047746558
407 680 17 18 0.047315765
535 387 21 26 0.043044955
59 393 80 81 0.038285617
467 350 19 20 0.036255535
184 363 41 52 0.032806303
279 281 117 115 0.031455267
689 366 17 33 0.03067273
423 338 15 14 0.029738707
415 343 22 26 0.028873382
840 484 46 45 0.028653592
281 348 44 55 0.027998758
379 374 35 39 0.027805017
78 413 53 76 0.027439535
133 370 15 20 0.026275385
999 461 19 26 0.025197148
101 449 53 45 0.024419364
13 361 27 36 0.023344355
393 671 40 40 0.02233508
284 650 22 22 0.021349581
909 671 137 124 0.021047965
