2_Demonstration_Protesters_2_179
20
149 189 49 45 0.7383705
511 194 42 41 0.69282746
633 154 46 45 0.40574926
971 195 21 20 0.26321682
501 193 66 53 0.16950744
49 316 20 18 0.16406775
91 322 15 15 0.1307518
874 133 40 38 0.10762462
6 322 7 7 0.096955016
883 143 24 23 0.09385765
932 247 26 30 0.049588505
94 238 30 22 0.04545148
823 153 27 26 0.028220994
104 320 17 19 0.028056512
996 197 17 17 0.026656663
870 126 31 32 0.025140224
914 236 59 51 0.024995672
30 318 11 12 0.023210809
976 186 33 31 0.022751309
655 153 21 22 0.022595681
