2_Demonstration_Demonstration_Or_Protest_2_476
420
692 600 34 32 0.7096584
982 587 37 40 0.6891976
385 602 31 30 0.67215186
813 584 41 39 0.6578179
752 579 34 31 0.6469113
509 397 27 25 0.6327308
420 489 25 27 0.6211374
493 652 24 29 0.6180547
179 549 42 39 0.61710715
616 555 44 40 0.61616534
740 371 27 29 0.615497
509 609 26 28 0.58054525
513 564 37 34 0.56174463
330 493 28 27 0.5552147
586 619 34 35 0.5298526
873 471 31 30 0.5294544
976 314 42 35 0.50628304
352 431 38 40 0.5042039
540 447 52 52 0.495046
464 535 31 28 0.49003097
868 529 39 37 0.48822126
664 459 39 36 0.48503327
363 550 37 37 0.47565717
485 470 34 31 0.4752201
165 345 24 24 0.47368655
31 417 28 24 0.47343713
695 546 35 33 0.47218043
320 611 43 37 0.46673605
138 495 21 25 0.4565382
574 428 40 41 0.4556105
905 314 30 33 0.4552851
775 497 36 36 0.45071673
906 608 50 44 0.42673686
978 369 45 41 0.42599997
885 353 31 31 0.41688904
948 443 28 30 0.41420385
634 373 26 23 0.40599328
723 413 42 37 0.40279922
750 472 20 20 0.40059897
199 446 21 23 0.4000154
186 494 36 33 0.39711916
498 660 14 14 0.39710933
25 413 45 38 0.38768876
71 336 33 30 0.3831813
526 564 28 28 0.3775149
318 615 24 22 0.37641734
624 453 31 35 0.37478897
333 498 19 18 0.37217557
711 554 17 19 0.3561316
688 377 28 27 0.34623486
10 250 23 23 0.3459401
232 311 30 27 0.33778712
260 349 25 26 0.3375228
258 492 40 36 0.3361348
745 463 31 30 0.33390874
538 461 24 24 0.32921192
591 394 18 15 0.32885528
725 507 28 28 0.32417867
800 415 32 27 0.3217757
623 306 17 14 0.32017848
976 371 27 31 0.31693456
78 454 31 30 0.31692603
739 264 36 31 0.31191257
761 583 20 22 0.31183076
418 402 24 22 0.31164867
40 247 34 32 0.30704233
907 388 36 32 0.29870635
89 468 27 25 0.29790425
273 296 21 21 0.29139706
211 648 29 27 0.28948566
763 402 30 26 0.28901884
386 345 20 18 0.28240728
975 395 33 36 0.28109494
41 320 32 30 0.28059292
946 287 28 30 0.2682482
655 243 32 24 0.26777756
458 416 36 29 0.26724774
642 430 19 18 0.26698261
402 466 19 18 0.26356152
797 656 34 32 0.2607889
516 461 33 26 0.26076245
119 352 23 25 0.25554508
272 556 25 31 0.2531405
536 361 29 22 0.2503722
228 388 28 23 0.24878316
870 418 33 29 0.24789098
113 431 14 10 0.24453965
223 424 29 27 0.24453512
581 247 30 24 0.24277358
939 359 41 34 0.24223797
297 603 40 37 0.24194767
525 250 24 21 0.23552783
361 403 23 22 0.23193483
831 437 28 26 0.22572307
388 282 15 12 0.2227868
427 338 35 35 0.22193076
652 497 20 24 0.22161935
3 325 25 27 0.2207049
462 429 21 19 0.21927722
553 365 14 17 0.21890341
471 543 17 18 0.21361731
860 391 30 23 0.21303608
853 177 21 23 0.20851797
74 446 24 20 0.20585163
363 327 17 15 0.20362036
943 375 45 48 0.20169401
914 292 21 20 0.20162724
507 293 43 32 0.20043065
180 427 22 19 0.19896322
528 364 33 26 0.1972369
983 415 31 28 0.19620265
646 329 17 14 0.19561492
276 361 25 22 0.19202353
410 267 25 20 0.19065069
590 333 16 14 0.19008951
840 317 30 30 0.18990873
266 436 20 20 0.18823764
877 388 32 28 0.18502109
748 413 20 21 0.18218409
291 336 43 39 0.1808622
748 262 23 20 0.17562476
168 352 29 24 0.17356619
436 295 22 22 0.17312191
401 437 19 22 0.16928947
164 424 25 21 0.1681731
478 205 20 14 0.16605945
268 504 31 29 0.16590996
506 218 21 23 0.16514814
260 269 13 13 0.1632923
239 300 15 17 0.16152447
331 333 14 13 0.16001546
918 400 44 42 0.15996984
665 427 29 38 0.15644085
365 317 17 18 0.15631895
142 471 16 15 0.15617667
988 149 19 17 0.15605347
302 662 36 30 0.15394266
116 433 6 7 0.15232302
877 145 16 18 0.15158628
597 542 77 63 0.14896226
368 252 11 10 0.14754364
10 531 41 50 0.14551434
209 382 13 12 0.14514402
552 206 17 15 0.14308742
685 366 25 23 0.1429104
818 432 35 30 0.14286485
590 368 18 19 0.14276537
479 374 14 13 0.14264685
425 347 16 12 0.1418472
178 450 33 30 0.1403613
144 428 20 17 0.13758129
476 333 15 11 0.13449727
859 297 29 23 0.133336
761 556 35 32 0.1323404
72 375 32 27 0.13173561
233 484 21 24 0.13149047
1000 217 25 29 0.1312777
-4 483 30 38 0.1306596
373 377 17 15 0.12865229
811 292 21 21 0.12558588
77 423 18 13 0.12528591
404 171 19 19 0.1247777
325 310 28 24 0.124322325
233 405 26 22 0.12418301
81 224 23 20 0.124167114
698 248 16 18 0.12344914
479 388 24 20 0.12199631
396 424 33 27 0.12193257
79 194 22 20 0.12125701
289 402 24 25 0.11797286
185 395 20 20 0.11763341
878 297 23 18 0.11719587
369 415 13 15 0.11702493
187 323 28 28 0.11581536
633 457 21 15 0.11510556
934 157 16 16 0.114424996
596 400 34 29 0.11311253
311 370 22 21 0.113034725
1000 244 21 20 0.111639276
438 216 15 17 0.109780945
286 402 18 21 0.10877912
157 491 33 35 0.107984394
691 342 19 19 0.10763083
224 305 46 37 0.10530574
995 512 28 36 0.10519096
606 448 26 25 0.104280315
972 305 22 26 0.10400341
704 556 21 26 0.10271366
924 401 34 26 0.10196088
299 281 19 13 0.1016618
893 356 20 22 0.101307265
750 254 14 15 0.101247
11 264 34 28 0.100996666
400 254 13 13 0.10050069
686 401 26 25 0.10045385
458 269 30 24 0.097668305
389 603 22 21 0.097562775
336 274 18 16 0.09691061
127 365 15 14 0.094164215
500 297 11 10 0.09270842
26 362 22 21 0.09117886
57 439 22 20 0.09019128
237 587 22 20 0.08976758
560 550 24 25 0.08768463
841 506 94 84 0.08681625
186 300 18 19 0.086099215
261 425 29 29 0.085005425
954 212 44 37 0.084492706
541 435 68 49 0.083448686
-2 288 27 28 0.083410054
197 635 56 50 0.08238285
600 425 26 17 0.08085021
604 485 34 37 0.080623746
88 302 13 13 0.080436
546 501 25 25 0.07924424
337 297 10 9 0.078593604
389 224 11 11 0.07805091
380 446 27 24 0.07703927
450 246 24 22 0.076818064
917 627 31 31 0.076432034
439 457 29 30 0.07607682
16 270 21 21 0.07561145
220 482 16 15 0.0750755
281 561 16 18 0.07449071
966 223 21 21 0.07357282
476 494 24 28 0.073482074
256 455 24 21 0.07336157
901 301 20 20 0.07329242
502 501 14 13 0.07192363
561 322 13 12 0.071575634
625 271 12 12 0.07150993
312 353 23 22 0.071012884
321 521 114 102 0.07019175
614 373 23 20 0.07008553
0 641 62 54 0.06948197
24 321 20 24 0.06944411
493 351 13 12 0.06913855
107 484 31 30 0.06893904
785 449 17 21 0.06889895
177 308 23 21 0.06656935
301 207 9 8 0.066551015
441 150 24 20 0.06629515
821 413 24 23 0.065279536
249 302 20 21 0.064758465
134 411 6 6 0.064555325
432 491 17 23 0.063883975
518 203 14 11 0.062653504
672 338 33 28 0.0619758
921 632 22 21 0.06124623
512 337 10 8 0.060212065
810 251 14 12 0.06004081
227 381 16 17 0.059166837
737 230 21 16 0.058881123
439 210 12 11 0.05801713
554 303 12 10 0.057865474
366 177 12 10 0.057782173
312 255 9 8 0.057104163
896 400 25 22 0.05634467
666 325 27 23 0.056268804
330 224 14 13 0.05611384
735 448 25 25 0.055895556
631 242 15 14 0.055471677
518 613 17 19 0.05515864
283 512 6 6 0.05396812
232 275 10 9 0.05367487
901 382 29 34 0.0528695
791 318 18 18 0.052696154
248 341 24 26 0.052584212
100 302 19 18 0.052064598
420 367 26 24 0.05152463
639 495 28 25 0.051284816
918 362 43 34 0.051161937
101 417 23 21 0.05068079
264 395 28 23 0.05053272
188 229 17 14 0.04964583
578 384 37 33 0.049349356
596 252 18 18 0.049229164
52 228 10 9 0.04910135
26 253 23 28 0.0483863
817 178 15 14 0.047988735
989 380 30 35 0.047988623
401 225 18 13 0.047952343
38 283 15 15 0.04757888
604 200 15 13 0.04630089
327 413 29 28 0.046039734
729 277 27 26 0.045299932
564 559 15 19 0.044973467
119 547 31 35 0.043572325
51 107 18 15 0.043435365
337 258 5 5 0.04340645
476 287 11 9 0.042443402
207 306 74 62 0.042258464
120 299 16 14 0.041553233
736 494 32 26 0.041346315
240 263 20 17 0.041098405
779 229 12 11 0.040803593
75 128 16 13 0.04023899
961 278 18 14 0.040152695
913 294 12 14 0.039558277
944 243 29 24 0.03921074
850 269 14 12 0.038946014
167 624 121 91 0.03869788
390 352 24 23 0.03845631
100 255 18 16 0.038259298
385 212 26 22 0.0380643
122 184 13 11 0.037943322
663 281 6 7 0.03776269
691 331 17 19 0.03771126
40 217 15 17 0.037600618
633 545 29 30 0.03747373
631 239 9 7 0.036883514
583 256 20 20 0.03660416
811 421 6 9 0.0365743
658 359 39 35 0.035812087
337 398 23 20 0.035684597
677 469 16 16 0.03545482
268 547 28 30 0.03524951
542 366 15 17 0.035121366
564 384 63 53 0.034981966
88 485 19 21 0.0347428
37 158 18 17 0.034713544
488 222 11 11 0.034703564
779 308 18 18 0.034251258
391 405 22 23 0.033795126
38 375 23 20 0.033775505
324 381 64 63 0.03335689
390 345 11 12 0.03329645
561 602 76 69 0.033261184
944 375 100 74 0.033045765
150 318 9 10 0.032913085
365 408 17 15 0.03239308
346 398 52 47 0.032348998
984 318 25 24 0.03226136
86 212 19 16 0.03213414
36 448 17 23 0.03175188
976 217 26 25 0.031577744
29 160 19 20 0.031143775
77 400 118 98 0.031017445
597 304 7 7 0.030565403
803 663 25 20 0.03038826
764 487 61 64 0.030324098
873 493 33 35 0.030221457
335 626 10 10 0.03003153
24 226 8 10 0.029625762
779 660 33 29 0.029542828
124 419 61 53 0.029387238
345 352 6 7 0.029189106
37 285 24 28 0.028923944
606 228 18 18 0.02838054
643 380 9 10 0.02820569
740 395 21 22 0.028182928
1 487 18 21 0.028053802
93 350 28 26 0.028023446
612 210 22 19 0.028009702
33 350 21 21 0.028002424
660 420 44 40 0.027598966
245 390 11 14 0.027520264
202 474 10 9 0.027479712
998 522 18 21 0.027475564
1004 273 11 10 0.027387803
520 403 12 14 0.02709326
97 401 7 7 0.026942553
962 393 69 67 0.026597934
305 605 11 12 0.026378145
458 529 45 44 0.026228152
877 523 19 29 0.026146509
315 444 25 22 0.026138844
679 209 13 11 0.02598197
462 179 10 9 0.02518803
734 420 19 16 0.025073115
543 204 19 20 0.025035592
184 267 16 16 0.02484233
9 153 32 31 0.024568211
997 543 26 39 0.024369912
459 325 16 13 0.024029963
315 263 22 18 0.023957882
773 575 16 14 0.023931501
673 253 14 14 0.02384541
838 150 23 17 0.023778707
946 149 18 13 0.023653166
849 464 32 36 0.023539873
821 425 45 44 0.023490192
695 210 9 8 0.023462439
951 414 37 31 0.023108797
170 349 13 12 0.022871222
294 213 7 9 0.022832789
185 157 51 41 0.022683382
146 211 8 8 0.022640323
846 428 25 23 0.022639342
658 322 26 29 0.022592075
647 435 7 8 0.022575077
888 313 36 33 0.02236169
338 181 10 8 0.022324802
848 390 49 42 0.022273868
804 324 16 14 0.022210464
915 598 27 25 0.022156814
308 504 167 159 0.022145187
370 550 23 27 0.0220345
94 255 9 9 0.022030538
153 178 16 13 0.022003531
570 510 20 23 0.021992082
533 310 21 19 0.021879181
234 289 22 21 0.021874236
765 221 36 37 0.021857837
196 281 10 9 0.021693315
924 208 73 62 0.021579448
30 153 36 30 0.021552337
737 374 80 57 0.021318857
556 464 16 19 0.021301797
25 535 49 47 0.02111835
594 407 43 37 0.021092422
306 209 14 13 0.020704968
390 283 8 9 0.020664986
662 362 83 70 0.020478375
632 311 3 4 0.020364942
332 618 17 15 0.020318534
341 440 18 18 0.020282822
117 172 16 14 0.02019446
656 540 19 19 0.020082325
893 71 27 23 0.020011496
