2_Demonstration_Political_Rally_2_726
19
114 97 127 150 0.8303641
518 437 141 176 0.6622573
21 73 41 45 0.23093152
556 484 102 105 0.14272569
490 472 105 108 0.13711572
452 530 39 43 0.05828542
20 425 118 119 0.044493563
69 66 53 52 0.044001285
164 118 78 98 0.040454563
103 118 78 101 0.040446166
995 142 32 61 0.03944682
56 158 55 83 0.03726414
56 467 45 39 0.034967545
575 453 139 146 0.03420853
461 525 50 78 0.032815125
440 502 91 112 0.031523086
72 79 33 32 0.022937385
468 334 288 275 0.021564677
529 -19 207 210 0.020587772
