2_Demonstration_Demonstration_Or_Protest_2_183
19
301 320 76 125 0.7738112
110 507 27 59 0.48071966
6 505 22 41 0.2017165
283 298 107 185 0.1854942
39 509 22 51 0.15008894
19 509 16 43 0.095119625
671 673 69 145 0.09191566
800 432 19 40 0.06590987
1005 445 13 40 0.053368267
28 530 25 63 0.04649782
92 530 30 58 0.04518393
234 652 15 31 0.044752833
677 693 39 71 0.040150233
11 502 32 67 0.038885467
562 673 10 24 0.0339755
6 473 43 81 0.03380147
69 539 34 65 0.027767373
180 553 23 38 0.026331505
69 1039 46 78 0.023506386
