2_Demonstration_Demonstrators_2_712
41
887 428 39 40 0.7268162
761 481 43 45 0.6757778
992 356 37 45 0.56701285
695 538 32 27 0.45920458
875 416 67 64 0.37545934
651 544 45 44 0.37074435
112 538 22 23 0.25833064
680 537 38 37 0.22996041
742 473 82 66 0.22569883
749 542 40 44 0.13975805
997 378 22 38 0.10005166
987 375 45 47 0.084407
638 195 12 11 0.08256325
301 437 28 31 0.07254005
324 541 27 27 0.06548257
107 579 25 27 0.05783795
451 590 21 16 0.050079595
611 493 27 27 0.04641609
209 492 44 45 0.0435524
171 639 26 21 0.03861997
967 434 37 50 0.038099
183 542 22 23 0.034255076
738 461 21 22 0.03228702
370 609 11 9 0.03073732
222 544 29 27 0.028849276
6 459 39 40 0.027186072
565 566 206 172 0.026359769
671 502 36 34 0.026326355
495 246 17 17 0.025576197
180 640 20 17 0.025237966
479 588 12 10 0.02508718
801 519 56 52 0.024705686
358 232 77 57 0.024159497
243 598 18 15 0.024030963
360 189 29 32 0.024022842
289 409 44 41 0.023447782
339 370 16 14 0.02271789
2 595 25 36 0.022191167
623 194 16 13 0.022085477
707 467 17 16 0.022006987
610 617 117 94 0.021709254
