2_Demonstration_Demonstrators_2_425
134
786 428 73 74 0.8062852
423 569 90 100 0.7554262
989 376 35 38 0.66952664
20 474 41 44 0.66063285
224 431 34 35 0.6345169
458 410 33 32 0.5702635
554 464 55 56 0.5592918
727 337 24 25 0.52506655
698 378 28 27 0.5225319
578 388 23 25 0.5069889
868 307 25 28 0.50242925
782 296 53 54 0.49981654
634 402 33 31 0.49109864
617 335 14 17 0.48455828
698 314 18 19 0.46231064
37 428 35 32 0.42836913
699 363 43 44 0.42341384
487 374 18 17 0.42058945
738 302 18 16 0.41525716
776 310 31 25 0.4058236
752 394 131 130 0.38177606
607 334 19 19 0.3668613
621 393 59 49 0.3191843
348 430 58 60 0.309466
183 483 31 34 0.2760297
334 403 47 52 0.25848582
872 303 37 33 0.25807315
857 277 18 16 0.2508072
220 415 49 59 0.25011045
621 389 26 22 0.24771714
965 371 23 27 0.22664419
343 391 23 23 0.2194204
974 359 31 40 0.21907452
685 308 22 20 0.21189862
927 271 19 22 0.20681137
333 398 34 35 0.20349532
594 202 23 24 0.18236811
208 415 10 9 0.17997836
46 399 17 16 0.17894585
875 273 28 25 0.1633228
795 442 49 47 0.16156387
327 417 39 50 0.145057
359 530 213 172 0.13828935
31 439 18 19 0.13727202
547 444 83 95 0.13327034
814 271 18 16 0.12496187
901 240 81 68 0.12209119
367 388 16 17 0.121418335
991 334 38 42 0.11860204
533 336 16 16 0.118120514
525 321 18 20 0.116851754
105 442 22 23 0.11199889
747 305 20 17 0.1083355
520 325 13 10 0.105341285
859 273 25 27 0.102291465
474 358 23 22 0.09800466
816 305 31 29 0.09334526
6 459 9 11 0.09118566
90 462 16 15 0.09095065
532 390 23 22 0.08647842
366 394 18 21 0.08221114
538 397 25 24 0.07938152
113 439 18 18 0.07365496
214 412 18 19 0.065299004
990 301 20 25 0.06437648
712 339 28 25 0.06308659
4 376 16 14 0.061653003
789 278 6 6 0.059350416
6 393 8 8 0.05823963
600 341 7 6 0.057316612
609 308 13 13 0.05691626
487 348 13 15 0.05625723
409 344 15 14 0.056199342
601 420 21 18 0.055227544
909 275 16 16 0.052772567
172 363 16 15 0.051136248
29 399 15 16 0.050355274
93 380 10 9 0.050040957
767 265 20 18 0.04981901
774 299 15 14 0.049089592
109 403 14 14 0.04833247
987 367 29 31 0.04708836
269 374 8 7 0.046944585
925 289 15 16 0.04656841
527 342 7 7 0.045742597
708 274 16 15 0.045438264
125 425 17 15 0.04508649
182 404 19 20 0.04340719
90 441 28 23 0.04305732
239 400 17 15 0.042144984
831 272 16 16 0.041401755
859 291 11 10 0.03884349
605 394 28 30 0.038499124
277 419 22 24 0.037145857
871 275 17 20 0.03695334
729 276 137 110 0.03666445
16 415 8 9 0.036643226
3 455 8 10 0.036595777
711 295 9 9 0.036580104
997 384 22 22 0.036210597
483 320 13 10 0.03619463
660 302 14 11 0.035156343
771 424 61 68 0.03424773
458 353 9 8 0.03409653
703 320 5 7 0.03294234
556 418 23 25 0.03280101
948 465 27 28 0.03253504
546 390 24 24 0.03226226
455 296 14 11 0.031890456
255 365 15 14 0.031563547
697 497 51 58 0.029994939
957 266 20 22 0.028995253
349 414 39 36 0.027839532
168 374 7 4 0.026936647
191 401 71 62 0.02673135
191 368 15 12 0.026714893
314 355 11 10 0.026554445
43 418 12 12 0.026257446
171 439 17 19 0.025661787
947 304 40 39 0.025514789
51 481 19 22 0.025312359
323 21 101 89 0.02524182
453 428 30 36 0.025144449
546 433 20 19 0.024365412
530 464 60 56 0.023958405
110 469 19 19 0.023650816
605 309 6 6 0.02201773
574 340 12 10 0.021804353
418 613 88 69 0.021629775
193 400 10 8 0.021171281
468 315 16 13 0.020794204
31 464 41 36 0.020726016
308 509 100 93 0.02047732
554 386 79 65 0.020180035
