2_Demonstration_Demonstration_Or_Protest_2_1
164
219 1 44 40 0.74608254
477 35 38 37 0.7374594
204 131 42 43 0.7191716
475 281 53 56 0.71067256
104 293 48 51 0.69438934
842 90 43 44 0.69270015
349 253 54 52 0.6728344
957 276 44 45 0.66459894
808 527 48 49 0.6616017
320 478 44 41 0.6004421
317 525 39 43 0.59290034
511 478 42 42 0.59163326
302 268 30 31 0.58527726
899 117 39 37 0.5798577
337 11 45 40 0.57482356
475 239 44 49 0.5699043
409 252 40 37 0.56940824
740 577 54 54 0.55272055
608 252 47 43 0.5405968
204 252 49 43 0.4942609
528 285 28 29 0.49270117
308 275 18 19 0.48373148
1006 120 18 26 0.48308152
300 512 71 70 0.43815604
150 244 31 29 0.4289558
115 489 50 45 0.41567948
751 289 22 22 0.40688497
614 527 36 34 0.39747134
595 238 67 68 0.3928688
216 547 32 31 0.3763822
558 237 46 44 0.36616975
748 583 31 33 0.36554906
142 496 43 43 0.3594289
906 265 35 34 0.34398234
773 261 39 39 0.34218767
758 287 23 25 0.30192244
540 151 23 21 0.30074495
802 242 43 49 0.29078984
793 519 78 68 0.28974155
397 240 64 61 0.28109252
50 244 24 29 0.27210626
915 279 29 36 0.2715968
684 249 39 39 0.26626137
718 350 36 36 0.24480398
619 567 38 40 0.24330716
196 503 21 21 0.23941542
500 457 71 74 0.23575638
949 165 52 42 0.23532169
969 156 31 36 0.23390795
362 264 26 28 0.22151911
910 124 27 23 0.21873705
996 552 19 20 0.21841031
357 626 91 56 0.21270159
173 607 69 61 0.20223092
158 203 24 26 0.200788
225 553 17 17 0.19830307
184 162 43 40 0.19699141
664 548 25 30 0.18983911
543 248 32 35 0.18298009
307 411 22 19 0.18186124
165 495 38 37 0.17954953
309 404 28 28 0.16564006
363 8 34 30 0.15970968
150 153 82 71 0.15738803
31 284 36 51 0.157271
799 291 25 28 0.15530476
367 542 43 40 0.15216988
757 593 35 34 0.15057942
318 401 29 31 0.13593395
568 242 29 34 0.134981
618 291 20 26 0.13393663
897 269 25 22 0.13233504
501 244 37 35 0.13134792
906 259 68 52 0.12972313
477 170 15 17 0.12805082
323 650 43 32 0.12758072
619 626 44 42 0.12076334
178 174 31 28 0.119464256
666 122 24 23 0.108410984
415 624 85 63 0.108363606
62 620 81 61 0.10673026
137 482 38 35 0.09824205
239 283 30 30 0.09177135
789 191 14 15 0.08982577
56 247 16 19 0.08653048
510 579 47 53 0.08361593
48 581 77 72 0.0804011
961 174 43 46 0.07545301
218 250 26 26 0.07416925
1005 615 19 19 0.07281611
695 239 36 38 0.070438325
494 260 17 20 0.070057265
147 95 27 30 0.06832122
979 145 35 33 0.068107806
1 626 84 58 0.06449077
874 582 36 39 0.0644671
523 269 26 23 0.062556975
796 257 44 44 0.06113778
157 212 19 21 0.0591696
981 163 28 27 0.05859363
392 259 33 31 0.057290714
570 237 118 87 0.056362446
30 200 22 24 0.05552298
969 605 19 20 0.052066367
75 547 43 39 0.051019017
138 101 150 122 0.05050626
779 192 21 18 0.050175257
165 207 16 16 0.05003563
661 572 43 43 0.049713064
775 286 28 28 0.04950109
80 197 17 16 0.049276303
700 177 17 18 0.049211994
596 154 31 28 0.049042806
89 201 17 16 0.047002602
514 507 35 33 0.046794068
201 612 59 53 0.046007894
990 604 15 21 0.04566311
703 196 18 16 0.044943344
399 -2 31 23 0.044910695
172 176 40 42 0.043066237
137 308 38 31 0.04213958
600 523 34 35 0.041029364
952 148 31 28 0.040541854
916 152 19 24 0.04043809
83 276 80 71 0.04033139
880 565 22 19 0.038852982
173 525 33 37 0.038662694
877 561 34 27 0.037912928
700 264 19 21 0.036978498
380 558 13 15 0.03669212
255 277 15 14 0.03473716
933 155 15 13 0.03390246
71 472 102 87 0.03255219
648 640 62 42 0.032262463
616 516 27 30 0.031735435
520 536 35 36 0.031221863
470 548 32 32 0.03065101
880 248 59 52 0.02937862
652 235 56 48 0.028055264
402 225 57 51 0.027395345
516 581 32 37 0.027162287
105 244 28 28 0.026911618
444 274 118 86 0.026738346
19 581 71 75 0.026567958
26 54 29 40 0.026498115
23 104 32 45 0.02575083
363 -1 41 29 0.025146341
481 -2 34 26 0.025107332
588 151 30 23 0.025064899
159 250 19 20 0.024838489
193 576 73 79 0.024361236
624 247 29 30 0.023950918
201 258 24 26 0.02385409
785 421 17 18 0.023660367
649 531 33 34 0.023497589
584 256 43 34 0.022582937
81 13 28 23 0.022513056
151 473 83 66 0.02106459
669 578 26 27 0.020969642
675 282 22 28 0.02069504
181 231 42 50 0.020632952
489 292 22 20 0.020308573
974 635 28 27 0.020153867
297 172 25 25 0.020036086
