2_Demonstration_Demonstration_Or_Protest_2_158
61
516 190 42 43 0.615469
988 222 28 35 0.5913915
854 234 26 29 0.4621185
59 263 15 20 0.39160076
475 235 23 26 0.37767985
755 270 30 30 0.33517957
463 230 26 27 0.26984772
-10 188 67 87 0.25858173
178 219 36 33 0.24492607
728 250 18 18 0.21026596
20 227 30 38 0.18832096
749 276 21 21 0.1871539
182 258 27 28 0.1789424
183 234 21 22 0.1675785
770 276 19 17 0.1574647
106 253 14 14 0.15573376
677 250 16 18 0.15123095
392 246 13 15 0.14454111
517 294 36 30 0.14343138
63 271 8 8 0.14189175
186 235 29 30 0.113662794
100 261 9 7 0.11031949
485 176 101 83 0.10756975
815 247 12 12 0.107556395
739 245 19 21 0.10483234
519 139 13 14 0.10285702
672 253 14 14 0.09277108
401 257 9 10 0.08799821
835 238 23 25 0.08487398
85 263 16 18 0.07996251
863 244 7 11 0.07478039
117 250 12 12 0.07410569
24 245 10 15 0.06886285
885 136 16 19 0.0649894
44 248 12 14 0.06326079
881 220 27 28 0.057665616
244 249 9 10 0.054472446
155 220 39 32 0.05365774
15 177 34 45 0.051691342
262 252 10 11 0.05110191
784 249 18 14 0.050035864
631 244 13 15 0.049230315
273 257 9 7 0.04495998
483 228 23 23 0.044590496
454 239 17 18 0.040702064
300 254 8 7 0.03771371
729 136 58 61 0.032972716
442 216 14 12 0.032496158
423 225 10 10 0.032196827
386 251 9 7 0.029377153
823 231 11 12 0.028301658
644 171 53 50 0.026658198
315 244 12 14 0.026296366
998 234 10 10 0.022141287
615 297 36 39 0.022058124
478 230 21 17 0.02136244
619 160 101 92 0.021241354
701 258 8 6 0.021185318
803 111 58 59 0.021106789
143 228 46 41 0.020705903
662 168 78 74 0.02059008
