2_Demonstration_Protesters_2_826
84
894 243 62 69 0.8254714
602 142 40 42 0.7675174
540 169 52 52 0.71796274
691 205 72 66 0.62197196
625 80 31 29 0.5665061
580 77 31 29 0.4085054
517 126 20 20 0.38836476
222 102 22 22 0.33550406
675 69 30 28 0.32144046
396 186 43 45 0.28655967
527 116 25 25 0.27495164
565 62 13 14 0.25803623
682 78 19 17 0.2513033
40 97 27 29 0.23966274
97 82 17 18 0.22601748
520 68 12 11 0.19920386
551 112 10 11 0.1885268
54 102 19 17 0.17996764
90 83 17 17 0.17514686
467 152 25 27 0.16727994
182 122 14 15 0.16419229
632 83 18 22 0.15696123
166 111 18 18 0.13102911
243 70 20 19 0.115294166
114 98 21 23 0.10495337
260 75 13 14 0.10276673
135 105 11 9 0.10242446
523 72 15 14 0.09920979
514 158 16 19 0.09676184
670 52 25 25 0.08496134
485 80 17 14 0.08306603
315 99 25 25 0.08124411
884 81 12 11 0.08003529
608 77 28 28 0.079556346
204 83 10 8 0.07851748
948 78 24 21 0.0766488
222 80 14 12 0.067425385
777 82 20 20 0.06682113
754 109 23 24 0.06603128
752 293 33 35 0.063641846
74 102 14 14 0.06229221
513 179 13 15 0.061330877
438 91 11 11 0.060755156
192 81 10 11 0.060010955
843 83 16 14 0.057692472
588 86 10 10 0.056738723
767 86 15 14 0.0558998
539 64 17 18 0.052818924
551 77 11 9 0.05238837
155 83 13 11 0.052128628
299 77 12 14 0.051540453
522 106 32 29 0.0490837
567 60 15 20 0.04723733
892 73 14 14 0.046537362
453 78 13 14 0.044372395
424 91 7 5 0.042163942
830 86 12 11 0.04064489
258 69 7 7 0.040160734
187 121 9 7 0.038113464
692 78 24 24 0.03804743
455 60 12 10 0.037469443
-5 125 25 26 0.037029836
729 76 29 28 0.035901807
547 109 17 17 0.034447934
315 101 8 9 0.033023547
967 81 16 17 0.031766526
396 101 24 23 0.031131975
31 85 20 22 0.030786732
328 142 34 34 0.029614557
317 76 16 15 0.02934576
663 212 85 71 0.028822705
635 90 6 9 0.028546134
399 81 15 15 0.028139291
154 110 8 7 0.027434941
761 382 107 94 0.025762176
133 90 9 6 0.024789467
856 89 10 9 0.02385927
559 40 65 62 0.023470623
625 168 126 115 0.023384923
758 111 10 13 0.022110408
58 93 8 11 0.022026733
330 133 46 48 0.021732194
683 95 27 28 0.021457365
47 9 11 12 0.020223102
