2_Demonstration_Demonstration_Or_Protest_2_304
53
774 296 90 110 0.7114618
436 378 34 51 0.7083831
378 365 30 41 0.637353
187 272 55 78 0.61013776
685 395 41 56 0.58967626
74 375 45 61 0.5746856
301 386 37 50 0.5687852
519 347 44 62 0.5307975
556 357 38 50 0.50057244
605 367 29 40 0.46853596
227 340 110 142 0.46113995
262 383 40 57 0.4551002
284 321 26 45 0.45056954
920 379 31 44 0.44468656
33 392 43 53 0.3745519
423 368 57 79 0.33779913
722 390 30 44 0.24399184
290 334 16 23 0.23141243
545 356 31 51 0.19973198
234 369 34 46 0.19793466
221 357 27 37 0.19102874
20 406 12 17 0.18872823
31 398 22 33 0.18812314
196 326 174 202 0.1599004
563 363 22 32 0.1555108
926 390 19 30 0.1226714
728 401 21 29 0.089671955
806 306 77 97 0.086380005
990 435 24 51 0.082800165
441 382 22 35 0.07102769
616 373 20 30 0.06881778
36 357 52 64 0.048779067
200 288 32 38 0.038026955
780 298 44 85 0.037137397
1 562 9 13 0.034831237
748 256 100 138 0.03416561
801 337 54 73 0.030773781
531 333 49 90 0.030006144
151 262 87 110 0.02865658
786 330 32 43 0.027838957
115 757 194 258 0.026564743
636 384 69 90 0.02542782
721 216 179 215 0.02531181
119 663 33 41 0.025044877
-15 28 91 111 0.024262553
653 368 74 125 0.023777219
-1 552 13 30 0.022440191
707 363 23 35 0.021480095
304 370 60 83 0.02132639
55 326 91 104 0.020944437
999 440 19 31 0.020474488
363 619 13 18 0.020366386
520 325 77 129 0.020080825
