2_Demonstration_Demonstration_Or_Protest_2_54
92
983 233 30 35 0.7059213
324 214 36 37 0.6973251
193 57 21 24 0.6878213
860 133 49 50 0.66572946
774 141 33 32 0.62995166
442 136 48 43 0.6145381
732 167 31 29 0.58476657
108 162 27 28 0.5629199
114 92 25 24 0.5195417
660 133 41 39 0.4868797
561 150 31 28 0.47421387
451 142 25 30 0.4696118
176 171 31 31 0.4654967
165 111 27 25 0.4399857
256 152 27 27 0.39839226
313 152 25 22 0.3960502
765 127 56 56 0.37535563
259 146 33 28 0.33953807
114 170 10 13 0.33526453
166 158 30 27 0.3199406
625 160 19 20 0.3129012
575 206 28 32 0.31102127
375 95 10 12 0.28309143
855 135 35 42 0.26415503
170 153 18 16 0.2633852
171 111 17 18 0.2630862
365 182 12 13 0.23881374
232 140 55 57 0.23556629
526 150 15 14 0.19070238
581 331 55 55 0.17962341
487 65 16 16 0.17620432
409 170 16 17 0.17508966
256 160 34 30 0.17011873
262 191 34 33 0.16601793
483 56 24 24 0.15555829
678 147 28 26 0.14654376
622 169 11 11 0.14279255
669 137 26 28 0.12760422
207 124 89 88 0.124943785
575 162 3 5 0.12395201
641 164 10 9 0.114359155
232 113 24 24 0.11069197
581 216 21 20 0.10338846
98 85 39 36 0.102843665
0 113 24 33 0.100445546
1006 193 19 22 0.1000835
757 153 31 31 0.0921857
376 171 17 22 0.08937306
587 205 15 18 0.08609522
994 244 9 9 0.08157515
488 71 11 11 0.062376454
601 164 35 24 0.057314824
371 83 21 18 0.05449179
737 151 22 29 0.05258533
730 154 43 54 0.051129483
237 154 22 21 0.050938617
241 120 11 12 0.05050028
440 34 10 10 0.047595996
540 149 21 25 0.046776343
714 155 20 18 0.04566946
997 197 20 28 0.044515878
441 26 18 19 0.042055406
380 159 12 13 0.04144687
413 149 27 28 0.040938586
698 172 20 19 0.03867028
487 119 28 29 0.037157584
712 143 57 49 0.03333559
180 155 9 13 0.03332034
107 85 18 20 0.03291049
751 474 86 70 0.03156463
619 130 17 16 0.031511318
322 152 22 18 0.03125962
647 169 35 34 0.031212285
317 156 15 16 0.030497357
804 43 90 77 0.029953111
2 138 25 28 0.028451286
80 188 118 101 0.027456122
542 160 3 3 0.026433984
223 244 119 87 0.025969656
135 153 11 9 0.025803909
754 34 120 93 0.025581801
-3 101 25 27 0.024932249
995 72 13 14 0.024745489
198 131 17 14 0.024146732
243 155 39 36 0.024048308
144 168 22 18 0.023662003
982 63 15 19 0.02364078
862 113 74 84 0.022627909
251 138 30 36 0.021758106
609 106 10 9 0.021027897
538 153 8 8 0.020917248
629 97 9 9 0.020896021
