2_Demonstration_Demonstrators_2_309
24
809 290 53 51 0.766888
986 387 36 40 0.6867956
247 301 40 41 0.42123073
81 230 18 17 0.29691866
145 232 34 32 0.2514153
135 265 29 31 0.18996179
149 244 18 21 0.15162252
401 277 54 51 0.110633075
121 267 24 26 0.099839605
96 260 33 33 0.0884199
91 269 25 29 0.08832855
150 231 21 20 0.08519274
226 292 75 65 0.064159535
450 187 92 72 0.05993848
390 259 56 57 0.04783469
494 444 22 24 0.047080792
802 269 82 89 0.041501164
435 288 50 44 0.03390867
976 314 41 38 0.027634764
428 158 137 104 0.027393188
422 280 45 40 0.027068185
917 361 20 19 0.024165785
494 188 83 77 0.02356786
950 304 18 16 0.022756897
