2_Demonstration_Demonstration_Or_Protest_2_419
37
281 243 56 64 0.7373065
27 415 54 60 0.727125
458 283 63 60 0.721957
790 171 94 88 0.70844346
296 616 54 54 0.6960263
130 403 53 50 0.43792054
579 156 94 96 0.41978866
628 475 76 90 0.3987357
128 412 71 82 0.30193385
99 431 52 53 0.22470775
8 394 40 46 0.1411302
294 600 78 84 0.13864954
885 342 20 23 0.13048165
143 479 37 43 0.12512815
967 247 46 55 0.11955644
637 498 36 47 0.09954917
34 605 63 45 0.09145274
111 437 52 63 0.07196551
12 393 19 19 0.06666003
48 595 75 59 0.053375315
152 485 25 29 0.05154514
3 603 112 81 0.045868155
68 423 65 56 0.035759002
-1 404 62 64 0.03489154
426 275 86 72 0.03438013
118 385 75 77 0.031335153
280 387 70 69 0.031182863
137 442 48 58 0.030231891
27 388 106 96 0.028528895
404 16 126 100 0.02399892
255 227 94 74 0.022889702
0 417 20 21 0.022104785
630 476 47 65 0.021881007
813 373 222 197 0.021873074
177 181 73 66 0.020404937
104 399 53 60 0.020288423
961 261 33 32 0.02002276
