2_Demonstration_Demonstrators_2_414
61
595 36 28 25 0.6636742
488 32 19 18 0.5598708
192 40 31 28 0.4402737
521 2 19 16 0.4312791
761 45 27 24 0.43093827
314 44 21 18 0.4042264
693 55 23 21 0.37904894
396 32 25 20 0.3783472
248 47 25 23 0.2917651
259 52 18 18 0.23323527
821 53 16 15 0.23052192
9 44 21 21 0.21464296
146 45 20 19 0.20116909
911 48 28 23 0.17329846
675 58 28 22 0.16627099
363 40 18 16 0.15318598
533 62 22 18 0.15110528
705 50 24 20 0.15080598
831 54 22 18 0.14936352
16 42 27 29 0.14562547
106 63 22 20 0.12786873
123 48 21 17 0.11910793
100 54 25 22 0.11893509
861 26 16 15 0.11480638
229 44 36 28 0.10917931
928 50 20 18 0.08391454
609 46 3 5 0.08348234
856 65 21 18 0.078175165
383 43 13 14 0.07611393
202 45 13 15 0.069395036
841 106 19 17 0.06798952
91 66 14 12 0.0639802
341 28 34 21 0.06394655
401 71 17 15 0.06351347
476 46 15 15 0.061643902
34 43 32 24 0.06037904
176 43 20 23 0.05683963
1003 2 20 19 0.05577677
675 50 25 23 0.053334583
304 37 36 30 0.053332016
20 32 21 20 0.051682506
954 48 24 22 0.05157562
93 51 15 12 0.049157135
367 35 11 12 0.04721993
931 149 87 75 0.047215123
11 95 23 26 0.038562268
40 167 87 61 0.03257002
176 63 24 20 0.028943544
732 52 20 16 0.02834934
715 55 18 14 0.027096758
165 39 49 46 0.025776407
540 69 9 10 0.025370434
215 35 30 31 0.025173139
28 31 30 23 0.025118794
190 187 80 64 0.024648342
943 46 24 21 0.02366186
113 98 20 21 0.021899262
986 265 21 19 0.021896714
296 26 15 14 0.021801846
405 39 10 9 0.021590166
846 45 18 14 0.021293456
