2_Demonstration_Political_Rally_2_83
346
590 494 111 131 0.85327446
877 570 120 108 0.8282346
0 400 92 93 0.77943426
395 305 101 113 0.7772763
883 336 79 67 0.7623877
116 526 119 103 0.7363341
207 263 97 97 0.7165835
201 225 60 65 0.70835185
174 154 56 59 0.70671606
109 622 91 65 0.6895686
892 165 39 39 0.683538
108 85 45 41 0.68174446
933 192 57 67 0.6772485
49 187 37 41 0.6652885
164 4 34 28 0.6561133
88 292 75 73 0.65292275
554 83 41 39 0.65064794
373 155 47 44 0.62755793
277 572 127 116 0.6193043
619 382 103 102 0.6142878
73 219 58 56 0.6068021
560 295 69 72 0.6002175
473 86 37 36 0.59204614
446 122 32 31 0.5799951
562 86 26 28 0.57907915
739 155 43 41 0.5724185
811 143 29 27 0.5681085
973 455 57 89 0.55453616
212 64 44 39 0.54584
167 395 87 77 0.5451439
394 197 62 58 0.5420379
45 197 110 102 0.5419586
463 177 66 61 0.53933656
625 242 43 41 0.53686297
962 165 28 33 0.52753514
0 128 61 69 0.51839966
370 247 61 61 0.50118196
403 118 25 24 0.49513903
994 121 29 31 0.49379912
232 179 57 50 0.49249157
661 605 127 86 0.49204814
3 76 28 24 0.4823242
307 76 32 27 0.4820993
625 70 26 22 0.47082573
331 160 50 59 0.4560434
508 215 48 44 0.45154577
649 413 77 81 0.42601532
470 18 30 27 0.41111958
213 120 42 32 0.41025245
560 192 25 23 0.40921304
74 46 35 30 0.40786833
167 195 129 113 0.3944455
669 53 22 20 0.39168215
540 189 46 51 0.38323465
484 188 103 100 0.36675474
590 105 68 57 0.3587471
293 42 27 23 0.35462192
379 57 44 37 0.35023084
966 220 58 77 0.34936267
724 204 55 55 0.34261385
330 18 40 35 0.33416525
234 20 23 19 0.3306718
143 179 41 50 0.32784945
790 116 39 39 0.32645157
61 142 33 35 0.31536865
151 416 80 66 0.3121599
386 100 18 20 0.31188008
389 105 32 34 0.3098531
151 -3 55 40 0.3073729
590 128 40 44 0.30405146
729 218 33 36 0.29311663
888 79 23 26 0.2927599
259 19 32 27 0.2821924
779 44 26 24 0.28174442
432 106 64 64 0.27852175
919 432 161 123 0.27626652
873 31 17 20 0.27426767
5 161 31 39 0.27042624
219 116 61 53 0.25690594
21 134 58 45 0.25592312
616 61 27 26 0.24249348
966 73 27 29 0.24155255
149 186 27 29 0.24147278
662 110 43 41 0.24121259
115 41 30 36 0.2368544
225 111 37 42 0.23405468
990 112 25 33 0.22976309
769 47 30 29 0.22804217
810 41 28 24 0.22595309
574 320 73 69 0.22385453
79 200 48 51 0.22088686
802 131 56 50 0.2181779
229 132 45 44 0.21699308
379 265 34 43 0.21533939
301 304 42 40 0.21440339
251 193 23 23 0.20343038
458 89 49 53 0.20154573
-29 383 150 124 0.19350173
814 56 25 23 0.19094048
824 73 17 16 0.18563575
814 337 53 46 0.18222381
265 94 23 23 0.1813668
138 449 32 36 0.17418852
600 190 48 46 0.16991343
-8 344 44 68 0.16891527
456 23 24 23 0.16712968
883 97 21 21 0.16708076
547 422 52 64 0.16698432
200 114 32 32 0.16686033
406 1 26 20 0.16385566
799 127 17 20 0.16041501
113 448 34 35 0.16028558
137 328 76 66 0.15961145
33 63 30 34 0.15953699
505 0 37 27 0.15734132
16 646 70 53 0.15709649
749 25 16 18 0.15412584
150 553 80 72 0.1505308
435 37 14 15 0.14950135
299 56 33 35 0.14756092
262 73 29 31 0.14623867
521 12 25 20 0.14455149
944 152 72 55 0.14451101
229 301 39 48 0.14356409
398 6 19 16 0.14098956
596 142 17 18 0.13266444
590 21 23 19 0.13200572
28 287 50 56 0.13069645
86 68 76 65 0.1293637
538 57 28 24 0.12708876
660 119 29 29 0.1263713
90 50 35 35 0.12565221
964 97 11 15 0.12482786
375 353 112 81 0.12209832
773 103 32 29 0.12132177
436 42 14 17 0.12045105
473 201 52 47 0.11907374
122 1 23 20 0.11886508
480 93 19 17 0.11854122
19 13 32 24 0.11643512
816 188 37 41 0.11533396
299 625 55 55 0.11527067
652 132 34 37 0.11154378
362 129 88 95 0.10974807
294 33 25 24 0.10948393
3 103 36 40 0.10877339
885 567 82 82 0.10834362
21 404 59 65 0.10765868
480 48 25 24 0.10638163
114 80 28 30 0.10554388
241 295 41 52 0.10497635
603 60 15 14 0.10242571
122 305 75 56 0.10231522
123 456 25 24 0.09880724
589 185 38 38 0.09346691
627 401 56 66 0.09266136
96 637 57 60 0.092448615
-9 245 38 45 0.09222356
105 531 72 77 0.09127627
478 24 13 16 0.090999
955 22 16 17 0.0904864
457 317 87 83 0.08998898
925 192 145 116 0.08902974
739 235 52 49 0.08893323
251 15 24 21 0.08725937
278 599 58 60 0.08518997
135 429 54 53 0.083566785
193 62 27 34 0.08252132
105 231 31 32 0.08211406
753 17 23 19 0.08193525
322 103 29 31 0.08129606
534 399 62 61 0.08040613
983 495 48 52 0.080221765
287 116 172 148 0.07734938
112 24 14 16 0.07640092
374 276 47 52 0.07505969
385 6 16 12 0.07481632
692 444 52 49 0.07477292
888 157 56 59 0.07451538
113 113 37 33 0.074299015
201 37 80 89 0.07276199
552 80 22 23 0.07262765
325 17 26 24 0.071865626
622 36 17 14 0.071769424
364 182 44 46 0.07156189
681 13 20 15 0.07046999
580 434 28 29 0.07030289
431 459 90 90 0.07008171
793 186 30 30 0.06935353
604 21 18 15 0.069325
555 434 33 33 0.06821761
584 428 37 43 0.06752966
854 194 35 34 0.067302786
403 336 62 69 0.06694479
251 123 29 34 0.065701135
694 2 18 17 0.062103566
398 244 20 21 0.061989415
424 296 114 128 0.06161295
121 334 250 200 0.060828753
-4 491 30 38 0.059861723
455 48 26 26 0.05981605
115 190 44 36 0.059048116
748 157 22 22 0.058278415
202 249 50 48 0.057960223
958 119 10 13 0.057000194
808 28 23 18 0.056514256
963 202 71 65 0.056030635
119 221 29 23 0.054170378
789 125 18 17 0.054018144
241 9 11 11 0.05275142
265 48 27 23 0.052543703
52 280 103 90 0.052524578
175 10 12 15 0.05152816
611 504 50 61 0.051491797
141 357 52 40 0.05081722
84 584 138 142 0.05074672
920 584 65 69 0.050019745
376 320 79 82 0.049839094
990 8 11 9 0.049730424
6 115 38 45 0.04890265
218 102 21 19 0.04829372
454 139 34 41 0.047667854
77 313 80 65 0.047419414
-2 46 13 17 0.046887822
963 14 23 20 0.045171343
886 347 51 50 0.045052025
10 127 43 50 0.044402115
0 85 41 39 0.04437952
451 98 26 28 0.04396649
819 21 22 18 0.043900006
302 47 10 11 0.042477325
410 189 63 74 0.042241503
301 313 20 22 0.042095978
314 164 83 69 0.041404694
594 514 49 60 0.04110945
890 587 43 58 0.040564876
63 303 44 46 0.04009145
247 590 118 126 0.04002522
749 160 46 40 0.039910145
436 65 39 39 0.039816655
299 249 36 36 0.039366983
890 22 18 17 0.03931247
338 136 34 33 0.038847096
810 4 29 20 0.038534187
-33 67 158 125 0.03844827
338 7 18 18 0.038411427
963 150 22 22 0.03687661
399 71 14 16 0.03639963
532 307 92 91 0.03628246
231 275 42 50 0.036160927
628 48 7 9 0.0360743
688 647 74 60 0.035882562
74 9 15 12 0.035654023
412 322 46 58 0.03551986
426 208 31 34 0.03521778
798 322 74 68 0.034995504
95 11 21 19 0.03464841
606 73 19 20 0.034611437
-21 144 92 69 0.03439809
644 246 40 42 0.033974305
107 304 52 42 0.03351486
569 452 160 140 0.033301495
727 444 36 41 0.033157177
521 156 48 53 0.033002168
96 601 91 109 0.032776896
22 250 158 126 0.03270409
899 198 30 39 0.032191515
13 434 40 42 0.031973947
599 393 71 77 0.031752553
413 106 103 86 0.031747665
271 2 12 11 0.03171391
633 572 211 162 0.031547558
639 252 24 25 0.031015648
527 262 104 102 0.030961264
475 176 87 75 0.030813579
347 33 17 18 0.030706536
105 442 31 26 0.030437538
669 101 26 24 0.030220669
342 213 245 198 0.030151224
285 580 76 92 0.030146547
144 360 101 100 0.030127445
79 536 76 66 0.030111559
602 4 13 10 0.030094871
254 519 276 244 0.029862314
103 491 173 131 0.029655775
47 168 29 34 0.02964454
580 514 76 82 0.029437898
744 0 16 16 0.029140685
932 207 31 37 0.029044019
876 115 30 29 0.02885541
36 11 14 11 0.028796172
975 74 31 33 0.028516797
466 224 59 67 0.028267728
309 67 47 49 0.02801479
479 188 21 31 0.027748384
307 3 11 10 0.02746287
190 74 22 20 0.02714396
303 64 43 35 0.026834285
401 52 21 19 0.026557267
563 171 63 61 0.026456492
5 27 27 24 0.026441954
620 129 37 40 0.025913833
33 135 67 57 0.02552878
740 189 39 34 0.025506463
520 24 22 19 0.025321484
153 179 20 26 0.025112309
189 408 86 78 0.025090044
391 279 48 41 0.024729285
255 536 196 164 0.024170076
394 147 26 26 0.02406991
346 40 21 23 0.024008052
227 581 116 94 0.024005892
53 460 172 144 0.023987694
690 643 38 47 0.023918586
71 64 24 27 0.023872204
916 91 34 28 0.023515591
632 421 36 51 0.023386115
10 84 10 11 0.023057926
303 89 32 30 0.02305292
367 131 55 46 0.023017675
487 5 17 16 0.022950917
786 48 12 14 0.022905815
451 137 23 24 0.022894923
480 87 17 16 0.022815572
206 49 45 41 0.022740232
414 32 14 10 0.022412641
125 547 67 62 0.022335947
616 361 74 71 0.022208732
878 150 132 103 0.021998769
390 147 107 111 0.021958195
183 219 63 62 0.021926744
967 286 36 60 0.021879712
324 569 170 170 0.021804895
723 394 55 59 0.02179322
787 24 13 15 0.021759372
219 56 25 23 0.021590201
257 67 26 26 0.021438848
183 171 30 27 0.021420153
953 69 48 45 0.021380818
622 124 31 26 0.020943817
22 53 51 52 0.020893134
797 179 30 24 0.02084524
294 136 95 85 0.020839766
94 378 56 55 0.020760532
403 106 18 18 0.020432185
954 445 47 59 0.020069538
