2_Demonstration_Protesters_2_542
22
9 98 69 83 0.7776213
593 170 83 88 0.7390565
850 85 25 28 0.5717989
914 90 28 32 0.42343286
921 99 15 17 0.3520042
584 142 103 147 0.34939358
911 101 19 21 0.30962858
621 183 40 64 0.117710136
24 104 42 63 0.096567236
570 402 125 117 0.05390133
302 170 36 44 0.048398215
178 318 30 28 0.042027876
761 88 14 14 0.041912924
586 123 26 32 0.041164737
43 127 26 32 0.03956702
892 105 23 26 0.03762559
600 187 38 56 0.035768334
258 273 29 35 0.032204583
402 218 260 305 0.030058594
509 127 15 13 0.029421777
453 125 21 24 0.027628548
434 219 100 98 0.020582946
