2_Demonstration_Protesters_2_370
44
45 266 41 55 0.79579324
583 237 57 65 0.67101246
120 239 44 61 0.6528509
708 183 56 67 0.6450655
507 218 54 72 0.6121303
249 231 71 71 0.5430606
447 221 28 38 0.5382657
209 232 33 45 0.43761173
232 214 107 109 0.33266753
315 227 48 58 0.31724513
332 222 44 63 0.28496578
276 236 47 55 0.25243768
558 216 105 113 0.23754384
130 252 28 37 0.19172637
229 235 44 53 0.16958173
711 201 33 40 0.11471416
682 213 29 34 0.11071067
673 224 16 20 0.084600836
622 214 34 44 0.083973065
915 418 35 44 0.083779484
491 200 97 106 0.08155113
372 235 42 51 0.061326962
582 211 32 36 0.06059225
38 382 31 43 0.055868797
829 297 34 48 0.046933204
647 237 15 14 0.046872675
-20 666 172 180 0.042798612
590 259 35 45 0.036884945
502 245 41 50 0.034774546
486 160 132 166 0.03384412
452 230 38 50 0.03234792
491 458 128 128 0.03191312
581 200 30 28 0.030905196
371 213 32 50 0.030542
342 228 63 66 0.027814655
550 811 56 67 0.027550813
248 401 105 117 0.026860613
353 388 118 109 0.026622538
666 244 30 36 0.025556192
6 693 51 64 0.023130177
30 238 73 78 0.021535853
396 487 249 256 0.021496853
461 657 121 135 0.020087764
529 161 162 163 0.020075606
