2_Demonstration_Political_Rally_2_577
24
554 1136 29 63 0.59719914
178 1086 25 51 0.5591349
475 1127 28 62 0.5583113
83 1067 27 61 0.4319238
641 1175 23 55 0.42831445
870 1222 30 60 0.31588963
373 1114 24 52 0.27120924
943 1249 21 48 0.22047777
645 1190 13 29 0.21105528
383 1129 26 49 0.17965166
745 1197 20 37 0.16907352
485 1141 13 28 0.15614901
937 1254 19 37 0.15602164
420 1162 17 35 0.12959667
632 1189 34 55 0.09506764
317 1053 15 30 0.06578661
846 1228 18 34 0.06463566
692 1195 30 43 0.062086638
324 1117 20 39 0.042301208
852 1240 18 33 0.036816064
906 1245 15 33 0.03289699
556 1127 18 53 0.022939112
6 1046 20 38 0.022624645
673 1182 21 44 0.02208818
