2_Demonstration_Demonstration_Or_Protest_2_114
35
353 128 91 133 0.82743526
114 302 97 117 0.78893423
496 324 43 56 0.68657255
764 377 45 54 0.6681522
580 275 84 100 0.5871585
753 367 70 71 0.5741638
734 287 22 26 0.51188284
755 344 35 39 0.39916882
741 290 16 19 0.25790215
834 251 170 435 0.08627862
374 149 59 76 0.08621898
483 642 13 15 0.057821225
596 299 56 66 0.055891264
855 184 116 239 0.05205521
716 343 157 142 0.051426105
801 327 26 37 0.04329383
981 72 43 44 0.04187997
743 327 24 30 0.03960307
552 289 127 115 0.03405684
719 431 73 84 0.029000236
926 128 32 38 0.028496262
563 297 73 73 0.028348152
73 316 82 95 0.028345512
284 105 149 160 0.027709942
331 150 94 94 0.026116794
840 385 202 202 0.024991767
931 141 16 16 0.024983246
613 284 57 78 0.02474214
407 169 30 37 0.02424223
52 240 207 194 0.02387689
781 479 285 290 0.023396868
820 124 31 28 0.022643568
752 361 17 18 0.022497533
738 320 260 278 0.02172556
943 135 23 30 0.021329738
