2_Demonstration_Political_Rally_2_339
48
779 498 73 90 0.56696504
879 452 41 41 0.54492223
964 427 40 48 0.29408476
978 423 39 50 0.15499309
445 364 29 26 0.12973754
604 414 29 26 0.11950325
705 422 23 19 0.104721114
625 299 21 22 0.10097368
618 305 22 20 0.09304453
312 435 19 21 0.09161186
34 226 15 15 0.07917962
716 427 11 12 0.0775134
326 436 22 20 0.06525721
728 465 169 130 0.06255812
519 244 13 10 0.05662397
606 420 20 17 0.05091239
602 429 36 37 0.044107214
305 421 20 18 0.040885627
852 408 28 28 0.04044143
267 446 17 18 0.03944881
89 414 16 15 0.0388484
159 427 14 10 0.037122183
832 438 31 30 0.036891706
969 408 39 48 0.035472576
446 429 48 45 0.035407286
881 411 23 26 0.035295207
394 403 38 38 0.03375582
104 418 16 14 0.031880762
196 426 11 8 0.031768244
106 436 15 15 0.030991064
690 435 20 20 0.030712008
913 494 29 35 0.03012109
11 226 16 13 0.030056357
25 229 12 12 0.028816162
780 392 15 15 0.02880371
615 417 22 24 0.027494473
299 439 20 17 0.027475942
247 419 13 12 0.025837176
180 424 11 11 0.025329828
762 400 18 21 0.025318429
278 447 13 12 0.02462244
268 456 29 28 0.024468845
113 438 14 12 0.023765504
729 505 98 95 0.022158492
956 442 42 48 0.021578917
165 438 16 16 0.02142667
744 433 33 27 0.020622194
299 301 11 8 0.020121561
