2_Demonstration_Protesters_2_352
55
585 193 49 48 0.7012272
129 469 42 46 0.6610024
661 521 68 65 0.6057342
587 631 92 55 0.5587364
132 416 43 39 0.4571281
669 232 19 18 0.39074713
69 226 13 15 0.2588179
954 502 40 45 0.24695282
-3 523 36 47 0.2401447
928 207 12 12 0.23795666
56 222 27 23 0.21558511
673 235 11 12 0.20632342
425 466 46 69 0.18097876
813 490 49 52 0.17375064
620 649 32 29 0.16657077
455 622 56 51 0.15742004
142 426 42 39 0.14801814
814 473 40 54 0.13748275
914 506 52 45 0.11911239
566 184 87 75 0.11548017
466 627 31 41 0.09972617
58 226 15 15 0.082035236
216 373 16 14 0.079532675
149 222 12 13 0.07622591
968 504 46 45 0.07323419
363 619 65 44 0.073205344
612 241 30 24 0.054390587
360 606 54 46 0.05375072
784 366 12 11 0.05243872
655 501 53 64 0.05182222
662 514 39 39 0.04976082
759 125 16 12 0.040839795
360 450 26 27 0.040789027
770 122 15 13 0.039427936
960 511 58 62 0.03808021
151 226 5 5 0.036140226
539 175 145 121 0.035592828
391 223 17 14 0.030154571
669 240 16 16 0.028851353
108 428 55 39 0.028445361
661 506 121 124 0.027669314
95 447 16 20 0.027065298
103 73 70 60 0.025423804
452 602 58 54 0.024729876
175 430 33 30 0.024185982
608 66 76 73 0.023565834
-10 512 69 62 0.022736428
203 537 51 47 0.022553049
531 633 77 48 0.02193582
888 69 108 95 0.021692198
288 -28 105 95 0.021394894
368 597 83 62 0.02127304
870 80 147 121 0.021060359
726 143 18 17 0.021056468
145 417 60 55 0.020802204
