2_Demonstration_Protesters_2_563
15
668 172 31 31 0.9886268973350525
397 194 67 83 0.9851831793785095
733 248 56 67 0.9811595678329468
235 210 31 36 0.9759302139282227
229 254 42 56 0.9736708998680115
562 216 31 42 0.9651442170143127
813 187 26 28 0.9647068977355957
817 306 108 127 0.9544957876205444
621 193 29 37 0.9282492399215698
988 193 41 56 0.9073091149330139
300 232 32 32 0.8175395131111145
886 210 48 56 0.7826753258705139
88 248 99 99 0.6771942377090454
879 220 56 54 0.6229566931724548
662 243 69 80 0.5353904366493225
