2_Demonstration_Demonstration_Or_Protest_2_915
26
195 273 23 24 0.5933181
416 337 246 273 0.5414739
296 285 23 24 0.5250988
260 267 19 18 0.43995702
256 264 30 26 0.34808952
324 265 19 16 0.16491842
843 220 13 12 0.15102975
908 206 17 16 0.15098779
914 199 21 24 0.13199598
758 218 17 14 0.12660474
51 280 20 17 0.114178695
832 221 16 13 0.11221298
770 222 15 13 0.0995361
108 280 19 16 0.06746101
333 268 8 9 0.063978925
122 284 11 11 0.048451386
806 241 11 12 0.038358964
729 240 11 14 0.034427118
223 124 160 130 0.0332725
958 211 21 22 0.033213485
369 258 13 12 0.029287094
683 219 17 15 0.027415864
772 409 157 144 0.025719566
738 242 13 13 0.025699042
806 242 5 6 0.024968535
307 276 11 12 0.02353197
