2_Demonstration_Demonstration_Or_Protest_2_487
38
189 96 322 442 0.81201375
462 1070 119 184 0.54606897
617 1268 123 142 0.4561174
42 393 78 166 0.31833878
143 485 38 62 0.17435884
708 1256 100 125 0.16919295
1 407 68 208 0.14317314
15 386 70 183 0.10316853
32 432 66 116 0.10249001
791 494 137 254 0.1021219
-14 409 57 213 0.09468827
52 449 56 110 0.07886443
634 1019 64 106 0.07733873
735 1270 46 75 0.075302
763 50 39 75 0.062193666
17 373 124 223 0.059098605
600 938 134 244 0.056571826
695 1193 127 225 0.041637942
907 1029 143 251 0.040325504
-6 419 37 116 0.035466548
335 120 222 376 0.0339962
377 834 182 296 0.03282082
451 993 176 279 0.027118271
508 1082 90 147 0.026268676
-49 342 153 287 0.025892332
43 251 152 319 0.025650548
522 738 178 292 0.025567548
443 814 120 185 0.024794292
419 850 127 210 0.024759721
882 1157 189 294 0.024396366
633 1295 72 114 0.024357455
415 761 248 441 0.024096996
846 964 227 432 0.023644848
931 1043 95 180 0.023037514
387 827 124 216 0.022400644
481 814 187 282 0.02210345
718 705 113 213 0.021392578
510 998 127 209 0.02000789
