2_Demonstration_Political_Rally_2_341
31
564 332 24 24 0.5472108
55 364 19 21 0.5322671
402 358 18 18 0.40632257
202 357 15 19 0.34151536
118 347 16 19 0.31305167
128 345 14 18 0.3014157
121 391 32 30 0.2872442
506 348 16 22 0.22811146
477 354 15 15 0.2107421
918 412 19 17 0.20718195
546 331 30 33 0.16095833
844 350 16 16 0.10098589
227 364 13 15 0.088513315
483 357 8 9 0.084889926
851 360 17 21 0.08408653
601 419 22 22 0.07791718
202 363 11 12 0.07686075
509 345 15 19 0.06584098
223 357 28 30 0.059649788
868 489 216 218 0.0534681
463 360 12 10 0.052036036
571 335 14 19 0.051605523
128 397 28 32 0.04590971
498 347 13 13 0.044308428
93 358 15 16 0.041425902
881 527 162 141 0.033365417
604 423 14 14 0.032952044
170 396 18 22 0.026925877
760 416 17 17 0.02615369
1000 383 12 12 0.023325646
982 391 15 17 0.02027791
