2_Demonstration_Demonstration_Or_Protest_2_120
124
5 489 74 77 0.77937615
961 573 57 65 0.73095167
900 507 41 43 0.6746855
815 512 37 34 0.6422972
994 481 28 30 0.63425356
716 429 24 27 0.60113156
478 291 30 32 0.55166775
663 444 26 32 0.528892
586 356 19 22 0.48801836
713 558 48 47 0.4087832
827 457 45 41 0.39667657
241 403 39 36 0.3677262
559 324 19 20 0.29278144
957 397 18 18 0.2925873
243 349 19 19 0.26714703
983 419 25 26 0.24395962
10 507 50 48 0.22736281
246 346 28 30 0.21181189
478 284 21 24 0.20997962
192 417 39 37 0.20969436
512 269 16 18 0.20657302
971 424 27 32 0.2044674
197 422 27 26 0.1997141
941 434 12 12 0.17987542
897 399 9 12 0.16247295
924 430 33 35 0.15607381
474 262 8 10 0.15507604
469 255 18 15 0.15453954
863 425 13 14 0.15006514
843 441 26 29 0.14843872
366 287 8 7 0.14592886
693 545 53 50 0.14223763
214 415 40 39 0.130451
323 370 18 24 0.12875709
935 479 20 20 0.12594885
621 539 20 20 0.12424769
821 399 10 12 0.11698704
666 445 17 20 0.11576894
752 382 9 9 0.11264599
903 389 15 15 0.112049475
322 358 17 15 0.10937974
916 376 13 16 0.10809081
962 350 13 12 0.10114629
113 328 17 19 0.097991325
990 375 8 9 0.09291013
697 438 22 24 0.08875231
970 381 13 11 0.08396987
784 377 16 18 0.083783865
217 396 60 53 0.08318239
731 402 9 12 0.08310503
407 268 7 8 0.0813952
992 342 9 9 0.080302864
852 392 12 11 0.07694693
921 336 14 12 0.07570921
883 356 17 14 0.0714857
480 267 8 9 0.06746002
118 326 14 12 0.05960811
974 391 17 18 0.058388345
20 291 11 13 0.05746579
713 390 14 16 0.05701151
297 302 10 9 0.055538006
335 363 17 17 0.055085275
302 276 9 8 0.05479131
951 483 6 8 0.05297192
755 333 14 13 0.05275472
272 524 165 178 0.05264023
610 387 21 21 0.051697373
334 301 14 12 0.050704747
951 435 14 16 0.05069904
164 303 11 9 0.049215257
329 371 21 20 0.048046224
861 419 13 12 0.04721318
754 384 15 16 0.04681536
639 566 121 123 0.04375955
121 299 10 9 0.043730695
858 352 9 8 0.043580707
365 289 13 18 0.043265764
585 300 22 21 0.041306246
778 304 20 16 0.040779475
198 353 9 9 0.04048442
924 467 24 22 0.040254023
628 401 15 17 0.0398947
176 287 14 15 0.03796574
892 470 22 20 0.037692696
648 594 78 71 0.037218023
282 300 4 4 0.036425564
1006 493 5 7 0.036043655
531 277 15 16 0.035175644
800 589 30 32 0.034729708
813 394 8 7 0.033511937
918 402 11 10 0.033449747
427 438 153 132 0.03331039
725 438 7 8 0.03319169
1008 250 18 22 0.032192547
244 355 9 9 0.0319342
718 402 7 10 0.031463012
828 393 15 16 0.031421393
108 288 13 14 0.03134523
11 108 58 67 0.031017717
977 343 15 16 0.029917754
754 329 7 5 0.02978437
256 418 26 28 0.029466914
770 410 11 11 0.029118592
5 303 9 9 0.029071867
801 494 66 57 0.02788082
342 283 7 5 0.027385637
174 343 15 15 0.027355865
768 304 14 14 0.026767876
405 263 5 5 0.026502054
971 462 9 11 0.02601877
594 301 15 13 0.025606833
408 259 13 13 0.024853218
458 273 7 9 0.024737278
703 300 14 14 0.024581442
253 283 11 12 0.02388679
473 465 88 80 0.023553569
994 427 3 5 0.023328977
893 397 7 6 0.022844037
181 396 44 48 0.022802822
39 293 14 14 0.021885479
902 343 15 15 0.021289764
964 341 9 9 0.020863414
658 507 40 39 0.020806802
231 278 6 6 0.020171305
