2_Demonstration_Political_Rally_2_64
39
851 378 38 38 0.6414836
632 459 27 31 0.57338464
540 456 31 30 0.5261278
857 385 25 25 0.42564273
795 264 24 28 0.4130253
547 461 18 22 0.38472068
706 336 23 25 0.30646256
627 290 18 20 0.18339601
526 360 15 17 0.1696617
623 396 20 23 0.14029646
313 397 30 31 0.120444655
904 250 19 19 0.11663262
633 391 24 29 0.11572267
639 402 23 23 0.09850793
869 380 27 28 0.09660693
521 362 15 15 0.09288813
477 444 20 24 0.081325695
517 277 22 22 0.07944237
825 349 23 25 0.061444238
497 444 16 17 0.06052565
593 401 22 24 0.058880754
596 401 12 14 0.057446763
378 454 26 25 0.04862507
304 139 13 14 0.04554674
637 294 8 11 0.043537762
533 285 16 16 0.042507935
698 385 23 26 0.041229736
296 353 16 19 0.037107162
914 182 25 26 0.033032194
364 469 20 19 0.03203395
74 224 13 12 0.031008024
72 228 10 10 0.025429832
549 366 19 16 0.023676835
549 458 10 14 0.023478763
157 233 7 6 0.021782234
739 392 19 21 0.021400096
409 448 20 19 0.021387821
673 340 17 18 0.020580499
443 449 18 20 0.020200206
