2_Demonstration_Demonstrators_2_329
60
247 96 71 74 0.7862968
196 45 62 64 0.70408064
368 96 33 35 0.68001944
111 33 44 45 0.6506878
28 0 45 46 0.6440772
130 92 51 51 0.58407134
376 102 23 23 0.5770554
941 185 51 41 0.4991286
860 167 43 37 0.43715668
711 160 53 44 0.43071717
724 168 30 30 0.3752919
16 -8 78 69 0.3392739
674 226 49 45 0.3344384
656 151 37 39 0.30343392
914 180 38 35 0.2896791
869 175 21 25 0.2793285
881 168 30 30 0.27100715
985 219 27 27 0.27061158
961 198 31 33 0.2492891
934 186 25 28 0.20709155
107 73 97 81 0.19339934
802 196 20 20 0.19189243
680 160 29 26 0.17574292
912 167 15 15 0.17286608
596 169 21 23 0.16265145
775 195 27 27 0.15457693
555 149 30 32 0.13259569
690 238 23 23 0.12547703
920 177 55 45 0.114914104
792 197 16 15 0.11215321
852 172 31 30 0.1108107
632 231 40 46 0.09625526
691 152 70 61 0.09566262
639 164 20 18 0.092223056
856 176 23 18 0.091191806
730 175 14 16 0.08513883
850 183 25 23 0.08382569
611 161 24 24 0.06948236
981 226 25 31 0.067651495
39 8 25 25 0.06117239
78 55 24 25 0.055026237
383 128 51 52 0.049217787
625 159 11 9 0.04825774
522 143 32 28 0.046405815
795 191 30 33 0.043229006
111 99 60 57 0.041570295
781 187 39 39 0.037220567
778 214 20 18 0.036685064
430 126 49 49 0.03451228
1003 293 18 20 0.029959084
564 150 16 17 0.028974606
639 133 90 74 0.026003929
235 121 93 70 0.02483713
786 200 52 40 0.024797665
118 29 32 33 0.024492024
661 233 45 36 0.024045562
562 160 21 22 0.023847373
735 485 81 67 0.023394095
311 102 42 42 0.023196217
182 53 41 47 0.020836892
