2_Demonstration_Political_Rally_2_335
416
781 570 78 81 0.7890927
371 336 61 56 0.7633309
819 479 77 79 0.75764215
-3 329 61 61 0.74661547
663 419 66 62 0.73646855
437 373 64 59 0.72621596
233 553 100 86 0.70993054
568 329 53 54 0.6908175
471 444 54 58 0.6894995
339 501 78 84 0.68677354
695 321 62 54 0.68455154
873 154 34 35 0.6807546
468 300 54 56 0.67378104
290 326 71 64 0.6691647
893 343 54 58 0.6627017
245 96 26 27 0.65712273
64 398 68 59 0.65174526
815 423 65 60 0.6388644
918 197 36 34 0.636892
543 564 103 91 0.63600534
211 284 55 56 0.63520306
266 424 73 69 0.63440114
946 118 26 30 0.6307011
410 266 43 43 0.6246937
-3 239 28 31 0.61687815
129 478 74 79 0.6032202
722 448 71 69 0.59265983
562 112 28 30 0.5898622
167 187 52 44 0.5794916
0 400 52 67 0.57935387
-3 494 49 57 0.57822734
476 309 37 37 0.5719292
844 220 45 41 0.5594627
883 329 75 87 0.5551562
138 98 33 30 0.5454662
357 204 47 51 0.54119945
286 332 53 44 0.54115176
613 167 24 26 0.5382344
563 480 61 57 0.5376526
878 310 38 41 0.5338351
653 231 45 41 0.5329273
772 196 40 42 0.5313301
699 220 36 31 0.530513
69 211 25 26 0.52875584
578 193 27 31 0.5201364
151 151 29 27 0.5192935
235 237 31 29 0.51730466
320 105 39 37 0.51616645
860 119 22 23 0.5127897
928 203 17 20 0.51007426
437 635 80 57 0.5022164
338 56 25 27 0.4906095
362 159 37 35 0.47682166
157 263 35 35 0.47668222
760 255 45 41 0.47454572
454 254 57 51 0.47075677
783 210 28 26 0.46787316
390 241 83 96 0.46116892
731 457 47 51 0.45484668
829 431 39 42 0.45083967
567 115 18 21 0.44659746
29 214 45 44 0.44526848
445 158 31 31 0.44448805
579 61 28 32 0.44375482
545 309 98 84 0.43906307
359 231 31 35 0.43559182
661 499 68 67 0.43247542
477 123 37 34 0.43028873
744 147 28 26 0.4275061
330 276 62 57 0.42419437
980 4 21 20 0.42378795
425 352 84 96 0.4135613
80 240 49 40 0.40560526
287 428 77 66 0.40366894
731 79 29 28 0.40212607
311 103 34 31 0.3975093
264 196 39 30 0.39656058
864 69 16 16 0.39540988
107 269 53 52 0.39342612
68 92 31 25 0.3890944
546 222 45 36 0.38886663
318 431 78 56 0.38639885
682 203 55 50 0.38256824
816 77 27 26 0.38218933
154 158 17 16 0.37654483
36 81 22 18 0.37438914
180 264 103 97 0.37393147
449 153 40 41 0.37334344
254 304 97 92 0.37147176
667 176 35 32 0.36449373
186 265 47 41 0.3598439
794 589 51 53 0.35741675
611 406 59 57 0.3544387
117 279 33 32 0.35026073
-20 224 61 60 0.34220093
536 263 36 33 0.34186035
807 131 18 19 0.340433
883 319 27 26 0.33960193
99 537 35 38 0.33779666
987 9 14 11 0.33720472
280 279 32 33 0.3369301
471 258 47 39 0.33574757
648 218 66 67 0.33540973
665 71 27 23 0.3329303
472 176 35 32 0.32946303
36 224 35 27 0.3281236
304 270 64 60 0.3276815
248 174 29 26 0.3268699
412 93 28 27 0.32599697
500 251 54 44 0.32395756
113 159 13 10 0.32047072
1000 298 31 50 0.31682175
659 138 28 25 0.30787948
936 410 42 46 0.2976097
467 26 27 32 0.2949904
910 6 20 18 0.29364622
144 252 59 53 0.29307196
582 145 29 25 0.2925325
69 149 23 21 0.28924203
301 165 31 32 0.28646934
546 383 50 45 0.28356877
513 204 47 42 0.28255874
328 660 42 36 0.28138676
281 398 150 122 0.2800184
295 258 50 51 0.27366674
32 151 24 22 0.2722788
149 102 28 27 0.26903966
833 205 37 36 0.26406035
499 248 40 31 0.26126343
596 154 37 34 0.2594631
261 262 72 52 0.25929335
906 95 24 22 0.2568769
148 107 11 15 0.25521556
148 224 37 35 0.25429422
-3 563 54 96 0.253208
181 74 25 21 0.25081685
87 261 91 70 0.25070447
252 183 17 15 0.24979225
354 276 47 47 0.2495274
745 264 33 30 0.24814238
72 59 20 18 0.24276723
667 262 36 32 0.24019556
733 88 34 30 0.23640814
388 248 48 50 0.23207831
330 445 54 48 0.23133518
460 169 60 47 0.228397
282 171 35 27 0.22226867
779 156 20 19 0.22138578
246 234 50 43 0.22017547
606 158 38 43 0.2199386
779 249 34 34 0.21819067
694 306 49 56 0.2159762
71 52 20 17 0.21543172
20 55 13 13 0.21375316
623 87 16 15 0.21335447
449 156 23 20 0.21142948
704 73 25 22 0.21089134
666 302 45 40 0.21079886
82 180 22 20 0.2097827
455 128 20 19 0.2090866
661 153 34 35 0.20832148
98 241 30 31 0.20640549
108 544 18 20 0.20488255
914 13 17 15 0.20100875
762 182 20 23 0.19516014
837 171 35 29 0.19169864
353 508 44 55 0.19130242
716 73 57 44 0.18906407
460 234 91 77 0.18859085
56 142 47 40 0.18823971
642 401 42 44 0.18639103
659 119 31 28 0.18186934
217 303 29 33 0.17859375
333 199 30 34 0.17838423
514 199 33 35 0.17785394
329 268 23 19 0.1716236
764 173 33 23 0.16873679
865 126 9 10 0.16381253
174 191 36 31 0.16307181
530 293 39 38 0.16292769
87 650 51 38 0.16134338
832 189 35 28 0.1578006
465 655 38 31 0.1567439
302 86 13 12 0.15292335
852 232 30 26 0.1522805
279 207 13 14 0.15135771
444 269 47 33 0.15064497
409 63 21 22 0.14933625
469 124 25 24 0.1471489
835 498 43 42 0.14064646
874 328 43 37 0.14063181
38 86 11 13 0.13943073
459 191 34 30 0.13794798
219 596 121 91 0.13495159
21 153 18 20 0.13147105
753 154 32 30 0.13095771
678 68 27 25 0.1261908
387 436 49 48 0.1261903
558 579 48 56 0.12616055
620 430 26 27 0.12383941
212 628 58 45 0.121838786
2 82 8 7 0.12144045
410 70 13 14 0.120219074
130 247 87 72 0.118862234
219 216 83 68 0.11869024
297 93 24 21 0.117857665
745 68 24 24 0.117334634
334 158 41 34 0.11723478
464 53 25 24 0.11540479
262 144 30 30 0.1148104
329 130 96 94 0.11451654
692 294 32 27 0.11382144
70 81 19 18 0.11355346
119 345 67 66 0.11269073
418 99 10 12 0.11240412
634 137 30 27 0.11221327
6 28 22 24 0.10760225
626 297 41 39 0.107021205
747 53 23 19 0.105240546
617 102 24 22 0.10486858
827 107 13 12 0.103606805
248 186 12 12 0.10228667
867 73 11 10 0.101571344
843 57 16 14 0.100872345
765 238 61 55 0.100618735
0 217 29 33 0.10059428
199 276 20 23 0.09529855
166 629 88 62 0.09518386
673 186 17 23 0.09509695
559 390 26 31 0.09272931
601 170 30 25 0.09019479
929 31 18 16 0.087786034
653 130 33 25 0.08634943
409 144 28 26 0.08541384
343 211 33 30 0.08469189
176 262 68 72 0.08454347
35 1 15 14 0.0827845
3 117 19 22 0.08218862
189 79 17 17 0.08161955
172 83 13 13 0.081600696
827 197 16 15 0.08135431
436 273 103 81 0.080624804
782 52 11 12 0.080557905
82 197 13 13 0.07987977
334 65 20 22 0.0790036
342 326 107 86 0.07856514
511 628 73 54 0.07412916
627 92 19 16 0.07326114
338 201 20 19 0.07311221
37 236 30 30 0.073075816
353 441 38 32 0.072778374
482 245 48 39 0.072137624
815 0 27 24 0.072002225
9 503 33 39 0.071725555
631 404 138 100 0.07120628
905 67 17 17 0.06734613
373 206 23 21 0.06690624
323 65 21 22 0.06597275
672 223 21 25 0.065344505
5 151 18 15 0.06444661
656 98 10 10 0.06351943
462 431 78 82 0.06259018
836 117 26 26 0.062525764
419 446 20 20 0.06218337
242 553 57 64 0.061853915
305 53 25 24 0.0602329
653 302 29 23 0.059029076
426 189 48 43 0.058682606
934 113 44 46 0.058319036
166 526 47 47 0.057060093
50 367 130 112 0.0570529
24 422 52 46 0.05672209
167 406 52 47 0.0544746
839 67 21 20 0.054438677
614 84 32 31 0.053613342
604 69 22 22 0.05334341
735 172 56 53 0.052858837
875 217 49 41 0.052137922
696 132 11 11 0.052045718
152 145 40 43 0.051652566
292 531 89 88 0.050809383
646 305 33 33 0.049833473
840 153 22 24 0.049803894
1 518 53 82 0.049399257
277 286 25 23 0.049352597
737 179 11 10 0.049114406
94 155 23 22 0.048858386
258 410 116 100 0.048451334
208 260 48 46 0.0479427
874 401 98 106 0.047715075
0 125 19 18 0.047671426
325 243 40 39 0.04763063
828 14 23 16 0.04676902
1001 296 24 34 0.046724025
445 19 47 41 0.046194844
995 53 20 24 0.04496107
627 92 5 5 0.04460102
330 173 92 84 0.04443786
58 218 42 34 0.04379413
827 218 75 56 0.042856827
231 232 107 87 0.04259944
241 188 22 22 0.04250069
476 446 30 31 0.04218135
476 142 30 26 0.041774366
338 505 43 58 0.04175995
43 194 28 27 0.041496456
192 128 9 10 0.04076685
817 441 75 61 0.04054298
913 394 57 69 0.039914012
381 353 31 33 0.039261334
20 68 16 19 0.039248418
63 80 33 29 0.038740315
663 47 9 11 0.038673427
541 454 109 106 0.038466077
754 181 35 33 0.03826131
318 325 66 68 0.038247112
560 193 39 32 0.038150057
87 404 55 44 0.038070112
151 133 49 42 0.037986793
337 153 31 29 0.03797533
340 665 24 22 0.037136298
298 559 46 49 0.03685644
560 147 29 27 0.036604304
367 240 12 15 0.036471847
102 488 70 60 0.03615416
816 55 7 9 0.03606463
897 232 33 37 0.035911985
629 497 120 92 0.035905764
273 549 76 72 0.035572764
905 8 11 11 0.035269927
124 150 68 50 0.03455442
518 201 82 56 0.034488894
381 625 79 70 0.03445404
882 157 21 24 0.034307808
750 455 67 77 0.034040798
857 177 24 21 0.033913884
356 400 112 95 0.033871543
182 532 33 35 0.03385748
-1 176 10 13 0.033718754
323 36 18 15 0.033718005
184 23 15 12 0.033489432
595 379 110 88 0.03339392
19 37 14 14 0.033289768
156 166 17 17 0.032477655
-7 413 44 45 0.032423023
320 354 33 30 0.03208448
773 182 49 44 0.031787325
278 444 53 45 0.031643197
483 442 37 40 0.030937636
628 389 73 63 0.030233545
492 132 13 18 0.030154543
349 333 52 55 0.029730245
876 302 124 124 0.029713929
545 140 33 35 0.02946453
441 635 28 28 0.029179852
104 558 24 31 0.029068751
657 35 17 17 0.028695373
672 181 24 23 0.028369915
15 391 130 107 0.028287683
641 310 27 26 0.02805109
384 320 126 107 0.027539087
603 57 10 8 0.027504073
-1 506 32 32 0.027486924
617 247 29 30 0.027350143
233 230 14 14 0.027317315
382 551 166 136 0.02705787
78 130 15 13 0.027013317
21 15 20 19 0.026848854
275 198 20 16 0.026845304
273 189 44 52 0.026822707
414 28 17 18 0.026585765
901 214 38 36 0.026406676
251 102 16 19 0.026215246
122 99 30 28 0.026110085
177 167 28 31 0.026053535
637 131 21 18 0.02603414
652 112 57 60 0.025700677
560 333 37 41 0.025472691
254 587 31 35 0.025296912
735 334 47 46 0.025165608
594 157 64 55 0.025111863
260 627 31 30 0.025009621
285 66 105 77 0.024931662
809 84 45 39 0.02480985
818 303 53 47 0.024684036
692 276 30 25 0.02462893
915 73 11 14 0.024562882
176 434 46 44 0.024552532
266 244 41 40 0.024070662
398 237 49 46 0.023957765
39 128 15 17 0.023843877
664 142 14 17 0.023706753
234 393 74 60 0.02350485
572 122 8 9 0.023306606
577 212 32 33 0.023230774
201 548 95 89 0.023203772
38 120 61 69 0.022932822
72 249 44 47 0.02287938
262 209 41 30 0.022813523
845 226 23 28 0.022479095
18 54 10 9 0.022397459
872 63 27 29 0.022188062
477 187 24 21 0.021956455
258 504 36 37 0.0217994
59 61 41 37 0.021632714
755 160 5 6 0.021337617
572 552 84 85 0.021177946
6 349 41 40 0.021114359
858 131 55 48 0.021026071
242 57 15 13 0.020828351
677 288 90 76 0.020654142
457 329 52 59 0.02047273
396 329 58 66 0.020426793
276 440 28 38 0.020288879
315 240 79 71 0.02011626
812 181 19 15 0.020092474
