2_Demonstration_Political_Rally_2_960
27
397 268 53 72 0.73030806
583 782 42 57 0.7299771
-6 241 75 136 0.72333133
218 222 120 155 0.6845505
109 265 49 70 0.53122765
550 294 33 45 0.36615238
683 235 79 92 0.33427253
712 249 47 63 0.2458588
673 965 37 41 0.11257071
417 285 23 38 0.10139932
665 215 119 135 0.082462676
589 296 30 40 0.07378582
939 297 35 54 0.06756656
138 279 44 74 0.06674282
402 280 30 46 0.059222605
917 298 46 60 0.05375299
98 247 49 81 0.04190104
-32 214 147 179 0.033753254
253 309 62 100 0.031817783
543 280 62 79 0.030991366
697 269 48 59 0.02865561
688 976 22 28 0.027724372
-24 197 75 105 0.025852926
5 233 47 93 0.025046052
-31 174 118 150 0.022827083
267 247 87 119 0.021630848
322 925 111 143 0.021327276
