2_Demonstration_Protesters_2_293
138
216 525 100 108 0.7736732
859 460 82 84 0.76694864
529 459 95 97 0.764046
281 434 70 69 0.7544321
155 377 53 52 0.73775387
439 433 78 74 0.72859067
788 460 68 72 0.6685185
825 605 87 77 0.6341241
84 347 58 59 0.6326498
566 420 52 56 0.5583925
601 391 48 45 0.52781105
665 357 43 45 0.5163868
477 368 51 48 0.5088269
837 398 52 46 0.4825101
350 367 41 38 0.46826956
585 283 40 42 0.45919725
392 471 79 86 0.4447751
403 341 35 34 0.44345558
718 522 77 93 0.4163848
50 336 30 32 0.4157787
733 418 62 59 0.40157077
432 309 25 31 0.3898399
-4 373 37 56 0.3577709
343 309 24 25 0.34031543
464 350 78 74 0.33522666
10 478 52 65 0.33059266
465 361 42 47 0.3268306
109 273 22 20 0.30239046
594 287 22 30 0.28622103
600 521 65 63 0.25812235
386 345 39 40 0.2556078
765 261 25 23 0.25333586
236 446 61 62 0.24061994
852 408 25 24 0.23975636
549 357 32 34 0.23946248
29 338 39 47 0.23713315
617 400 20 21 0.23482873
178 331 28 31 0.21837026
2 220 17 24 0.21112747
650 447 56 57 0.20159085
300 349 23 24 0.19516301
614 334 39 39 0.16864777
0 381 23 39 0.15984239
864 392 44 43 0.1584403
303 352 15 14 0.15807945
0 368 21 22 0.15359905
190 338 14 15 0.15338613
97 296 20 20 0.15304905
770 264 15 16 0.1464491
530 404 99 88 0.1446892
557 365 20 19 0.13826028
171 308 30 27 0.12331963
246 535 59 66 0.11744553
447 455 39 43 0.113636844
763 333 35 34 0.1086358
105 296 18 17 0.10850694
207 423 149 115 0.10842091
-8 422 53 92 0.10656307
232 535 43 67 0.09880948
639 540 110 103 0.098324776
257 430 120 93 0.09570457
54 310 29 35 0.094808035
184 328 19 19 0.09261366
247 414 37 33 0.0906913
771 320 26 27 0.08907888
875 324 16 15 0.08585952
739 401 53 48 0.08326897
1 137 21 26 0.07743115
160 274 22 19 0.073414415
892 468 49 53 0.07269458
735 431 42 40 0.07161277
31 306 26 28 0.07160034
606 474 48 52 0.070401244
167 286 14 16 0.06778092
262 320 23 23 0.06704874
1000 348 17 22 0.06512633
376 339 35 32 0.057368115
556 178 28 28 0.05661002
772 601 116 105 0.056552842
531 388 49 46 0.05629838
415 468 60 65 0.056259077
414 448 74 67 0.05450152
747 535 60 79 0.053468473
499 374 44 40 0.053077675
662 377 43 44 0.052990958
828 457 88 76 0.05127571
865 479 54 50 0.051026102
781 331 16 15 0.050063934
161 389 36 30 0.04948114
54 337 18 26 0.048607968
429 333 36 35 0.046227526
255 468 27 28 0.044575896
168 280 12 11 0.043855846
573 416 43 32 0.04332989
808 343 31 29 0.041960016
807 436 62 50 0.04128728
456 361 21 22 0.040227126
830 563 103 123 0.036893655
806 369 121 100 0.036717284
26 352 48 50 0.03665888
855 319 19 19 0.036612447
207 -12 185 181 0.035924926
802 475 35 33 0.03417264
438 521 133 118 0.03352066
548 406 64 57 0.03326948
330 371 53 46 0.03324761
784 433 128 97 0.033183265
661 477 25 31 0.03241532
594 500 146 107 0.03086674
438 268 21 22 0.030734707
544 486 41 37 0.029947229
412 311 40 36 0.02993607
816 385 74 69 0.029881516
756 247 43 50 0.029465994
241 561 27 33 0.028925251
378 304 18 20 0.02694034
989 489 44 68 0.026840432
650 424 102 92 0.025300961
623 475 201 184 0.025264591
826 627 49 53 0.025112292
781 366 102 86 0.024883276
259 346 21 21 0.024794845
325 344 25 21 0.024542533
842 480 54 49 0.024309525
10 268 22 25 0.02390037
664 465 29 27 0.023730522
997 430 32 43 0.023712117
56 329 50 45 0.02349549
208 499 115 94 0.022547686
254 467 59 50 0.022457294
201 537 59 62 0.02242485
865 325 13 11 0.021917483
562 468 50 59 0.021530764
178 546 70 62 0.021382367
1009 438 19 23 0.021053556
363 340 62 62 0.02063606
978 393 26 33 0.020199602
682 359 36 36 0.020143578
