2_Demonstration_Demonstration_Or_Protest_2_665
50
478 447 198 297 0.68636066
791 557 73 121 0.5996744
841 493 48 85 0.5505489
167 380 35 60 0.47339752
806 584 48 78 0.430786
764 459 30 47 0.3629295
718 592 37 70 0.342743
380 569 93 130 0.33781782
406 585 79 141 0.3199126
831 494 42 67 0.29540032
169 460 32 66 0.20537497
424 582 55 106 0.18240614
698 573 34 68 0.16244245
330 581 28 47 0.16240793
338 588 25 45 0.1609621
800 506 15 33 0.13635734
454 370 276 438 0.103434555
837 595 42 71 0.09886125
640 1201 22 36 0.09316874
847 474 70 130 0.09201763
386 588 39 64 0.08170389
235 42 41 49 0.07015895
180 476 19 37 0.06701874
354 574 50 86 0.06632943
261 419 25 49 0.056784064
304 543 26 49 0.054764558
361 550 28 42 0.044530366
819 584 58 96 0.043421518
629 1194 37 54 0.041999977
865 501 37 73 0.040917795
973 843 40 88 0.040655572
535 415 189 304 0.03504359
322 620 40 63 0.032407634
257 400 127 199 0.03128358
671 1094 33 49 0.030642075
877 863 157 235 0.030036062
-65 629 255 385 0.02843699
726 561 17 35 0.026762005
514 399 158 248 0.026169214
987 845 50 95 0.024840146
947 914 56 96 0.024627652
331 612 48 80 0.023954688
529 306 202 289 0.023643604
802 544 43 80 0.022722669
728 433 20 36 0.021790372
690 1075 37 48 0.021719014
827 583 36 68 0.021416135
827 421 113 211 0.020488072
-36 696 168 251 0.020110874
789 527 8 14 0.020005792
