2_Demonstration_Demonstration_Or_Protest_2_225
84
36 406 26 24 0.3885253
31 407 22 20 0.30599856
443 433 19 17 0.2192071
250 408 30 25 0.21179591
134 417 13 12 0.20932807
659 413 21 19 0.18200903
987 503 14 15 0.17247884
129 414 11 12 0.16731712
247 410 18 15 0.14273994
461 417 16 14 0.14245403
233 441 10 10 0.13478184
886 437 11 12 0.13428348
271 440 12 11 0.1269818
340 417 14 13 0.12288647
421 417 10 12 0.121802464
919 412 17 14 0.1133368
501 351 12 12 0.106048055
499 434 16 14 0.10447366
909 409 19 15 0.101070404
460 419 12 10 0.0993352
952 437 11 12 0.09892678
670 298 17 16 0.096179366
893 437 10 10 0.08840755
410 414 14 13 0.088145785
991 507 12 13 0.08196357
564 426 15 13 0.07985155
992 349 9 8 0.07614162
345 421 12 11 0.07560325
554 416 16 14 0.07494566
188 440 12 12 0.07335972
994 503 10 10 0.07154436
331 440 10 10 0.07113191
853 437 10 10 0.07092294
174 412 15 14 0.06839347
677 414 15 14 0.06507494
588 396 10 9 0.062822595
369 445 12 12 0.06229917
594 399 10 10 0.05691682
197 242 30 30 0.053821724
97 350 19 15 0.053175163
337 442 15 13 0.05247693
460 435 12 12 0.05214315
837 438 11 11 0.04832734
448 355 13 12 0.048252515
480 409 32 27 0.047261685
782 313 13 12 0.044988513
323 443 5 5 0.044982564
928 439 11 10 0.043386504
795 438 8 7 0.04337495
753 415 12 11 0.042919934
194 441 5 5 0.04202683
185 419 9 9 0.04178058
781 306 12 13 0.040671065
851 496 14 14 0.04051744
983 349 11 12 0.04020126
740 423 8 7 0.038419712
504 429 20 25 0.03769895
-1 498 11 16 0.036704075
594 354 20 19 0.035777118
990 403 13 14 0.035758052
706 422 11 9 0.03505359
818 420 9 8 0.034832682
530 348 13 11 0.03421979
896 368 10 9 0.033721246
543 354 15 14 0.03360405
922 346 9 8 0.031572096
43 442 12 16 0.030476991
997 397 8 8 0.030075198
440 314 22 24 0.02951315
523 433 14 14 0.028445924
160 417 9 8 0.026549852
101 345 7 8 0.026134856
786 301 9 9 0.026128056
568 433 13 14 0.024384419
247 439 10 12 0.024117766
170 436 12 13 0.023751797
836 415 13 11 0.023143565
113 401 10 11 0.023133844
918 607 16 13 0.022200692
383 351 16 13 0.021956982
367 449 9 9 0.021947222
235 98 16 14 0.021888755
243 293 12 11 0.020345654
264 291 16 14 0.020093333
