2_Demonstration_Demonstration_Or_Protest_2_816
16
136 285 62 57 0.9969045519828796
679 203 45 46 0.9948468208312988
307 157 37 37 0.9859975576400757
348 395 59 48 0.9833604097366333
98 68 40 41 0.9713810682296753
727 8 43 39 0.9617599844932556
807 85 46 40 0.9552463889122009
352 278 43 41 0.890112578868866
432 198 30 26 0.873686671257019
108 -5 46 34 0.8501337170600891
444 75 31 33 0.8296283483505249
864 178 44 45 0.8263875246047974
581 124 32 37 0.8260862231254578
503 162 37 44 0.7784057855606079
802 237 24 23 0.7528479099273682
330 226 21 22 0.6640875339508057
