2_Demonstration_Protesters_2_912
74
141 434 29 28 0.6931385
716 279 44 43 0.60242355
991 351 23 27 0.56075305
825 329 35 34 0.42998296
876 333 32 30 0.4258022
169 364 14 15 0.42513904
44 349 16 15 0.42254975
474 307 32 32 0.4093035
119 367 26 26 0.38451153
948 307 17 20 0.37503958
253 341 17 15 0.34202605
635 344 26 24 0.30851224
835 324 35 31 0.29225743
547 316 20 22 0.2751806
469 311 24 23 0.2717317
171 525 20 16 0.26992962
596 318 25 24 0.25442725
104 360 31 26 0.25414944
784 340 20 17 0.2461528
263 394 24 24 0.21628916
922 344 13 12 0.2003152
712 364 21 19 0.19262122
608 316 25 23 0.18730316
348 351 14 16 0.17332181
773 346 16 16 0.1631626
886 343 8 10 0.16213222
175 357 19 17 0.1604278
378 413 21 20 0.16031842
511 340 22 23 0.15860058
689 359 25 23 0.14432918
831 320 25 21 0.14279993
166 520 28 23 0.12780756
951 311 11 10 0.12315025
844 337 12 14 0.11344932
644 351 10 10 0.108864
191 343 14 14 0.10541318
370 329 11 12 0.09948871
515 303 20 16 0.09596445
267 397 16 15 0.09580524
530 311 23 20 0.09256362
664 319 14 14 0.08863795
901 337 23 25 0.08607578
475 341 20 19 0.0775188
627 325 20 13 0.06974161
304 405 17 16 0.06515552
333 350 17 21 0.06494282
761 361 8 8 0.054901056
354 362 12 14 0.048409604
195 331 19 16 0.04834887
377 320 14 14 0.04532151
662 327 5 7 0.043346528
333 329 19 16 0.043224305
181 505 133 106 0.039634448
782 328 24 23 0.039543316
517 347 10 10 0.03944512
187 362 16 18 0.037113976
175 370 4 6 0.03393445
815 285 12 11 0.032677032
368 343 18 20 0.03212505
519 318 13 10 0.03100462
164 352 22 24 0.030882511
723 277 27 30 0.028102124
951 316 11 11 0.027884781
299 353 12 10 0.026693553
275 326 9 7 0.026551092
712 292 24 22 0.026547957
71 354 13 14 0.02541598
771 280 19 19 0.025288394
315 322 13 13 0.023949854
442 318 10 9 0.02296079
132 417 46 43 0.02294309
813 287 8 7 0.021583304
803 340 18 16 0.021544496
491 303 19 17 0.021160634
