2_Demonstration_Demonstrators_2_196
66
993 608 26 28 0.39881572
581 554 17 18 0.09070483
85 747 15 15 0.08630872
206 695 11 12 0.08427852
182 721 17 17 0.07024495
28 731 19 19 0.06689365
367 444 9 11 0.058609717
87 719 18 17 0.054788306
669 442 18 18 0.054277785
890 546 20 21 0.052105047
166 721 19 20 0.051633727
58 366 13 12 0.05006592
446 611 9 9 0.047222115
46 613 18 23 0.04701088
196 685 12 12 0.04405937
915 633 15 15 0.043895543
583 646 14 16 0.04366258
898 551 18 19 0.04299004
105 667 16 13 0.041341893
116 374 9 7 0.040979777
748 526 15 15 0.040365264
426 418 7 7 0.0399556
671 708 27 29 0.03902807
611 216 16 16 0.03899399
303 470 12 13 0.03819275
48 360 12 14 0.0374783
511 516 21 25 0.037215162
160 453 13 13 0.037199248
114 668 9 9 0.035941456
373 716 8 8 0.035446122
898 168 7 7 0.03451243
192 469 5 5 0.03387116
38 617 19 24 0.033054292
635 525 19 20 0.032295782
517 525 11 12 0.032290358
92 726 22 22 0.031126918
152 721 16 14 0.029765423
225 697 11 10 0.028972091
54 664 13 14 0.027734218
38 742 6 7 0.02772549
632 664 16 16 0.027295714
274 581 13 13 0.026747903
314 694 10 10 0.026686935
107 365 14 12 0.026434347
746 626 14 15 0.02609574
637 532 13 12 0.025684712
902 525 24 23 0.025666432
125 739 12 11 0.025053823
484 611 14 12 0.024503328
520 366 15 16 0.02444961
593 447 11 10 0.024375299
895 173 8 6 0.02399959
981 171 8 9 0.023612536
975 179 6 5 0.023144666
25 240 15 17 0.022937827
226 477 4 4 0.02279424
590 636 19 20 0.0226501
407 260 12 11 0.022511063
227 444 14 12 0.022357011
173 462 12 12 0.021795277
852 164 8 7 0.021590922
295 303 24 21 0.021492051
415 409 15 16 0.021000799
824 155 8 9 0.02038076
518 582 15 13 0.020373737
819 157 7 6 0.020183645
