2_Demonstration_Protesters_2_796
40
483 126 49 45 0.7094182
597 129 52 53 0.6730741
403 236 152 203 0.663998
675 74 46 51 0.6584222
593 59 32 30 0.62049884
489 135 33 29 0.58055407
352 85 36 36 0.40139645
519 93 32 33 0.39651245
356 133 24 20 0.30172315
351 128 35 32 0.30162254
525 77 24 22 0.241539
474 180 46 49 0.22675905
384 28 22 21 0.22667493
535 94 30 30 0.20154633
461 109 88 81 0.18729314
569 100 20 19 0.13566351
387 24 33 28 0.124335565
569 96 41 44 0.105863534
584 133 36 40 0.09921223
396 21 40 34 0.09892066
393 54 30 31 0.07763495
342 80 38 32 0.06869339
894 94 27 23 0.056081448
477 75 23 22 0.050867073
848 0 25 17 0.04479412
347 69 46 45 0.042546127
404 33 39 36 0.04139373
163 551 53 50 0.031731904
996 62 28 32 0.029730016
334 90 43 39 0.027721517
280 420 157 117 0.027470687
487 101 30 30 0.027388012
511 104 37 34 0.027151102
651 571 148 123 0.025529956
813 64 20 19 0.024339378
488 81 11 10 0.024202297
142 90 31 26 0.023550166
561 103 33 37 0.023464838
106 446 282 228 0.023361549
502 127 37 41 0.021010347
