2_Demonstration_Political_Rally_2_90
29
531 269 65 71 0.78949577
787 381 23 25 0.6024144
781 377 34 36 0.5170435
917 377 18 20 0.40452114
1007 388 20 23 0.17110378
845 385 17 19 0.1656664
302 366 13 12 0.09027371
310 363 12 13 0.085593835
900 382 9 13 0.07229959
879 391 7 7 0.06655073
849 393 11 13 0.06603499
153 364 14 13 0.06529459
238 385 8 9 0.05938985
330 369 13 12 0.056296125
102 390 9 8 0.04955751
34 313 13 14 0.048669923
26 317 9 9 0.048192453
201 359 8 9 0.03304526
189 333 19 19 0.032331895
8 333 11 10 0.03189317
236 357 10 11 0.029821983
953 328 15 13 0.029614681
881 376 10 11 0.027069151
101 356 13 12 0.026084188
923 375 10 13 0.024563601
133 646 187 175 0.024303598
943 419 32 31 0.022986304
39 371 12 12 0.022851808
50 323 19 20 0.022712315
