2_Demonstration_Protesters_2_561
18
201 80 18 20 0.9892057180404663
810 258 22 24 0.9875978827476501
641 221 18 18 0.9875398874282837
890 194 19 17 0.9668865203857422
402 128 23 25 0.9615138173103333
315 96 20 17 0.9010246396064758
449 143 20 19 0.888615071773529
720 242 11 13 0.8748065829277039
44 412 17 18 0.8345798850059509
104 387 24 25 0.8254086971282959
281 97 15 17 0.779087483882904
321 80 26 27 0.7274907231330872
698 230 16 20 0.6157724857330322
463 126 25 31 0.6075228452682495
163 404 26 26 0.6072794795036316
757 245 15 16 0.5552623271942139
763 228 17 22 0.5549650192260742
536 125 26 33 0.5225113034248352
