2_Demonstration_Political_Rally_2_329
21
133 349 71 57 0.9964829683303833
750 407 94 89 0.9817088842391968
808 209 44 40 0.975508451461792
301 314 78 65 0.9713550806045532
862 340 72 64 0.9702516198158264
646 235 41 46 0.9581418037414551
933 283 67 66 0.9514264464378357
924 214 29 29 0.8975154757499695
311 187 38 42 0.8763036131858826
175 192 25 28 0.86609947681427
845 125 25 26 0.8618913888931274
125 233 54 50 0.8422753214836121
772 174 29 38 0.8133435845375061
464 240 44 38 0.8117160201072693
504 328 64 57 0.7850896716117859
266 209 37 33 0.7744293808937073
4 198 29 34 0.762329638004303
118 174 34 41 0.7187268137931824
766 123 22 23 0.629075288772583
607 217 30 36 0.5957205295562744
775 114 30 30 0.5408097505569458
