2_Demonstration_Political_Rally_2_319
103
608 449 52 60 0.612205
665 445 30 31 0.5993816
156 486 33 37 0.5590402
34 564 46 52 0.5216045
817 566 59 66 0.51282257
399 467 24 25 0.51042324
103 444 35 38 0.48990458
138 696 22 22 0.43037766
709 531 50 53 0.41689777
39 455 27 30 0.4145457
267 452 25 27 0.41076952
507 479 18 22 0.37741676
460 438 21 22 0.36917427
530 445 32 32 0.3636711
610 457 29 29 0.3404394
726 476 28 31 0.331791
546 457 14 16 0.25964668
843 438 22 26 0.20657046
994 487 21 27 0.17389126
530 392 16 16 0.17213854
588 397 30 33 0.16853486
675 406 21 20 0.16546175
186 417 12 14 0.16216786
850 437 20 20 0.15425217
275 358 11 10 0.12099854
391 458 38 44 0.114770815
597 398 22 24 0.113859266
382 418 12 15 0.113617375
311 490 38 45 0.113083616
384 408 18 20 0.110570595
186 444 25 26 0.10232106
302 524 31 36 0.10026968
488 404 17 19 0.09502372
107 445 21 24 0.0945732
763 528 45 39 0.0942686
596 442 16 16 0.090539664
883 391 12 12 0.0887315
315 352 15 14 0.08647381
167 482 47 50 0.082642704
1000 491 15 17 0.07973277
534 392 10 11 0.078747615
242 388 11 11 0.07727066
606 331 13 14 0.076245815
876 531 41 50 0.07615697
706 411 11 11 0.06798617
318 343 11 8 0.06132672
578 533 28 33 0.060693823
695 404 16 17 0.059396684
230 360 9 8 0.058361407
157 380 14 14 0.053756893
521 435 22 24 0.05215372
970 391 11 14 0.05110145
894 432 21 23 0.050570473
316 401 16 15 0.050274268
310 420 9 10 0.049797643
891 393 12 14 0.049312953
770 410 14 14 0.048724197
528 459 20 18 0.04696811
193 385 14 12 0.046757314
468 396 17 17 0.045496456
352 480 17 19 0.04411928
796 546 75 79 0.041694682
110 685 57 47 0.041686073
807 361 25 22 0.03990481
411 363 12 12 0.039256208
76 387 18 14 0.038925514
265 444 19 22 0.038637288
161 495 18 19 0.038281877
335 411 14 14 0.038043328
478 434 26 28 0.03764428
33 716 43 44 0.03717341
118 370 9 9 0.0368075
753 447 22 23 0.03652999
193 449 35 34 0.036153972
236 408 13 14 0.03606422
310 358 9 8 0.035843693
780 416 12 12 0.034254845
242 385 7 6 0.033583757
14 477 21 32 0.03340408
391 361 11 12 0.033031873
129 672 50 52 0.03296431
369 480 20 26 0.03094535
288 473 37 36 0.029473543
174 393 15 16 0.028372472
375 363 8 7 0.027821038
551 443 21 24 0.027656732
443 405 16 17 0.027265282
630 441 11 16 0.02691416
48 384 12 9 0.026773818
846 401 19 20 0.02490753
835 392 10 11 0.024423718
315 455 19 23 0.024379505
672 339 15 14 0.024140732
260 478 36 47 0.02377342
10 392 5 5 0.021606492
106 470 36 40 0.021278571
708 391 15 14 0.020790996
316 559 226 193 0.020654552
104 363 10 11 0.020414451
473 487 19 22 0.02039617
93 388 12 13 0.020337887
166 368 9 8 0.02020184
363 485 17 17 0.020075291
