2_Demonstration_Demonstration_Or_Protest_2_655
36
285 114 26 24 0.36229584
223 104 22 18 0.3156063
471 51 21 19 0.23041137
231 105 20 19 0.17139867
624 119 19 17 0.14413163
679 76 22 20 0.14036757
74 185 10 10 0.12890165
82 124 18 16 0.12631725
72 180 17 16 0.107123606
492 11 20 19 0.10306277
522 103 19 19 0.10093099
761 148 15 13 0.08957542
1005 175 17 17 0.07467757
387 380 12 12 0.071653076
1002 166 19 22 0.064060114
97 178 86 71 0.063145794
294 492 58 52 0.059329256
139 252 56 55 0.04867794
638 -2 22 19 0.043928333
665 97 15 15 0.042430315
37 207 13 11 0.041174542
24 204 14 15 0.040761873
124 199 29 28 0.039886124
934 187 59 57 0.037815455
673 78 20 19 0.03493789
527 65 24 21 0.03478208
693 74 16 16 0.027558645
854 3 16 12 0.02741521
181 161 21 22 0.02732232
806 149 10 10 0.027227648
626 8 17 14 0.026509233
137 476 126 137 0.025215268
178 597 136 110 0.023600645
124 57 8 7 0.0227714
757 152 10 10 0.022164041
516 101 18 16 0.021785328
