2_Demonstration_Demonstration_Or_Protest_2_687
218
123 544 30 27 0.5233885
38 493 15 15 0.47380546
131 550 16 15 0.42189595
82 598 23 24 0.41832426
35 490 25 23 0.4075938
372 564 26 24 0.406314
681 532 23 21 0.40227506
441 531 18 20 0.39574802
875 378 18 16 0.38328502
307 502 17 18 0.37885192
816 407 13 13 0.36588383
157 485 18 17 0.36210528
484 516 15 13 0.3491094
71 395 25 24 0.34070498
831 533 16 16 0.33762115
85 504 25 23 0.3216192
761 558 26 22 0.31453958
641 524 16 16 0.31381574
222 496 27 24 0.3051882
758 502 19 17 0.30451718
763 574 22 22 0.30213133
694 481 31 29 0.3009477
710 525 22 20 0.2982752
803 472 26 20 0.29673183
821 409 9 10 0.2853216
587 512 10 13 0.26980472
413 511 25 23 0.26890358
316 506 18 15 0.2635506
763 538 20 23 0.26337707
954 607 18 20 0.24869394
477 514 20 17 0.23752376
757 512 16 14 0.23432353
769 497 15 16 0.23168206
416 482 22 21 0.22745387
677 416 10 9 0.22292043
920 397 21 22 0.20936376
759 573 37 34 0.20593372
229 508 18 18 0.19227612
515 464 23 19 0.18791813
533 516 16 15 0.18023413
356 468 8 9 0.1788728
80 453 19 17 0.17880581
188 510 13 14 0.1778222
891 416 22 19 0.17630562
15 421 12 13 0.17589836
151 452 17 14 0.17514105
608 495 10 9 0.17105767
486 462 17 14 0.16488357
617 532 16 17 0.16404271
712 462 16 16 0.16085023
402 454 8 7 0.15621181
230 421 17 15 0.15308207
882 440 15 13 0.14878082
709 373 16 16 0.14814918
962 632 23 25 0.1460219
791 463 14 12 0.13997622
314 546 15 13 0.13443367
735 453 15 15 0.12859029
415 503 15 17 0.12825747
845 329 8 6 0.12737401
737 417 16 14 0.12669033
994 412 14 15 0.12524183
672 474 17 18 0.124886975
932 346 14 14 0.1248126
406 368 17 14 0.12263565
261 543 12 14 0.12060119
953 326 15 14 0.11916326
380 557 18 18 0.11879237
489 351 9 8 0.11853114
835 531 18 21 0.11807392
347 460 16 16 0.113943584
438 458 12 10 0.11300655
426 407 6 6 0.110073686
837 513 19 16 0.107696444
93 511 13 15 0.10633252
533 507 20 18 0.105839774
189 440 23 21 0.10541186
691 530 22 23 0.1052651
417 536 15 14 0.10491393
277 542 9 8 0.104346365
1008 268 9 9 0.103632316
842 525 16 16 0.10337212
206 474 12 12 0.1006852
153 364 12 12 0.10034305
772 420 14 11 0.099304266
230 528 12 12 0.09531513
538 439 10 9 0.09353511
594 456 17 15 0.09289868
365 536 10 13 0.09166552
922 295 16 14 0.09044259
169 494 19 17 0.08861559
257 399 13 10 0.08778294
697 467 16 15 0.08634253
98 363 12 16 0.08502443
332 419 16 14 0.08385164
877 463 8 9 0.08080057
824 450 14 14 0.080263644
248 551 6 7 0.080182664
480 352 12 12 0.07993737
695 498 19 21 0.079718605
835 319 18 15 0.079163335
930 436 12 12 0.07203753
499 408 8 7 0.070423655
731 668 14 14 0.069913715
790 447 8 9 0.068437956
443 463 5 7 0.067957334
767 349 15 14 0.06764095
809 411 19 16 0.067441545
621 356 16 16 0.066172324
919 324 17 14 0.06390208
530 458 13 11 0.06336767
31 452 17 17 0.06286896
124 466 12 13 0.06283244
189 372 17 12 0.062742814
862 270 6 5 0.06191857
819 464 15 14 0.060773797
929 427 15 16 0.06059163
452 397 15 12 0.06023344
760 352 15 12 0.05979824
778 393 6 6 0.055588175
307 422 8 7 0.054796595
482 494 8 7 0.04991428
586 156 11 9 0.049576093
93 608 11 11 0.049387004
956 146 16 14 0.04933333
674 332 9 8 0.049279194
354 520 17 14 0.048952848
388 428 7 7 0.04817538
86 595 30 29 0.047743417
191 504 13 13 0.047399193
316 415 12 12 0.04735958
443 427 8 6 0.047076985
680 526 34 37 0.046607114
41 446 14 11 0.046249043
244 451 16 13 0.04520946
630 354 9 7 0.044639654
756 514 10 12 0.04441475
876 311 8 6 0.043993656
672 369 10 10 0.043205366
867 463 13 12 0.043197334
387 449 8 9 0.04257787
98 459 11 11 0.042097293
786 323 5 5 0.041938636
87 497 14 17 0.041334126
890 271 8 7 0.041153025
843 494 13 14 0.04072744
261 428 10 8 0.03995338
910 412 17 15 0.038554013
607 535 18 17 0.03846498
672 494 5 5 0.03655555
816 109 10 8 0.036141843
957 249 9 8 0.035505626
264 151 11 8 0.03540831
392 361 18 15 0.03540686
43 179 11 10 0.035230882
79 324 16 12 0.03522647
678 407 12 10 0.035217755
816 358 11 9 0.034822762
827 661 37 31 0.034742042
475 299 13 11 0.03458046
454 533 6 6 0.034481503
152 468 6 7 0.034256246
48 184 10 8 0.03415532
243 412 15 14 0.03364923
458 459 13 12 0.0335235
716 530 8 10 0.03305525
824 522 23 25 0.032813575
156 357 11 9 0.032738023
761 505 23 27 0.03269435
750 501 14 13 0.03263198
232 83 14 9 0.032048523
711 585 18 17 0.03199218
861 354 7 6 0.03186332
638 401 6 7 0.031767745
192 83 12 8 0.03155075
153 327 16 12 0.031544086
101 353 18 16 0.03154225
966 79 12 10 0.031489484
743 328 4 3 0.030916482
85 295 15 13 0.03072053
283 374 6 6 0.0301044
533 353 15 12 0.029613262
561 489 5 7 0.029276427
150 185 7 6 0.028924715
253 556 19 20 0.028716173
890 324 7 6 0.02865497
894 364 16 18 0.028559055
367 519 6 7 0.02855221
742 109 13 10 0.028393006
187 407 12 12 0.02744432
537 351 5 4 0.027347283
992 549 13 13 0.027164424
616 403 13 14 0.026803652
23 229 14 11 0.026505556
576 424 4 4 0.026469331
275 326 12 10 0.026433542
387 399 13 13 0.025718467
420 470 13 12 0.025400883
314 560 15 16 0.025362067
21 344 8 9 0.024787145
985 461 13 14 0.023951653
35 344 11 12 0.02388723
831 357 14 13 0.02350089
442 201 13 11 0.023146972
327 154 16 15 0.022672834
89 182 11 8 0.022447452
44 330 11 8 0.022399949
740 455 10 10 0.02238098
697 398 7 6 0.022277651
671 396 5 4 0.022213453
181 273 17 12 0.021792071
491 235 10 9 0.021725614
959 503 18 17 0.021204922
558 231 5 5 0.02108365
756 411 16 15 0.020984475
941 149 6 5 0.020765034
155 517 16 15 0.020139541
810 327 10 9 0.020135453
