2_Demonstration_Political_Rally_2_741
29
577 480 42 57 0.6960059
115 506 35 42 0.19967581
540 450 114 124 0.13794354
559 461 72 87 0.07575547
-42 604 214 216 0.069747195
614 427 20 22 0.06681211
670 433 16 19 0.0623975
961 532 16 22 0.05095764
596 428 12 14 0.048389647
896 572 54 57 0.04386597
684 435 13 16 0.042402897
711 453 12 17 0.040108748
192 471 37 44 0.03990598
755 469 13 16 0.036823835
201 481 25 30 0.03358632
542 431 20 22 0.031911653
235 411 32 37 0.031408265
746 446 16 15 0.029354021
762 445 10 12 0.028908193
92 497 54 65 0.028067503
304 327 38 54 0.027388135
696 457 12 15 0.02714461
550 380 91 104 0.02672921
966 455 13 15 0.024523288
633 439 10 11 0.024043486
824 459 10 11 0.022673642
467 473 19 24 0.02234972
904 457 9 10 0.02180556
892 460 10 12 0.020273577
