2_Demonstration_Demonstrators_2_330
37
697 290 103 121 0.8003861
482 407 118 154 0.7690424
631 358 61 70 0.6141444
436 359 54 56 0.4211167
499 424 90 98 0.1704133
468 365 34 38 0.1387273
701 315 55 75 0.087110914
712 324 68 75 0.08030917
591 328 126 129 0.07144908
741 304 57 71 0.07051342
516 454 59 84 0.068712145
670 241 64 62 0.06492208
414 360 41 46 0.06403305
675 256 47 38 0.058287
381 328 106 105 0.058166225
891 39 135 122 0.04881064
358 471 179 160 0.03656137
659 304 95 97 0.03485236
91 576 54 58 0.029439427
881 116 193 178 0.02914919
323 303 178 177 0.028835598
710 284 64 87 0.02652136
573 594 112 94 0.02637073
589 360 85 85 0.023881959
858 14 201 195 0.023718465
751 294 79 90 0.023413477
819 105 142 148 0.023181641
449 363 36 36 0.02317125
918 116 117 103 0.023063667
570 625 82 61 0.022678748
373 384 223 201 0.022594744
461 435 92 100 0.021908686
520 424 101 120 0.020926833
912 219 129 134 0.020690871
505 374 172 196 0.020426273
116 58 113 85 0.020123934
517 544 154 146 0.020066587
