2_Demonstration_Demonstrators_2_781
64
250 179 56 56 0.7108569
392 194 29 33 0.70712847
546 155 51 60 0.6822158
690 222 56 55 0.62526536
529 214 37 37 0.6226109
453 196 63 54 0.5752951
918 271 47 46 0.52107334
920 222 41 38 0.48759037
753 246 32 29 0.4844286
459 208 33 35 0.41213277
764 227 30 27 0.404424
848 244 29 27 0.36969852
231 140 35 35 0.36693254
934 271 40 40 0.3375681
400 204 10 14 0.2738767
857 250 14 13 0.25665116
814 226 27 30 0.2381192
236 132 46 51 0.21472614
885 237 22 21 0.20734492
767 254 12 14 0.20385592
770 234 17 15 0.170203
857 246 16 13 0.13092059
962 261 22 24 0.12154424
906 235 21 21 0.101026356
833 236 20 19 0.09922342
468 215 35 30 0.0908067
229 131 34 30 0.08888616
1001 243 12 14 0.0884241
993 238 17 21 0.08813698
767 182 15 18 0.087504424
247 136 21 24 0.08491901
79 211 19 16 0.08414907
695 235 35 42 0.080183215
113 229 13 14 0.07576646
660 141 15 16 0.06877451
932 233 20 22 0.06847103
533 222 23 22 0.063724004
132 217 8 10 0.059427653
755 180 23 20 0.059130818
958 246 39 32 0.058913756
524 114 102 124 0.056351744
261 189 38 33 0.04894236
527 184 29 27 0.04493709
1003 683 16 21 0.04016171
440 228 6 7 0.039170567
521 204 28 25 0.03378913
103 216 14 16 0.032017756
570 158 55 52 0.028898928
794 261 118 99 0.028586194
655 226 30 30 0.027694646
142 210 16 15 0.027586663
954 415 83 119 0.027161362
594 579 146 130 0.02622872
926 255 25 25 0.025419893
687 22 74 70 0.025034849
691 195 66 60 0.024693912
1000 253 11 13 0.02396947
566 322 127 108 0.023745196
948 230 23 25 0.022774383
143 202 19 18 0.021608496
433 212 20 24 0.021481598
941 584 48 47 0.021361819
647 138 42 34 0.02043042
614 168 29 41 0.02034584
