2_Demonstration_Demonstrators_2_290
71
506 565 91 99 0.79146093
410 154 82 87 0.7827195
178 366 69 78 0.7442637
684 168 84 84 0.5941674
730 505 49 60 0.5435464
867 465 51 56 0.4210389
4 474 49 58 0.42034972
986 466 39 62 0.39479432
448 502 33 39 0.3810625
646 475 48 47 0.22820178
481 494 20 21 0.21611118
613 487 42 46 0.21513134
408 508 21 22 0.19800371
379 513 12 13 0.16715614
698 483 119 116 0.16558337
470 499 22 24 0.14495385
10 439 23 32 0.14450338
243 376 37 40 0.14381531
923 450 18 21 0.13379095
632 479 41 41 0.12027205
329 676 33 60 0.11883658
290 456 25 29 0.110137895
531 315 120 130 0.109414406
972 447 21 28 0.10033601
934 451 12 14 0.09832931
990 357 21 30 0.09773749
774 482 22 31 0.09712334
657 506 29 29 0.09177403
301 667 75 89 0.08408712
332 497 22 29 0.08115677
888 458 27 28 0.07872278
843 453 25 28 0.076574855
921 516 20 20 0.07121962
997 361 16 19 0.07007815
562 504 24 26 0.06728488
627 465 73 74 0.06339578
171 356 102 109 0.06134705
834 473 41 53 0.060483567
20 445 16 20 0.059619196
371 549 31 37 0.059371017
257 377 31 32 0.05865784
539 497 22 23 0.05777155
985 449 24 31 0.054920394
846 442 85 93 0.054501776
476 315 129 133 0.0542484
392 507 17 20 0.053375434
415 494 17 18 0.05034651
444 273 259 244 0.045055397
531 495 15 14 0.044619985
262 378 14 17 0.04326736
432 74 17 24 0.04288713
774 339 112 114 0.040195167
499 568 55 81 0.034821767
114 589 22 28 0.034247786
442 548 122 121 0.033371985
456 495 16 16 0.03202174
865 486 55 51 0.030869285
482 509 12 15 0.030476578
368 313 128 135 0.029720603
960 446 24 28 0.028476246
512 535 116 145 0.025816744
599 507 19 24 0.025763001
748 329 94 110 0.025675628
341 80 141 125 0.024173802
883 466 33 40 0.024142783
570 339 83 85 0.023584628
286 53 177 179 0.022497296
516 509 9 12 0.02143449
715 456 89 93 0.021137733
250 468 30 37 0.020626325
430 79 26 27 0.02035434
