2_Demonstration_Demonstration_Or_Protest_2_385
145
286 539 35 37 0.6854147
508 537 32 34 0.6581764
680 564 30 31 0.6227128
390 531 34 37 0.6202231
819 592 49 45 0.58173704
212 472 29 31 0.5804611
616 496 26 27 0.5727145
18 550 30 34 0.55811703
337 475 25 24 0.54829574
684 464 26 29 0.54419345
929 462 23 26 0.52156633
365 458 15 20 0.49206108
183 524 37 37 0.48979992
102 528 21 24 0.48727053
881 485 28 29 0.46070334
585 461 20 19 0.41728348
935 466 16 18 0.41418114
691 473 12 15 0.4024687
320 431 26 24 0.38718086
744 474 27 30 0.37981248
393 486 25 24 0.37346053
84 452 20 21 0.35309488
807 431 16 19 0.33833677
159 407 20 19 0.32726902
778 459 29 30 0.32000065
973 432 13 16 0.3162426
820 597 30 31 0.31007385
210 461 34 34 0.30580425
739 478 23 22 0.30187976
591 457 24 27 0.29073903
995 475 32 38 0.28626862
87 394 21 24 0.28151113
860 427 19 21 0.26401073
671 555 44 49 0.2510188
89 447 23 21 0.23916715
759 475 25 27 0.2382556
72 348 16 18 0.23210067
399 491 12 18 0.23159295
457 413 11 13 0.22836308
176 513 28 33 0.22476472
327 430 12 15 0.22027889
1002 484 23 25 0.22013673
821 460 25 25 0.2065065
206 407 10 8 0.19514574
551 439 21 23 0.18183386
118 660 31 35 0.17923708
84 391 18 18 0.17868367
864 456 19 23 0.16776264
70 473 49 48 0.16263364
468 443 21 22 0.14908276
633 420 7 8 0.14697015
110 504 25 25 0.14380652
1004 460 18 20 0.13180129
541 417 8 9 0.13129617
20 494 40 40 0.13121411
353 408 8 6 0.12855235
505 481 26 29 0.12559167
883 392 9 9 0.12397898
307 407 6 6 0.12019656
23 385 15 16 0.119184695
693 406 15 17 0.11904122
620 464 14 17 0.116411254
146 443 21 23 0.11599377
688 477 22 25 0.11579599
794 571 79 83 0.11406759
127 509 21 22 0.110631295
820 387 14 15 0.105393656
83 346 13 15 0.10115186
563 417 9 10 0.09843923
737 424 14 18 0.09840949
1004 376 12 15 0.09337336
817 386 11 11 0.09254974
663 381 22 16 0.09088316
593 390 13 10 0.09046464
589 369 4 5 0.08675841
177 386 5 6 0.084557824
136 501 30 31 0.082518846
25 383 9 10 0.07906191
544 404 19 17 0.0787821
459 397 19 19 0.0755255
1009 376 9 8 0.074507214
4 432 16 19 0.069073215
550 392 6 6 0.06821607
185 388 8 6 0.06809771
700 379 21 18 0.06740891
772 404 7 8 0.06594094
684 470 12 12 0.06528591
374 525 50 52 0.06479376
763 452 28 26 0.059845597
337 475 11 12 0.05852581
990 639 27 36 0.058195412
998 607 31 56 0.057379
225 360 11 9 0.05417158
926 431 8 12 0.05416706
681 392 16 14 0.052197877
877 463 52 54 0.05161705
177 463 34 31 0.0508397
123 669 21 21 0.050135475
185 478 41 35 0.048985366
153 353 10 9 0.047978334
2 435 9 10 0.047669664
741 414 8 6 0.04625439
146 442 8 10 0.044783685
397 395 12 12 0.044646375
790 394 7 7 0.041558724
735 363 9 8 0.040445577
478 441 11 13 0.04019826
893 345 11 11 0.03950408
804 366 10 9 0.03923731
382 414 7 7 0.0391105
480 386 6 6 0.03880911
524 333 13 11 0.038364023
173 287 11 10 0.034359142
669 161 14 17 0.03214272
757 394 16 17 0.031321835
612 400 20 20 0.031084295
218 475 17 23 0.031053688
877 400 11 13 0.030952154
270 383 6 6 0.030028893
177 394 19 19 0.029937742
119 433 9 9 0.028614014
736 421 18 14 0.028118623
448 478 21 23 0.02809598
412 387 5 4 0.027379176
750 475 10 11 0.026897535
315 431 15 14 0.026353663
683 480 14 17 0.026330195
168 347 14 14 0.025632907
761 458 32 45 0.02509142
891 343 7 7 0.024970658
812 436 6 7 0.024730107
192 357 10 7 0.024051452
247 388 11 12 0.024026932
369 467 3 5 0.023894038
329 433 5 9 0.023835173
329 530 40 42 0.023297647
396 503 23 32 0.02320899
169 509 71 67 0.022885954
743 284 11 11 0.022365434
326 401 12 14 0.021584336
299 366 8 6 0.021480024
269 405 3 3 0.021239206
26 346 12 15 0.02110246
787 440 10 11 0.0203142
483 534 76 68 0.020173024
