2_Demonstration_Protesters_2_901
57
278 356 53 66 0.70686954
581 175 32 37 0.6859732
794 350 48 53 0.6770896
441 343 62 63 0.6713708
671 339 47 52 0.6255983
538 193 34 34 0.5071439
588 355 62 66 0.42362335
398 350 49 58 0.41070673
507 646 92 87 0.3894618
750 546 59 52 0.30634087
830 99 53 55 0.2323824
752 364 33 38 0.19317038
0 568 42 77 0.1844671
891 -3 43 32 0.18436298
259 323 87 120 0.18124965
105 345 46 57 0.1789029
144 342 39 58 0.1625724
-1 560 33 60 0.15107284
953 643 38 51 0.11333783
767 330 95 95 0.11087994
755 766 173 78 0.09291749
908 689 54 73 0.08800931
-22 550 70 79 0.07867262
15 344 41 59 0.078449965
727 760 131 83 0.06302423
81 615 37 44 0.061714347
752 368 21 22 0.061294705
927 504 34 43 0.059847366
417 330 101 95 0.058284473
568 484 48 57 0.055716876
947 684 63 79 0.055498477
368 328 35 45 0.054471254
317 725 81 89 0.050117295
123 323 64 88 0.047678996
540 474 44 41 0.043498468
857 681 137 97 0.04259619
516 614 146 158 0.041244008
588 360 40 43 0.040768873
341 768 22 23 0.036755007
-30 291 123 147 0.036577497
888 646 104 110 0.032242853
927 662 63 64 0.03181793
-4 79 214 210 0.029699402
378 350 29 37 0.027347848
676 323 58 60 0.02693629
35 191 202 196 0.026877398
781 361 66 59 0.02600388
154 303 60 79 0.025932955
767 355 32 41 0.025459131
59 638 65 89 0.02537489
664 303 105 125 0.023699822
743 732 139 135 0.023511227
764 380 23 29 0.023055334
48 106 133 156 0.021342289
688 212 28 28 0.020761836
555 764 147 82 0.020690506
208 86 76 85 0.02063882
