2_Demonstration_Protesters_2_884
71
939 437 83 133 0.77735245
519 156 33 34 0.6461939
366 88 18 20 0.6317602
886 183 29 33 0.52403533
30 77 26 24 0.515846
579 91 31 32 0.40701956
694 49 23 24 0.3819579
880 245 44 42 0.32378572
720 194 31 32 0.2759594
658 260 37 45 0.26921567
227 92 15 16 0.2508365
296 103 12 13 0.24915399
549 67 18 18 0.24548416
531 162 18 23 0.22602192
148 248 37 37 0.2069618
9 260 30 33 0.16544472
386 125 18 20 0.1323984
665 111 25 30 0.123891436
374 96 4 7 0.111402355
517 219 26 31 0.1029645
14 161 23 31 0.09934854
753 605 195 183 0.097708374
71 77 22 22 0.09717759
724 182 42 38 0.09676379
724 28 25 27 0.0961289
177 527 130 112 0.09525854
232 93 11 12 0.09368245
411 354 39 36 0.09290336
826 168 24 25 0.09110317
670 105 20 25 0.08733546
207 94 11 10 0.08541736
159 86 17 15 0.07911084
837 130 19 18 0.078442425
894 211 29 35 0.078414045
965 136 20 24 0.06934242
959 144 14 14 0.06693073
418 360 25 25 0.06559181
698 24 23 20 0.06393227
890 392 180 194 0.058191713
875 162 18 20 0.057610475
109 255 47 44 0.05621503
699 193 48 43 0.05605056
588 93 15 19 0.05147925
944 488 77 71 0.051396165
810 183 20 20 0.051342987
4 119 15 25 0.048018835
232 98 13 15 0.04800988
230 101 8 9 0.046995424
187 92 13 12 0.045842774
830 227 29 29 0.042615294
435 203 20 22 0.0418534
497 145 54 57 0.04081926
728 42 22 25 0.03854409
690 172 40 36 0.03812674
854 232 76 69 0.036338642
845 134 19 19 0.033435572
305 93 19 18 0.032531615
174 250 29 31 0.03192762
194 99 17 15 0.031216485
199 100 10 11 0.030549783
826 121 12 11 0.029518928
953 148 20 21 0.028643122
335 196 12 13 0.026578614
16 266 19 21 0.025642503
602 355 55 55 0.02540668
984 152 13 17 0.024200555
880 193 43 36 0.023885882
778 343 86 68 0.023397565
869 405 56 64 0.021786408
311 175 17 15 0.021494213
1007 152 17 17 0.020427248
