2_Demonstration_Demonstrators_2_195
29
385 188 88 105 0.6848487
394 205 63 70 0.6569698
316 199 71 69 0.5503118
48 224 22 21 0.53958505
278 216 40 47 0.5164818
684 67 112 128 0.41926497
300 182 111 102 0.2995405
512 10 29 27 0.2530579
339 158 180 160 0.18183368
690 102 63 67 0.15430598
302 210 49 48 0.14470947
386 154 24 22 0.12609245
398 159 12 15 0.10823953
261 219 36 36 0.0631175
290 227 17 21 0.061210427
270 177 106 96 0.05860058
173 258 43 46 0.049562704
172 222 30 25 0.049160447
290 213 28 28 0.03494983
467 49 26 24 0.032131508
461 166 44 44 0.028767688
409 405 109 98 0.028526247
702 103 37 40 0.028107427
288 153 102 95 0.025207806
672 89 97 88 0.024269197
358 197 72 80 0.024009684
697 118 24 27 0.023528399
921 165 89 106 0.020839784
363 209 131 128 0.02023265
