2_Demonstration_Demonstration_Or_Protest_2_173
18
668 278 49 57 0.9944960474967957
165 314 47 47 0.9852641820907593
584 229 48 62 0.9829834699630737
503 218 34 43 0.9793236255645752
770 186 30 40 0.9716199636459351
845 287 49 74 0.9670467376708984
179 213 30 42 0.9477007389068604
357 232 24 34 0.9136313796043396
946 189 28 35 0.8938575983047485
112 247 32 47 0.8589837551116943
31 341 56 62 0.8443936705589294
867 209 44 52 0.8217793703079224
271 272 31 41 0.8165545463562012
363 293 40 62 0.7652121782302856
828 158 22 33 0.7548888921737671
240 248 22 33 0.7106414437294006
896 142 26 29 0.5772408246994019
667 147 22 29 0.5531839728355408
