2_Demonstration_Political_Rally_2_114
101
640 318 44 33 0.4259378
17 215 17 12 0.39464003
938 343 51 48 0.3005116
87 265 21 17 0.27171946
267 174 13 10 0.2072177
449 315 34 29 0.18449984
361 272 19 15 0.18260467
705 220 19 15 0.14805274
813 279 23 18 0.14313458
362 168 13 10 0.13755645
593 283 24 21 0.13119464
79 214 16 12 0.12995812
231 165 17 12 0.12695432
34 211 16 13 0.1261374
27 366 114 87 0.114362136
464 177 15 11 0.09725168
33 254 25 20 0.096689865
426 195 17 12 0.096526876
186 242 24 23 0.08756809
680 275 12 8 0.08491994
291 167 11 8 0.08435934
66 393 44 32 0.082816556
701 222 13 9 0.08040523
681 241 16 12 0.078919016
411 407 31 26 0.07500284
465 243 17 12 0.0740097
819 281 13 11 0.07148439
782 164 13 10 0.07115483
903 340 71 57 0.068554446
54 205 21 14 0.067322806
453 320 24 18 0.06491982
390 246 16 12 0.063118756
426 201 13 11 0.06306875
865 169 12 7 0.062405623
154 208 17 13 0.06074256
203 242 16 14 0.06068397
57 214 14 10 0.058946
636 162 17 11 0.05719464
109 212 16 14 0.056866713
293 254 11 9 0.05645902
105 352 36 27 0.05640437
57 379 75 61 0.05498497
681 238 9 7 0.05482644
458 244 10 8 0.05464213
92 212 14 12 0.053668518
552 248 16 14 0.0521213
778 280 25 23 0.047174424
876 172 15 12 0.046570465
690 272 14 14 0.046444397
709 166 8 6 0.04499983
653 324 16 19 0.04392558
515 355 37 35 0.043658152
250 247 15 14 0.04242423
305 247 20 15 0.04161334
269 166 7 5 0.041516002
528 218 12 10 0.041244317
628 169 11 9 0.040145252
255 168 14 13 0.039162222
476 181 11 8 0.038516294
424 182 10 7 0.038489886
801 368 58 34 0.03806941
512 327 42 33 0.03800069
421 466 141 79 0.037927993
763 355 125 60 0.037591413
597 288 13 10 0.036235295
526 225 8 7 0.036227416
76 212 8 6 0.034182932
337 82 13 9 0.03326211
302 221 17 12 0.03236486
298 166 12 11 0.03218043
567 255 9 8 0.03205947
412 360 31 29 0.030002398
20 208 13 11 0.029280983
798 289 85 72 0.028839933
120 212 9 6 0.028520014
523 279 23 19 0.028376425
749 167 8 6 0.028263325
781 243 14 10 0.028167728
625 216 13 10 0.028108394
767 164 11 10 0.02798295
696 165 11 9 0.027610768
597 240 7 5 0.027079193
697 334 24 19 0.0270307
305 215 16 12 0.02588851
427 360 45 38 0.025105458
93 328 32 27 0.024930336
-2 354 35 46 0.02398925
965 287 19 18 0.023439884
810 180 17 11 0.023288084
244 284 19 16 0.022618888
830 170 18 14 0.022571163
46 258 20 18 0.022325613
434 430 45 39 0.021824472
835 211 18 13 0.021651868
281 311 45 40 0.021616971
85 95 12 10 0.021577228
463 209 18 13 0.021398233
826 245 20 15 0.021131355
379 98 11 8 0.020749148
331 195 15 11 0.02049899
779 110 6 6 0.020213654
