2_Demonstration_Demonstration_Or_Protest_2_438
61
448 271 54 51 0.73777384
461 540 77 83 0.7230989
580 647 46 35 0.33896542
88 515 22 22 0.24944174
64 581 40 38 0.22800449
595 656 21 19 0.2108446
92 505 31 30 0.20906375
29 591 65 60 0.19871695
438 254 82 86 0.18079405
14 532 41 44 0.09587679
253 543 42 41 0.092786565
928 470 22 24 0.08172797
281 644 63 44 0.08089582
235 494 28 26 0.0779611
158 487 25 22 0.0743295
157 488 13 14 0.06844893
304 286 31 35 0.06703685
84 525 26 29 0.06677486
129 497 16 14 0.06527369
13 628 48 48 0.063904874
225 503 23 26 0.061891533
471 573 39 31 0.0597178
25 516 23 25 0.05657712
219 656 50 32 0.056530457
604 561 36 32 0.048507754
307 497 20 18 0.04797245
58 499 80 61 0.047222584
228 496 15 16 0.046205003
35 615 52 50 0.042082183
26 574 74 56 0.037425432
643 467 18 21 0.036167525
881 497 13 14 0.033721652
603 497 20 19 0.03311153
303 273 29 32 0.03153132
767 564 95 81 0.031044414
878 498 11 10 0.03097928
493 241 100 93 0.030084338
785 241 92 92 0.03000894
602 574 42 37 0.02838522
749 496 19 17 0.027586374
112 516 123 100 0.027131252
407 298 44 42 0.027042361
649 607 149 118 0.026920348
164 641 70 49 0.026437858
541 595 140 119 0.026215294
616 124 287 228 0.02610957
59 633 87 56 0.025867185
876 509 15 19 0.025812164
417 103 244 196 0.025562184
1003 442 18 19 0.024288418
996 452 16 18 0.024183264
602 506 22 23 0.023765484
466 573 65 54 0.023368826
110 510 18 19 0.022969263
750 321 165 150 0.022327153
598 497 33 28 0.022146437
207 487 43 43 0.021748634
224 584 43 51 0.021294303
881 470 27 20 0.021264832
411 309 29 33 0.021224828
505 650 41 32 0.020926258
