2_Demonstration_Demonstrators_2_713
31
358 385 36 36 0.49126273
460 376 29 31 0.38408104
550 342 35 37 0.36400503
107 383 44 46 0.16672882
-1 385 28 41 0.12446925
473 381 22 24 0.101166435
261 237 15 16 0.09427721
171 318 32 31 0.09141067
385 326 23 23 0.07946754
305 301 18 20 0.074962676
392 309 18 18 0.054462705
353 392 45 44 0.05359921
517 329 33 37 0.05211966
551 333 26 37 0.046426374
396 381 28 28 0.04076567
341 235 17 18 0.035048816
298 307 15 15 0.033599816
917 280 13 13 0.03325906
471 356 27 28 0.02973045
544 391 18 21 0.028558144
664 401 17 22 0.028097976
305 466 27 26 0.027411783
135 388 31 36 0.0268389
39 701 89 89 0.02650568
974 278 12 11 0.025241084
14 338 19 26 0.024599466
339 391 28 26 0.023275523
355 238 8 9 0.022965945
455 490 18 27 0.021927385
379 315 16 15 0.021741806
167 303 24 23 0.02046909
