2_Demonstration_Protesters_2_260
36
576 104 92 116 0.80891514
113 180 106 113 0.7803205
703 61 122 148 0.68859255
142 201 54 70 0.34084055
946 193 26 32 0.30047193
587 132 63 71 0.2740543
306 187 97 117 0.23720476
998 233 22 29 0.15579133
14 315 25 38 0.13121554
716 94 60 85 0.11915399
988 163 30 38 0.09067215
580 122 42 71 0.08071925
15 309 16 22 0.06387747
921 185 46 56 0.06296413
960 198 25 38 0.06287457
594 178 45 49 0.057149827
358 182 85 92 0.05650982
768 279 123 140 0.05051521
764 22 167 202 0.050046973
123 204 42 60 0.04550092
934 199 23 27 0.03972401
-2 -1 82 106 0.03693354
319 215 67 63 0.033980392
809 402 158 154 0.031841837
81 140 172 165 0.029344147
153 205 67 85 0.02829664
686 70 78 101 0.028059278
23 300 19 29 0.02783258
630 143 22 29 0.027001588
106 176 72 91 0.024828432
-36 -13 131 139 0.02415675
617 1 49 41 0.022803921
288 763 172 176 0.022510497
714 227 235 275 0.021617884
35 298 24 32 0.021518199
950 197 17 21 0.020710424
