2_Demonstration_Protesters_2_583
25
809 240 60 72 0.5418092
586 203 41 42 0.4085569
826 216 57 62 0.3100142
835 227 33 39 0.27562153
732 5 22 17 0.1572478
994 115 14 16 0.14302589
826 115 11 10 0.09453985
926 150 26 20 0.08156515
864 119 8 7 0.07777995
902 131 9 8 0.07023131
-15 241 57 53 0.0631323
791 111 9 11 0.05968429
907 114 14 14 0.0558125
595 196 66 54 0.05299261
977 110 13 16 0.052944154
898 116 9 7 0.051833086
26 34 167 179 0.047192436
955 111 12 11 0.04272558
831 114 13 14 0.04037373
999 160 17 25 0.02957414
638 316 63 53 0.02549264
933 113 7 6 0.024242988
939 153 11 13 0.024034262
512 371 164 122 0.020638185
47 217 105 96 0.02050326
