2_Demonstration_Political_Rally_2_985
30
787 556 144 188 0.81821364
555 469 51 81 0.6862867
981 363 31 61 0.6122695
482 469 32 56 0.5860869
305 420 55 92 0.41313213
12 439 27 47 0.3799386
370 453 34 52 0.33385983
120 446 24 42 0.26791048
374 472 19 35 0.2253609
189 428 22 40 0.21393538
382 395 16 29 0.15558127
375 402 18 25 0.11807759
337 366 26 42 0.11573654
876 615 74 112 0.09813967
551 449 72 126 0.09626475
210 427 36 66 0.092551686
400 399 19 33 0.076871745
298 471 37 58 0.06252206
804 509 161 280 0.059472606
352 356 10 23 0.05706687
335 407 17 33 0.053718567
665 486 261 368 0.04421365
880 381 20 35 0.039377533
105 415 16 25 0.037354734
2 375 26 53 0.03418464
162 411 14 26 0.03156294
-6 211 73 128 0.022269018
964 371 27 42 0.021963445
866 592 105 199 0.02120282
97 426 6 10 0.020369781
