2_Demonstration_Political_Rally_2_224
27
596 113 98 113 0.8367953
893 265 80 82 0.78374374
96 183 87 89 0.7703814
783 255 70 84 0.7477917
338 110 79 86 0.47116157
755 244 120 109 0.3748164
618 142 59 62 0.17240947
767 265 66 66 0.13552536
864 243 126 134 0.10593277
622 143 32 45 0.091512896
880 277 47 46 0.0455998
766 549 55 59 0.038604807
99 195 52 61 0.035228554
587 137 56 58 0.029448979
646 128 70 73 0.02886878
871 279 70 62 0.026153456
480 274 84 74 0.025762659
-47 340 147 136 0.024855705
753 552 80 76 0.024643753
694 188 32 33 0.023138931
952 282 38 49 0.022135703
305 79 102 124 0.021872992
-12 620 82 91 0.02175647
363 125 48 52 0.021472143
121 610 100 84 0.02102615
770 572 127 112 0.020263815
125 197 48 60 0.020134455
