2_Demonstration_Protesters_2_148
53
694 252 113 139 0.80593866
471 190 56 56 0.7332602
970 184 58 95 0.7097221
667 221 68 78 0.68525016
319 131 86 97 0.65322673
402 205 39 40 0.63337094
602 242 67 62 0.61059403
542 248 40 38 0.57355785
384 378 102 100 0.56183606
153 230 38 35 0.52225626
343 143 49 73 0.37041214
409 385 63 71 0.20398323
342 163 63 75 0.17270437
552 462 30 28 0.16932505
32 237 26 34 0.15584683
552 256 22 19 0.13000846
38 236 37 30 0.12656352
734 267 73 84 0.12194854
401 403 64 88 0.12132881
397 390 43 63 0.10010289
102 203 111 89 0.09996487
668 244 39 36 0.09841316
696 201 153 173 0.08648445
590 255 85 84 0.07391308
9 241 36 34 0.07038025
347 144 32 48 0.069512084
-4 245 57 59 0.064004555
957 208 28 47 0.06024256
146 216 49 44 0.05238351
721 235 66 74 0.051388144
719 289 53 62 0.04276127
88 243 33 32 0.040337056
73 246 29 24 0.03253388
661 252 39 40 0.032337893
712 291 88 83 0.03131022
711 289 37 43 0.030779846
676 213 123 83 0.029642962
769 271 88 77 0.028968956
181 237 38 30 0.0288307
637 236 56 53 0.028194154
793 363 208 273 0.027744528
205 581 120 91 0.027225511
812 281 52 57 0.027096258
417 174 137 123 0.026749821
431 368 102 103 0.02651074
811 6 27 25 0.02414403
400 410 37 36 0.022932807
701 263 50 51 0.022767399
656 278 50 71 0.022724545
641 414 357 359 0.0223712
374 397 46 46 0.022213448
548 211 37 45 0.021089325
665 270 38 27 0.020302702
