2_Demonstration_Protesters_2_362
30
229 377 68 68 0.7464329
810 409 77 70 0.72272646
449 506 20 18 0.39316118
883 529 24 26 0.23668477
375 514 23 22 0.23639551
416 496 17 17 0.21794987
947 470 21 20 0.19511451
343 491 24 23 0.14033024
87 447 37 34 0.11203237
362 493 18 20 0.10189375
192 350 116 116 0.09578798
920 462 34 30 0.07528602
879 517 27 24 0.07122926
976 486 19 18 0.06916331
155 471 27 25 0.062665686
690 506 16 16 0.052535556
352 495 13 11 0.045299806
816 415 36 45 0.044903137
762 397 112 92 0.042082433
151 479 21 21 0.039285377
392 502 18 18 0.03682994
232 397 38 48 0.03615817
859 -2 20 18 0.03282482
700 552 16 20 0.03054936
200 -2 93 89 0.030461961
237 360 82 97 0.028187836
-47 299 153 122 0.027293751
195 369 75 79 0.026431067
978 551 29 32 0.024763761
840 422 46 43 0.021092048
