2_Demonstration_Protesters_2_476
44
100 384 62 59 0.695287
406 380 49 44 0.6664023
764 357 34 32 0.65048724
174 404 45 45 0.61436665
266 377 65 63 0.59780896
189 353 42 42 0.57064605
682 384 27 27 0.56243396
916 373 25 24 0.46906856
594 404 23 22 0.322247
323 381 39 32 0.2956
103 317 37 31 0.27086383
398 366 71 72 0.20641446
210 358 37 36 0.18016048
306 387 33 36 0.16213539
437 387 34 34 0.15352356
200 361 27 27 0.14113127
585 408 26 25 0.1343277
330 379 26 25 0.096664004
883 395 20 20 0.095678635
615 397 31 25 0.09063223
235 357 22 22 0.08621966
669 388 29 24 0.06001999
7 341 35 44 0.052829348
690 389 16 19 0.04480367
574 331 45 39 0.03952761
85 363 102 80 0.039037086
598 355 24 19 0.038465787
673 376 26 23 0.038241614
589 341 20 18 0.035060413
125 244 32 34 0.034447744
835 371 27 26 0.03184056
271 385 32 44 0.03176166
262 354 15 14 0.030493703
16 427 137 118 0.029974284
693 382 16 19 0.029459393
782 469 24 27 0.02499976
112 424 56 50 0.024710309
112 238 55 49 0.023966648
302 375 26 24 0.023960128
543 467 28 26 0.022594059
116 430 37 36 0.022257984
878 371 29 31 0.021332959
186 396 29 38 0.02129933
253 357 38 35 0.020887308
