2_Demonstration_Political_Rally_2_410
93
0 529 70 68 0.8054443
244 508 86 72 0.7943505
181 494 55 54 0.74669796
723 475 60 57 0.7278371
637 456 91 96 0.72778225
465 457 41 36 0.6746799
550 522 57 49 0.66507745
499 493 47 47 0.6386279
347 428 55 48 0.5600078
845 419 53 45 0.5090552
604 437 26 27 0.3916559
951 432 30 24 0.37093505
933 457 22 20 0.3659437
109 433 24 21 0.36054608
915 447 34 33 0.25699657
692 461 102 84 0.25510418
806 436 35 31 0.24660586
401 417 21 18 0.21267176
374 438 31 30 0.18650332
608 442 15 15 0.17707273
269 510 49 59 0.17234811
646 453 57 80 0.17152692
512 435 8 10 0.1610735
802 450 24 27 0.15780455
37 411 24 23 0.15696642
738 411 21 23 0.14171913
254 434 23 20 0.13825141
653 434 130 117 0.12532577
75 412 20 19 0.11833974
329 418 13 12 0.11704456
156 419 13 12 0.10708619
221 413 16 15 0.10586599
999 433 14 13 0.10076708
822 436 26 27 0.09620593
869 430 25 28 0.09574888
306 447 26 24 0.088169314
656 480 37 43 0.08188737
558 421 14 12 0.08060789
312 415 13 15 0.07750796
115 425 17 16 0.07572559
357 431 33 33 0.07057286
453 413 13 16 0.06408418
523 433 14 16 0.06255852
118 397 20 16 0.062067952
930 438 16 16 0.060570672
987 417 17 17 0.05866661
151 396 13 10 0.057404507
731 492 44 37 0.05658449
626 397 188 168 0.0533946
15 529 36 55 0.05297865
139 528 32 38 0.052891538
476 464 15 17 0.052256886
630 462 51 63 0.05191525
602 408 24 23 0.051027697
270 419 9 6 0.05036196
451 420 11 9 0.04907339
615 433 26 32 0.048563562
479 468 85 77 0.048260137
388 418 16 13 0.04818073
995 420 16 14 0.04798012
87 392 18 15 0.046172597
542 417 17 17 0.043804366
764 444 41 33 0.042364273
299 421 9 7 0.042302903
822 425 20 17 0.04223565
584 447 45 41 0.04106432
834 421 24 24 0.03934544
266 438 10 10 0.039082278
32 368 26 25 0.039041735
704 326 42 40 0.03648255
525 424 7 6 0.032272812
263 526 20 30 0.032002456
10 415 21 19 0.030921245
193 419 6 5 0.030464709
17 429 21 22 0.029964304
94 408 17 16 0.029867081
849 420 28 25 0.029784981
566 437 12 13 0.029185837
944 458 28 25 0.028019136
247 412 18 17 0.027895182
183 490 83 73 0.027846204
-11 555 74 62 0.027573396
668 442 45 39 0.027518133
607 650 58 35 0.026056008
143 346 19 18 0.025796702
998 149 18 32 0.025305072
236 88 132 127 0.024819693
495 457 164 144 0.024416212
694 401 40 37 0.023705296
618 430 120 98 0.023347208
317 460 16 14 0.020769034
112 452 28 26 0.020473536
46 378 15 12 0.0204551
