2_Demonstration_Demonstrators_2_181
54
85 536 44 69 0.6439141
887 589 38 63 0.63653547
946 538 26 47 0.6049146
66 520 75 101 0.58266604
846 495 21 38 0.5241115
721 520 15 22 0.4682245
668 522 29 53 0.4580534
895 600 23 45 0.40890136
53 560 17 33 0.33827755
232 539 18 30 0.31622964
532 552 21 38 0.2302093
536 569 9 19 0.17521876
705 507 28 51 0.16051315
783 507 10 16 0.1565994
327 648 117 201 0.13628025
473 517 14 24 0.1289026
675 531 15 24 0.12463917
550 513 7 14 0.11861462
534 508 15 27 0.11644588
272 544 14 19 0.1090467
770 503 15 28 0.09080892
625 496 11 22 0.088517494
244 537 15 31 0.08820955
192 556 5 9 0.08817438
103 548 35 51 0.087716065
465 526 8 11 0.08650515
413 517 15 25 0.08471376
520 518 16 20 0.070567
173 551 13 26 0.06924868
268 532 12 17 0.060203835
773 560 9 15 0.058564294
405 521 11 19 0.05824001
759 555 25 42 0.057351768
310 520 11 16 0.05525681
401 542 16 25 0.048519354
157 565 8 12 0.046650708
610 479 13 25 0.04553391
444 549 13 19 0.044319708
589 461 14 23 0.04337539
630 464 15 23 0.041670013
733 516 15 27 0.03894703
488 524 6 10 0.03810524
450 546 10 19 0.036187086
179 528 12 21 0.034960996
203 586 13 24 0.034670595
296 546 10 17 0.029905546
345 689 81 134 0.028543713
415 547 11 15 0.027448567
313 541 12 21 0.026220657
953 557 7 17 0.025050035
312 711 60 111 0.02469676
233 537 6 11 0.023957385
165 535 8 12 0.02316039
877 568 14 32 0.020810392
