2_Demonstration_Demonstration_Or_Protest_2_368
53
740 222 27 30 0.70057374
874 243 30 29 0.55078274
296 227 23 24 0.4495284
369 222 28 25 0.42859215
298 232 16 15 0.40443057
29 250 18 18 0.27451047
985 261 16 19 0.2570648
639 227 25 25 0.23807368
618 239 18 17 0.22763073
4 218 19 18 0.21476088
37 251 13 12 0.21122395
628 235 22 22 0.20928034
383 225 17 19 0.20178702
518 217 24 21 0.19204047
458 240 13 12 0.18777528
632 226 24 22 0.15519017
571 223 12 10 0.1488971
13 216 18 20 0.14787841
172 243 12 10 0.14717598
602 242 25 20 0.14505234
96 225 17 16 0.14021173
184 242 13 13 0.11886078
827 241 18 18 0.11733063
890 208 17 16 0.110479444
92 228 10 11 0.095112376
451 228 16 15 0.08316275
157 224 12 12 0.07908705
88 239 17 15 0.06779486
670 257 25 21 0.06690468
200 245 10 10 0.064655505
828 245 10 9 0.057178617
0 272 14 17 0.05364097
1006 243 15 15 0.050691515
300 236 18 16 0.04958674
456 230 11 10 0.04870227
197 255 170 130 0.044552717
462 245 7 7 0.040998466
965 273 14 10 0.040220138
997 226 22 22 0.039256416
49 224 12 11 0.037863918
138 347 217 168 0.034535438
904 294 19 18 0.03403581
88 242 8 8 0.031556513
266 244 13 10 0.030844927
543 222 14 13 0.027511198
652 245 58 52 0.025944859
430 230 7 7 0.024255853
735 318 88 78 0.023909153
541 240 21 16 0.021979142
160 223 7 6 0.021300225
241 239 16 15 0.021126604
728 215 37 46 0.021116901
895 208 10 10 0.020379698
