2_Demonstration_Demonstration_Or_Protest_2_644
14
100 238 31 33 0.9950750470161438
22 33 15 20 0.9945740103721619
232 65 25 29 0.9891685247421265
927 278 28 29 0.9839795827865601
836 142 21 22 0.980036735534668
152 179 32 35 0.976563572883606
320 92 26 26 0.9737111330032349
772 288 30 36 0.9368492364883423
255 618 28 26 0.9032446146011353
822 271 22 27 0.8064814805984497
384 245 22 23 0.7640424966812134
702 245 35 43 0.7243835926055908
665 268 26 31 0.6162022948265076
558 122 24 28 0.5616747736930847
