2_Demonstration_Political_Rally_2_695
200
756 556 72 81 0.747365
137 396 39 40 0.64682424
443 345 29 31 0.6422429
320 474 47 42 0.64079505
321 538 32 32 0.6092369
395 375 47 43 0.6037926
583 364 37 40 0.5452423
225 352 41 46 0.5435253
14 434 40 39 0.5422143
422 469 43 47 0.5319796
522 441 46 43 0.5248082
407 382 31 27 0.5168424
43 242 26 25 0.4908055
500 475 35 32 0.48505247
164 215 24 21 0.48501095
805 226 26 26 0.46082726
356 422 46 46 0.45255342
500 377 30 35 0.44771162
3 386 35 33 0.44320735
20 274 19 20 0.41086993
99 359 47 42 0.39885005
977 653 35 30 0.38830528
6 386 48 48 0.37677875
325 317 39 38 0.37171584
619 506 47 41 0.34616506
-2 14 25 27 0.33629104
182 214 39 34 0.33503342
20 232 10 12 0.32697147
210 455 48 45 0.32677886
174 445 50 46 0.3087864
-11 416 85 80 0.3016997
247 202 25 23 0.2962307
102 238 22 22 0.29438588
160 255 37 31 0.29290858
385 345 29 31 0.27345797
17 223 26 25 0.26994255
-7 496 35 50 0.2698458
857 181 17 17 0.26345432
366 429 25 29 0.26217774
325 330 30 29 0.25364807
207 474 35 39 0.24622338
697 484 32 36 0.24453197
304 424 44 47 0.23869982
967 111 26 28 0.23425946
202 440 65 72 0.2328772
749 512 34 33 0.22268057
39 413 41 41 0.21543881
701 191 32 33 0.20348443
683 185 17 13 0.20283177
296 457 92 71 0.19058533
684 148 16 13 0.19046946
413 300 21 23 0.18829192
215 319 24 26 0.1859384
339 392 33 30 0.18422177
254 384 33 37 0.17427218
170 439 75 66 0.17276178
682 156 19 19 0.16787758
962 120 25 21 0.1657868
315 260 24 22 0.16042975
160 261 25 22 0.16008589
109 365 28 29 0.15920089
294 406 27 31 0.15546578
550 318 26 23 0.15316023
110 237 11 10 0.15176135
255 250 23 23 0.13916178
808 175 20 21 0.13525565
532 448 26 20 0.13368024
173 215 24 21 0.13107048
273 460 136 91 0.13066205
37 255 19 23 0.1299039
447 461 48 45 0.121740445
221 315 30 31 0.12115964
304 396 38 41 0.11749468
68 0 20 17 0.114327535
311 434 19 20 0.11388745
435 466 42 34 0.11297957
283 398 31 26 0.11279884
808 265 26 24 0.10479847
764 242 27 28 0.10090271
657 203 24 20 0.09782699
735 308 30 32 0.095335126
62 465 34 33 0.095231034
558 389 28 33 0.08956853
889 487 15 17 0.08834915
800 515 30 26 0.08375405
154 252 27 24 0.08344701
764 522 25 22 0.082511015
269 252 14 16 0.0823083
77 230 9 6 0.08156486
624 200 16 17 0.08150302
729 464 27 26 0.07739273
559 322 21 19 0.07720952
121 396 31 41 0.075126454
882 483 29 29 0.07188365
980 114 27 26 0.069816574
50 127 22 21 0.06907968
750 517 17 19 0.06896215
89 229 15 16 0.0657526
158 303 33 31 0.06511048
844 181 15 14 0.06470358
405 373 18 19 0.06375021
310 264 18 15 0.06323987
743 458 26 27 0.06234246
61 224 9 9 0.06230253
151 208 11 13 0.061933074
150 127 14 12 0.061505064
541 453 21 28 0.061461993
834 293 35 39 0.06066764
338 408 33 31 0.058515925
628 197 23 20 0.058229603
595 373 19 27 0.057633173
526 295 62 62 0.056350406
9 287 22 25 0.055620268
807 503 27 28 0.055466488
183 360 34 36 0.053923693
407 540 27 28 0.053765573
-2 351 25 30 0.05375786
761 525 36 31 0.052700154
520 461 30 30 0.051271003
738 319 17 16 0.05085328
195 111 19 16 0.05036375
473 302 19 17 0.049930718
244 361 34 39 0.049501263
896 526 33 39 0.048895516
585 320 25 23 0.04888094
697 293 21 24 0.04719978
567 162 22 23 0.046015784
87 143 12 11 0.044506714
72 474 14 14 0.044001278
708 286 25 24 0.04314261
753 118 15 12 0.042579927
188 204 29 24 0.042160176
180 200 30 31 0.042051855
831 258 19 22 0.0418508
581 170 30 24 0.041279923
752 566 59 54 0.040381778
764 529 42 51 0.040213328
20 129 14 12 0.039737858
491 477 32 28 0.03966349
689 182 18 21 0.039015427
685 200 16 20 0.038628094
330 266 14 16 0.038063295
784 197 14 17 0.03716355
189 267 14 15 0.0368354
758 173 18 16 0.034896348
257 206 16 15 0.034248397
693 145 8 11 0.034192234
134 115 8 6 0.0341582
775 559 41 50 0.033955242
49 54 21 25 0.03384532
229 341 23 27 0.03282899
39 128 19 16 0.03241556
500 369 31 29 0.032365948
61 59 10 9 0.03229394
599 166 14 16 0.032110304
115 120 15 15 0.03184488
636 171 18 19 0.031363968
859 188 17 19 0.031187778
814 235 8 9 0.030307332
201 122 7 6 0.030224405
750 124 8 8 0.03012909
481 468 34 28 0.029991249
669 214 16 17 0.029855162
236 116 15 14 0.029835349
10 414 26 27 0.029828234
243 311 42 34 0.02881096
175 302 78 65 0.028620616
853 263 19 18 0.028516807
151 431 50 49 0.02819702
454 354 9 14 0.0279021
80 479 37 40 0.026877599
872 197 20 20 0.026869
846 345 38 48 0.026208669
183 144 25 19 0.025717381
634 126 11 11 0.02569142
306 408 68 53 0.025500387
776 179 15 13 0.025362153
-13 478 44 48 0.025301578
870 168 28 29 0.024935273
250 464 21 22 0.02466173
298 326 46 36 0.024633566
957 642 54 52 0.024398016
805 196 14 16 0.02401654
841 404 28 31 0.023686714
687 269 25 25 0.023646839
380 355 32 35 0.023607828
696 461 42 45 0.022443058
359 314 39 37 0.022225784
540 352 24 28 0.022095457
333 429 28 29 0.022066394
1 9 19 24 0.021990435
11 245 10 12 0.021613887
597 530 42 45 0.021516602
776 218 32 34 0.021145662
639 130 7 6 0.020967834
462 602 54 43 0.020848319
23 237 3 5 0.020780258
791 194 13 14 0.020712271
856 303 17 20 0.020597043
7 450 38 39 0.020307397
