2_Demonstration_Political_Rally_2_5
113
743 414 35 26 0.59598523
868 456 25 23 0.4949718
311 232 50 39 0.49239567
185 237 35 23 0.41105625
556 356 25 19 0.38981217
692 401 28 24 0.38942295
321 236 32 22 0.3611119
827 420 39 25 0.3435832
696 407 29 25 0.31006476
842 429 17 14 0.24687599
592 402 28 22 0.22294228
866 447 46 34 0.20959234
711 423 25 20 0.20045295
929 352 20 17 0.19131872
591 411 22 16 0.17654318
883 330 16 13 0.15036066
494 224 23 19 0.13431597
437 119 45 41 0.12844189
785 312 10 8 0.123659156
515 365 20 17 0.108032346
35 258 13 11 0.106303066
888 386 18 14 0.10414313
655 314 17 13 0.10307708
114 464 47 40 0.10062963
962 387 18 15 0.099965736
655 365 13 13 0.09695901
823 379 23 18 0.09505226
477 368 15 11 0.09244188
925 443 29 19 0.091805436
966 345 22 16 0.09059974
589 426 14 9 0.08760061
547 404 18 16 0.08478209
631 351 15 12 0.08243741
657 372 19 15 0.07160475
552 222 19 12 0.07073341
779 308 18 14 0.06961146
667 339 13 9 0.06834699
890 382 18 13 0.06763626
360 300 27 19 0.065873526
720 336 11 9 0.0657635
600 384 20 17 0.064790666
102 237 26 16 0.062608816
526 365 23 19 0.061462797
612 374 24 17 0.059747104
719 352 14 12 0.058108546
58 301 12 11 0.057723403
995 171 7 5 0.056927327
622 349 19 14 0.056220178
972 350 13 11 0.05410297
43 300 15 15 0.053931236
535 408 20 14 0.052773725
634 368 13 7 0.050198093
26 263 18 14 0.049315453
366 305 17 12 0.049160335
707 391 100 63 0.048342004
476 268 19 15 0.048203915
744 167 9 6 0.04813686
339 218 30 22 0.04717561
956 40 13 8 0.045350723
899 174 11 6 0.04477828
676 152 9 7 0.043241106
372 263 17 13 0.04136125
983 442 25 25 0.041037384
125 475 61 34 0.039174296
976 410 21 18 0.036662854
545 227 17 12 0.03485603
836 452 31 23 0.03420063
238 265 22 19 0.03365937
101 262 19 13 0.033078227
971 406 18 14 0.032341648
359 343 30 25 0.03199267
769 382 24 19 0.03184505
98 296 26 17 0.031784933
347 146 12 9 0.031073939
891 409 16 12 0.030854722
666 309 18 13 0.030604063
27 278 31 20 0.029847898
119 246 10 8 0.029663177
513 359 18 14 0.028722245
853 439 23 18 0.02871172
772 476 34 26 0.028044704
738 225 14 9 0.02791325
744 410 24 19 0.027892873
638 224 7 5 0.027155377
761 416 31 25 0.027134841
825 343 24 18 0.026836354
4 282 9 7 0.026428511
697 410 82 53 0.026319597
801 475 30 22 0.02480582
642 319 9 5 0.02473072
622 307 19 12 0.024514478
860 184 13 9 0.023914438
699 391 32 22 0.023904357
779 173 11 7 0.02376004
343 296 29 25 0.023701424
474 350 40 28 0.023692956
974 170 14 9 0.023686796
931 176 9 5 0.023429943
961 175 6 4 0.022913469
319 253 28 23 0.022827944
512 146 35 20 0.022761347
908 172 14 8 0.021859586
261 230 19 16 0.021537704
602 356 17 11 0.021537615
874 441 26 23 0.02128669
-16 335 124 76 0.021125752
732 156 19 12 0.021068083
907 480 39 27 0.020745132
861 170 13 9 0.020660833
653 392 25 19 0.020592507
867 285 9 7 0.020381898
982 181 18 12 0.020327648
420 426 123 80 0.020104261
