2_Demonstration_Demonstration_Or_Protest_2_395
35
869 331 67 79 0.41062135
510 323 118 183 0.3224007
812 311 52 59 0.20175606
977 304 44 80 0.18094005
800 261 55 61 0.16552792
963 244 27 30 0.11863628
895 233 30 32 0.10867434
969 257 40 60 0.088561386
739 337 82 96 0.08129408
377 65 101 165 0.07951134
313 47 210 269 0.07680228
569 233 16 23 0.0678559
911 181 27 28 0.063255966
899 240 16 17 0.060335375
786 438 210 235 0.059389547
412 92 83 109 0.056731567
786 473 148 165 0.053300876
558 222 32 38 0.052757103
424 188 87 98 0.048664585
968 357 56 97 0.04713859
889 258 46 56 0.041396722
856 233 20 24 0.0403201
814 275 23 29 0.03657623
829 221 35 38 0.034086976
613 222 39 41 0.031953566
990 152 32 38 0.027653571
387 334 171 235 0.02738886
722 547 37 45 0.024217283
963 258 35 39 0.023954218
985 167 25 38 0.023818864
462 211 33 38 0.023800548
272 531 138 136 0.023656841
159 67 140 148 0.023109999
362 154 173 164 0.021024657
751 263 51 55 0.020591604
