2_Demonstration_Demonstrators_2_100
17
412 128 257 364 0.84679294
508 207 135 268 0.09847318
921 347 32 71 0.07770411
406 623 253 377 0.042681627
371 126 191 324 0.036368657
411 640 170 230 0.035202138
519 122 177 327 0.033323642
718 361 80 150 0.032825503
462 -5 297 525 0.03138677
383 -75 235 482 0.029411543
304 -29 362 569 0.027127534
672 244 172 378 0.026533898
381 265 29 85 0.024532612
433 724 201 176 0.024338234
450 225 142 293 0.021837773
245 -51 152 309 0.021306364
720 322 106 223 0.02059673
