2_Demonstration_Demonstrators_2_413
61
488 177 22 22 0.40880308
148 222 15 16 0.33357528
280 229 15 13 0.2991732
404 192 42 39 0.27914828
20 224 29 27 0.25572428
381 194 16 15 0.25450897
547 158 42 40 0.25108832
141 222 28 23 0.22583625
450 191 26 24 0.21756074
0 264 13 15 0.21535914
521 168 13 13 0.16730632
110 243 24 25 0.16407752
128 247 13 12 0.1568588
268 218 21 20 0.14729226
45 242 26 27 0.14328134
590 170 27 30 0.12801056
600 162 30 28 0.12264668
955 94 31 38 0.11580008
531 166 20 19 0.114629686
155 248 18 16 0.09776937
185 267 10 11 0.09064364
169 249 15 16 0.08633745
9 244 21 19 0.08347956
393 196 19 20 0.07755196
72 268 16 17 0.07541268
556 197 26 24 0.0736757
573 189 40 38 0.06727019
519 160 19 17 0.061654966
953 96 25 23 0.05748245
345 204 8 7 0.05634743
116 232 10 10 0.055954326
36 229 24 21 0.055793066
217 242 22 22 0.05270919
247 212 6 7 0.052627664
49 261 25 24 0.051569346
110 231 16 16 0.050950304
651 201 70 64 0.04356081
322 203 13 15 0.040913545
381 183 19 16 0.038406134
704 143 86 71 0.037620485
23 251 16 19 0.03761522
716 559 83 72 0.037330076
381 187 11 10 0.03718611
130 243 24 20 0.036685217
200 249 15 15 0.036119092
495 182 9 13 0.03572238
677 150 55 56 0.033657108
885 108 54 50 0.03202836
353 189 6 7 0.031250197
273 207 11 8 0.03012936
294 225 10 12 0.02919851
253 242 28 24 0.027427012
674 136 168 129 0.026949415
883 118 30 29 0.025335526
564 200 33 28 0.023489878
338 217 9 10 0.02299901
89 248 14 14 0.022005731
244 248 15 17 0.021960143
302 207 8 7 0.021830654
346 185 15 15 0.021269986
900 125 68 66 0.020736456
