2_Demonstration_Protesters_2_738
46
738 1000 105 161 0.7742907
259 871 100 151 0.7667146
227 23 64 113 0.75262856
-12 1197 130 231 0.73215866
470 84 95 151 0.7185258
932 1042 92 174 0.6966723
312 44 47 90 0.6722254
776 176 51 88 0.66177666
815 75 34 64 0.44921955
712 941 163 283 0.44508746
234 824 163 256 0.4228951
189 -34 143 233 0.31473687
896 976 170 275 0.23891675
688 4 21 31 0.13079901
154 797 47 68 0.12369948
478 89 60 116 0.108858794
948 1070 37 91 0.08998803
1 719 38 71 0.083991684
826 90 15 35 0.08200393
679 688 20 32 0.07850544
986 16 23 47 0.07252178
441 61 151 249 0.065356754
25 735 29 63 0.063403584
968 -12 59 100 0.05091691
562 356 246 389 0.050778553
47 1250 55 131 0.049982667
37 731 27 49 0.049670734
694 10 12 21 0.048807688
304 710 24 46 0.046946403
0 1236 68 151 0.045900416
156 766 46 75 0.04374027
171 249 225 394 0.040805425
252 24 56 120 0.032198977
213 819 113 224 0.029380606
121 1009 105 130 0.0274638
399 44 138 239 0.023982937
622 1276 127 177 0.02391606
804 683 314 497 0.02302744
260 901 58 106 0.022536704
254 789 200 381 0.02216585
299 24 51 134 0.021578128
305 848 91 209 0.021141483
910 1019 74 188 0.021036373
266 -14 115 250 0.020442495
374 1008 181 300 0.020239595
200 751 168 265 0.020084433
