2_Demonstration_Demonstration_Or_Protest_2_364
25
208 327 122 184 0.8254783
470 290 131 171 0.7795397
668 319 133 226 0.59836173
337 294 39 40 0.55888987
391 294 25 26 0.28798768
401 295 22 23 0.28492475
345 306 19 20 0.28319484
679 390 95 108 0.10918014
478 336 62 82 0.08849453
661 435 96 73 0.08475418
217 406 70 80 0.06943992
324 479 26 34 0.04601418
337 654 115 109 0.039860196
661 368 92 107 0.038934395
507 330 92 117 0.03636319
376 280 176 166 0.035944283
487 340 77 97 0.03238593
-3 256 53 92 0.028051864
260 365 118 107 0.02613408
212 365 81 105 0.025896152
591 285 299 241 0.025196455
377 -25 182 176 0.024504628
310 474 42 52 0.023405956
390 199 330 304 0.022513853
378 287 25 20 0.020799823
