2_Demonstration_Political_Rally_2_172
19
396 279 354 513 0.48524523
751 76 162 241 0.09793216
768 334 158 230 0.09754228
722 380 182 275 0.06221723
3 -44 319 330 0.059869934
792 106 145 271 0.057859875
811 217 110 188 0.04720863
-15 523 91 185 0.044720363
711 483 102 168 0.038990576
809 287 113 191 0.03682886
822 371 82 155 0.035394575
735 415 124 172 0.0351161
800 362 283 456 0.032220263
-10 444 221 340 0.03096487
751 235 202 294 0.028359836
631 1138 141 211 0.025976896
-1 -15 171 244 0.025222616
169 -10 153 226 0.023111647
46 176 145 272 0.020537522
