6_Funeral_Funeral_6_77
80
324 337 42 32 0.43131703
910 356 17 16 0.36407477
918 358 10 10 0.33313304
328 346 22 21 0.32648617
214 363 30 27 0.22616938
368 362 14 17 0.21129914
1003 565 21 24 0.1952329
538 363 21 19 0.19385378
921 506 20 18 0.18128423
856 364 9 9 0.17902301
996 554 23 29 0.15769921
479 373 14 14 0.13972214
555 365 10 10 0.13900197
917 470 12 13 0.1280118
175 369 16 14 0.12638049
953 509 22 25 0.12380344
999 574 26 33 0.12009147
598 370 13 11 0.117019065
922 539 26 25 0.10925622
290 388 13 12 0.105369546
379 382 24 23 0.10502158
422 371 10 8 0.09603161
233 371 13 14 0.09538225
637 374 14 12 0.09130592
185 371 17 13 0.0895322
921 545 18 20 0.08917081
387 386 16 14 0.07606661
531 376 10 8 0.07374637
443 369 9 8 0.07161583
844 365 11 11 0.06889502
117 372 13 11 0.068108365
952 417 18 17 0.068035096
4 393 9 11 0.065485924
924 498 18 19 0.06144868
753 370 11 11 0.060659498
948 371 21 22 0.05995068
104 365 17 15 0.0572491
973 106 16 18 0.05508564
108 387 16 13 0.053813055
855 359 11 10 0.053594682
816 377 9 7 0.048935723
896 408 13 14 0.045104712
899 401 11 13 0.04445492
497 357 12 11 0.04140507
669 372 10 10 0.0409845
359 358 24 23 0.040064584
694 370 12 11 0.03947027
939 635 15 14 0.03859843
919 363 9 9 0.03727776
698 387 12 11 0.03723091
460 366 14 15 0.036892783
990 634 17 17 0.03579573
973 629 30 29 0.03550539
276 383 11 8 0.035362292
712 374 7 6 0.034876823
622 372 12 11 0.0347882
452 355 13 10 0.034682598
1005 346 22 22 0.03445419
743 377 8 7 0.0344237
988 586 25 33 0.03396001
179 330 16 12 0.033836816
36 370 15 14 0.03234652
528 345 16 13 0.03230808
90 368 11 9 0.032210648
402 368 12 12 0.031391315
989 626 22 22 0.031050889
617 171 98 83 0.02823359
1007 368 14 14 0.027177846
290 375 23 21 0.027118737
910 458 16 14 0.025996858
559 358 11 10 0.024637815
371 360 9 8 0.024355926
132 551 14 13 0.0237784
975 108 10 8 0.023391802
485 169 106 86 0.022752058
154 370 12 9 0.022557838
888 365 15 14 0.022435332
530 376 16 15 0.022080256
515 161 122 102 0.021091321
615 361 6 4 0.020071436
