6_Funeral_Funeral_6_987
19
665 300 75 126 0.78804755
348 160 98 157 0.77918386
233 41 53 95 0.72777677
2 69 52 104 0.6938678
224 16 76 148 0.61822134
358 50 30 66 0.53415054
623 236 160 263 0.4536051
309 56 27 52 0.2717472
12 90 31 67 0.19596674
335 105 139 259 0.099037945
328 57 32 48 0.047944352
309 139 103 190 0.041017074
530 6 26 44 0.04071538
835 775 67 127 0.031950433
648 261 113 183 0.03162108
301 88 47 74 0.027397238
280 1229 109 217 0.026787138
172 -82 152 255 0.026118116
419 890 127 232 0.02466443
