6_Funeral_Funeral_6_252
60
30 264 49 85 0.7603042
812 211 49 91 0.71645796
664 137 109 186 0.7027332
175 136 40 75 0.6698436
368 185 92 134 0.66462547
977 273 42 87 0.655532
883 198 50 93 0.65315044
172 247 40 77 0.57123715
745 287 59 90 0.5651743
102 155 39 73 0.48432916
-3 118 51 87 0.48223296
36 127 43 74 0.47105947
227 226 49 76 0.44127846
978 204 37 79 0.4314895
792 181 89 144 0.36900118
507 122 103 162 0.33167768
856 158 98 171 0.32551557
27 128 35 67 0.3160451
69 215 27 48 0.30791152
109 162 23 46 0.2655
918 255 35 66 0.26433066
928 264 35 51 0.26161867
89 181 26 54 0.2603713
958 174 82 134 0.202035
992 216 18 46 0.20050192
13 248 76 128 0.18918443
440 203 67 99 0.17757443
545 182 33 64 0.1623598
895 947 14 27 0.15213509
221 191 34 59 0.14826505
246 244 24 47 0.13596785
150 81 113 190 0.12609388
346 137 160 223 0.108374506
915 241 60 97 0.09715493
-22 79 90 153 0.08839759
944 267 20 40 0.085327365
14 205 34 77 0.07367168
988 200 30 62 0.06909109
439 252 49 77 0.058638964
922 240 35 54 0.05671951
1006 978 15 29 0.04488393
1005 970 13 25 0.042800352
992 961 19 45 0.041405853
898 187 117 181 0.03510993
151 102 83 113 0.034881577
692 188 96 156 0.034092687
2 78 37 84 0.032597195
886 269 18 32 0.031791836
726 169 99 153 0.031519774
565 42 172 311 0.030417351
759 206 51 95 0.030356692
462 172 58 94 0.028302355
913 1191 20 35 0.027403595
1002 562 16 30 0.026183276
950 255 17 27 0.026180018
200 169 61 100 0.02307103
855 214 72 119 0.022211252
35 213 54 94 0.022026107
939 963 8 13 0.021127436
438 382 32 66 0.021087067
