6_Funeral_Funeral_6_733
21
649 144 97 105 0.8038766
829 124 134 162 0.7842036
134 205 80 88 0.76245683
22 277 33 37 0.5438129
214 286 32 40 0.43665642
386 300 18 19 0.33289915
389 304 13 12 0.23481679
330 298 20 25 0.20950694
148 213 49 62 0.13978721
229 294 27 25 0.1252903
597 279 23 22 0.09676773
302 309 14 12 0.09268745
267 303 18 18 0.09032924
215 289 25 20 0.083409145
312 301 18 20 0.079462275
193 281 40 38 0.078954294
31 284 35 40 0.06293192
638 157 69 87 0.03743465
819 160 107 106 0.036476575
665 176 52 66 0.03615866
115 224 54 57 0.028384347
