6_Funeral_Funeral_6_572
33
654 344 25 30 0.74987775
792 287 36 43 0.735922
611 303 31 35 0.73304486
734 315 35 38 0.72988033
416 346 29 35 0.7003881
552 291 39 43 0.69784224
543 350 34 37 0.6593006
164 366 23 29 0.63724464
228 357 26 31 0.6290473
422 350 15 19 0.58708125
286 347 22 28 0.5723359
339 326 25 29 0.5698508
805 303 10 15 0.48551446
355 369 28 33 0.43927607
147 351 58 58 0.43073085
619 308 17 25 0.4147541
503 347 23 23 0.36293808
235 363 18 20 0.28756502
664 351 13 17 0.26334435
292 355 9 14 0.19412348
548 358 26 22 0.18318927
561 298 19 29 0.1583567
349 337 4 8 0.12382545
524 347 26 34 0.11360481
428 356 6 8 0.06790735
364 374 10 18 0.06231206
510 348 9 16 0.042165454
319 341 21 25 0.03466084
343 375 23 26 0.034321927
705 302 100 85 0.03249761
302 348 9 14 0.027833594
512 353 6 11 0.025534675
744 315 20 26 0.020044608
