6_Funeral_Funeral_6_364
20
554 90 43 43 0.7737953
468 129 36 38 0.73681986
167 142 34 37 0.5650085
629 124 27 28 0.35980144
339 554 14 12 0.043651946
635 131 12 14 0.04266234
515 565 17 15 0.039013952
452 581 20 19 0.037042715
139 601 6 6 0.035379417
748 695 12 10 0.034527037
758 694 14 14 0.029664546
363 556 24 19 0.028840948
439 103 95 80 0.026168555
446 554 16 13 0.025531387
691 685 11 11 0.025307793
18 597 16 16 0.024176048
408 554 24 19 0.02302103
526 78 95 84 0.021894354
460 547 22 19 0.020122722
775 697 15 13 0.020094614
