6_Funeral_Funeral_6_109
97
117 215 37 39 0.75302106
193 214 35 39 0.6825566
446 302 33 31 0.6763473
385 316 32 29 0.657691
913 221 25 24 0.6032237
655 294 29 31 0.5925758
583 303 32 31 0.5738403
718 300 21 16 0.5452318
421 244 26 22 0.49256057
304 232 23 26 0.48321074
779 227 19 21 0.476388
248 215 40 40 0.46088195
984 218 19 18 0.4548515
290 194 43 36 0.4293016
694 246 21 19 0.41747853
405 233 38 35 0.39386317
743 250 19 18 0.3800402
555 222 17 16 0.3656107
520 238 15 17 0.3546286
882 241 12 13 0.34996027
261 228 22 21 0.3297328
551 323 28 25 0.3220037
523 234 23 25 0.3162492
463 231 15 13 0.31271636
178 207 65 55 0.31136474
257 230 31 29 0.3084955
309 226 34 37 0.29702613
379 308 43 45 0.29337037
473 222 24 21 0.23968856
587 232 22 24 0.20906396
807 258 13 9 0.19826564
489 221 19 17 0.19500804
222 203 88 68 0.19099225
595 236 26 24 0.18742563
372 208 18 15 0.17868675
335 228 19 15 0.15011828
315 211 24 24 0.14401084
549 326 21 19 0.14001526
409 207 22 18 0.13862704
476 238 20 25 0.13712478
623 222 22 17 0.13480142
555 228 9 6 0.12738186
263 238 11 13 0.12576358
416 212 14 17 0.12265002
718 289 29 38 0.118838124
590 232 19 13 0.11761896
614 227 15 14 0.111558445
366 224 19 16 0.10155372
844 248 7 6 0.09725549
459 309 14 17 0.088147014
366 239 7 10 0.08522593
690 295 24 27 0.08255057
80 140 21 18 0.07771282
351 238 13 11 0.073550165
383 210 20 20 0.07324183
723 302 10 12 0.06439153
919 227 12 14 0.062524125
576 328 23 27 0.057467043
561 241 13 11 0.05630107
490 249 16 14 0.056007512
310 234 11 12 0.05518216
700 372 30 26 0.05190545
572 334 12 14 0.049078688
809 259 18 20 0.047794376
687 231 13 13 0.04528
85 143 11 12 0.043410726
237 222 53 47 0.0431759
892 237 8 8 0.03678221
728 242 37 41 0.036097795
564 283 71 72 0.035591237
835 229 21 20 0.034219474
658 227 14 13 0.03402203
445 238 21 23 0.0339412
235 202 61 50 0.032856416
314 241 6 7 0.032039203
91 210 88 68 0.03157765
715 237 8 6 0.031052232
569 315 39 41 0.027853625
810 262 3 4 0.027658489
826 251 11 13 0.0275459
895 265 14 16 0.027437093
261 197 28 30 0.026593313
591 217 39 40 0.026009321
567 426 88 76 0.025323125
366 210 27 21 0.024392772
628 253 16 16 0.023204265
271 237 19 19 0.022978581
87 137 13 13 0.022862693
406 220 46 35 0.022246463
473 212 31 29 0.021632383
708 249 23 23 0.021406319
972 221 21 18 0.020960875
536 235 4 4 0.02088994
344 272 98 77 0.02059574
885 234 29 29 0.020082982
634 202 53 53 0.020074166
709 272 14 11 0.020015573
