6_Funeral_Funeral_6_676
39
846 45 44 39 0.76721936
724 37 46 38 0.71335316
599 250 75 63 0.7107259
564 145 54 63 0.6926318
670 177 48 44 0.4981048
495 246 44 39 0.4937116
539 218 47 37 0.47040594
553 223 30 25 0.44092917
453 174 27 22 0.24891905
305 258 47 36 0.21162157
341 175 25 21 0.19422111
916 235 49 36 0.18800128
219 177 27 20 0.14504474
651 171 76 62 0.1337833
504 224 45 39 0.113383986
363 176 27 22 0.10243053
224 183 16 14 0.09107448
926 242 29 26 0.08281614
700 163 34 30 0.08158395
567 154 33 43 0.07996356
666 189 44 42 0.07230808
40 174 31 28 0.05422087
352 183 13 11 0.054062672
833 163 58 46 0.05265419
335 123 40 30 0.047333613
627 139 42 36 0.042133268
944 189 28 25 0.040593475
962 525 13 10 0.04005217
598 217 39 39 0.036013465
637 147 23 17 0.03423453
40 167 52 47 0.028689079
935 235 42 41 0.028593387
749 203 44 45 0.02550392
462 183 11 11 0.023257703
457 173 18 15 0.021569775
218 252 28 22 0.021555731
181 152 95 62 0.021071931
176 176 28 22 0.021037705
778 39 38 31 0.02028387
