6_Funeral_Funeral_6_432
21
827 184 119 195 0.7671278
341 136 118 181 0.703716
721 133 83 151 0.59995013
982 212 34 60 0.36554804
978 192 40 104 0.32267413
88 323 21 42 0.16306415
176 319 32 64 0.12263998
170 328 25 46 0.08467012
710 110 119 221 0.08371206
444 301 41 76 0.06810207
839 237 66 131 0.067077234
455 313 26 54 0.052833643
838 242 38 87 0.043468315
865 228 68 112 0.041776724
740 158 57 103 0.036605224
633 142 38 80 0.034408662
392 160 60 134 0.03259648
739 524 110 217 0.025050377
813 317 292 468 0.023094065
288 109 142 237 0.02190515
920 687 118 165 0.021646142
