6_Funeral_Funeral_6_128
33
108 102 45 45 0.77580696
288 108 35 36 0.72749364
634 101 33 38 0.72554183
215 61 33 35 0.7007131
164 67 52 51 0.641254
862 75 46 48 0.583229
751 127 24 22 0.58105206
462 88 42 41 0.5804551
528 83 32 32 0.57912517
454 81 68 54 0.49117827
220 67 20 24 0.46339235
785 73 54 55 0.45410067
848 60 71 70 0.37435913
736 118 49 44 0.28375196
121 113 21 24 0.25572938
623 95 56 49 0.20906368
787 85 26 30 0.098914064
175 82 33 32 0.09783444
894 501 90 84 0.061311185
797 80 24 30 0.05737848
874 277 105 93 0.05070902
799 66 54 50 0.04537036
132 406 153 128 0.04053447
842 225 128 123 0.040491752
723 103 78 55 0.0387107
385 102 28 22 0.037610672
869 145 28 31 0.034806855
873 86 25 26 0.02829222
853 62 37 48 0.02767849
487 428 251 203 0.024637401
558 548 69 59 0.023802642
516 531 106 90 0.022869458
775 396 111 97 0.021473795
