6_Funeral_Funeral_6_292
32
345 180 86 78 0.81675076
794 175 76 71 0.80821335
127 171 90 81 0.79953825
738 23 70 72 0.760714
525 48 74 67 0.7385396
535 184 93 75 0.69905335
160 64 98 89 0.6612325
359 75 67 72 0.6172726
101 153 147 104 0.430786
502 28 116 88 0.24114664
552 198 53 50 0.120566994
130 84 163 106 0.10949934
137 183 49 44 0.08026357
179 85 64 64 0.07751727
356 185 50 63 0.0744233
530 82 65 37 0.06182112
312 74 157 105 0.060666133
165 76 65 48 0.052753955
503 42 83 58 0.04594893
109 184 60 42 0.04341833
636 211 94 61 0.040978145
725 42 95 75 0.040729005
538 194 51 44 0.039773393
510 67 111 64 0.03315709
189 76 72 52 0.031101422
806 190 30 34 0.029169777
763 188 70 50 0.028757293
131 204 77 60 0.028352866
338 202 102 78 0.024425311
168 191 47 46 0.02352871
188 366 153 97 0.021929437
685 77 148 101 0.020496946
