6_Funeral_Funeral_6_1029
42
594 90 104 175 0.7880719
982 96 36 84 0.75042087
840 89 48 93 0.7291387
287 115 90 153 0.72631294
156 163 19 42 0.5767613
84 138 27 55 0.54032916
43 160 31 64 0.48125666
50 180 21 36 0.36504582
2 188 24 52 0.35166186
407 189 47 73 0.31512305
310 137 47 113 0.3127198
392 194 50 88 0.23992705
12 187 18 45 0.23216479
231 194 26 58 0.19869219
431 191 36 68 0.14714989
155 153 27 65 0.11374554
387 243 45 70 0.1050811
625 113 50 119 0.10321194
377 161 38 71 0.08135145
346 137 49 110 0.07298639
228 157 33 61 0.072693676
635 96 89 177 0.055755034
693 210 49 81 0.052740566
596 143 47 96 0.051687554
155 172 10 24 0.047757953
949 81 98 150 0.0465447
239 114 94 154 0.03909057
309 129 134 225 0.030539732
711 587 137 219 0.029669005
962 64 74 117 0.029218698
92 341 91 147 0.028570758
452 628 135 237 0.028232977
81 279 112 179 0.027461935
14 174 7 19 0.026073249
834 30 93 217 0.023971276
898 417 26 47 0.023733359
945 42 65 145 0.021449054
57 194 4 13 0.02042689
634 121 62 126 0.020376224
621 132 31 81 0.020355023
621 19 17 25 0.02030509
10 209 7 16 0.020070313
