6_Funeral_Funeral_6_531
37
31 339 26 21 0.49705756
40 342 23 21 0.4259039
222 328 15 12 0.4102804
82 336 21 16 0.38777307
631 390 40 32 0.2740024
153 322 23 19 0.23789056
164 319 20 15 0.20867632
379 270 16 12 0.19462475
410 265 10 9 0.19126917
121 331 15 10 0.18799151
263 293 16 11 0.16810648
182 315 18 13 0.1532825
192 314 17 12 0.12923874
231 314 13 11 0.124458715
607 376 86 59 0.11817356
340 279 16 11 0.11779365
394 267 12 10 0.1138455
101 331 19 17 0.08516058
316 288 11 9 0.08132765
335 286 8 7 0.077119276
343 282 10 7 0.07308494
47 340 14 15 0.06865894
249 301 17 14 0.0531763
414 257 20 14 0.04690639
305 291 10 7 0.041023925
132 326 24 19 0.04009107
444 252 13 9 0.039508883
900 211 18 13 0.03800411
226 331 13 8 0.034001492
372 86 116 84 0.03252272
316 278 18 13 0.03233338
116 315 25 18 0.026696004
234 293 31 21 0.026292957
324 80 174 116 0.025957521
556 268 10 8 0.025293585
128 322 9 9 0.02491878
85 347 11 8 0.02022492
