6_Funeral_Funeral_6_745
24
549 206 85 141 0.7869786
99 384 110 172 0.7829111
427 166 105 181 0.6599256
756 371 119 166 0.6131177
785 525 107 133 0.5645587
528 463 108 161 0.557524
769 395 64 105 0.16585617
411 173 85 142 0.100382894
121 449 45 77 0.096231386
789 545 63 99 0.07288746
537 393 138 243 0.0542585
773 477 147 208 0.048857436
482 199 69 120 0.047016244
375 184 64 113 0.04344854
834 550 55 87 0.027051607
575 195 101 169 0.026839506
580 505 48 97 0.026259456
627 992 115 179 0.025523303
513 185 97 159 0.025470931
564 538 35 65 0.024689404
138 408 96 160 0.023936972
671 1070 57 107 0.02260276
734 510 128 173 0.022255855
462 145 105 201 0.022168392
