6_Funeral_Funeral_6_140
29
491 216 74 65 0.6584438
79 94 71 77 0.59236556
866 41 47 37 0.47649777
866 201 32 30 0.40316492
635 195 81 80 0.38765988
242 121 35 35 0.30610633
55 68 121 121 0.26783907
853 0 23 17 0.19071446
766 11 27 23 0.18428601
678 -2 25 17 0.16376095
821 46 29 27 0.13810848
235 126 40 45 0.066142775
654 224 62 53 0.05152651
298 552 27 22 0.048051085
337 497 17 17 0.03582093
827 137 30 26 0.032501366
788 513 16 14 0.030616889
185 188 37 41 0.02741029
234 -5 98 98 0.026786178
123 203 99 92 0.025476748
636 604 19 18 0.024917593
752 37 37 37 0.024226394
407 642 30 29 0.023445135
821 88 35 31 0.023316111
716 254 62 56 0.021941265
849 196 43 40 0.021519614
595 61 35 34 0.02075802
735 603 18 17 0.020430597
442 614 90 66 0.02006258
