26_Soldier_Drilling_Soldiers_Drilling_26_262
129
753 323 31 35 0.74178123
616 316 25 29 0.6840329
690 273 27 31 0.54659957
961 234 28 30 0.51034445
275 293 24 25 0.4835257
1005 275 14 16 0.47616962
163 266 29 29 0.46762016
959 294 23 25 0.44471657
851 295 22 22 0.4311887
401 193 20 19 0.42322075
476 316 17 20 0.4011915
762 251 22 21 0.35997596
528 267 29 31 0.34469688
925 285 23 26 0.33921835
441 268 34 34 0.32964692
129 269 16 18 0.3210204
201 247 24 25 0.28098223
697 281 18 16 0.2775769
117 265 25 28 0.2770924
780 275 25 21 0.27459893
972 240 11 18 0.2554541
169 209 14 15 0.24930243
364 510 35 37 0.23008479
526 220 14 15 0.22911777
403 195 14 12 0.22547986
345 260 16 18 0.22329074
71 261 18 18 0.2228712
148 247 26 24 0.21772812
631 282 14 16 0.21183619
350 499 57 56 0.20700665
301 270 17 16 0.20595592
168 204 22 22 0.18601042
769 259 8 8 0.18219537
923 294 15 18 0.18065575
37 277 19 18 0.17626396
146 77 14 17 0.175552
106 217 38 33 0.17412817
305 208 16 16 0.17400539
383 276 21 21 0.17299674
4 262 14 14 0.16151477
596 224 17 15 0.15452994
256 283 26 30 0.15155262
877 299 36 36 0.1493005
330 266 26 25 0.14818154
593 281 10 10 0.14601515
530 222 8 6 0.14212488
445 223 8 9 0.14172812
91 217 11 11 0.1320357
455 285 34 37 0.12792072
260 218 11 13 0.12745969
226 265 19 23 0.12575506
25 272 15 19 0.12174434
899 286 29 31 0.12116394
180 270 16 21 0.119769104
287 292 19 26 0.11842006
223 234 10 8 0.11735419
863 256 14 13 0.11493503
986 282 19 24 0.111853346
60 261 14 14 0.11182892
730 290 13 13 0.11043323
375 282 20 18 0.10532583
311 213 7 8 0.10525624
48 219 16 15 0.10212617
309 270 18 20 0.10144829
843 248 21 21 0.09967386
814 292 10 12 0.09171966
889 280 23 27 0.09142152
377 222 7 8 0.091218516
12 271 10 12 0.089450486
22 598 44 52 0.08571541
223 204 17 19 0.084104925
283 301 9 11 0.08357091
810 299 6 8 0.081641495
483 249 10 10 0.08083961
222 210 7 8 0.07272531
87 205 18 17 0.068483815
681 227 11 11 0.067659356
340 226 10 7 0.06599311
558 277 14 15 0.064777404
891 250 21 22 0.060111135
488 230 8 7 0.059389416
625 325 10 13 0.056418315
375 293 16 19 0.05597598
761 279 18 23 0.05444437
835 290 19 23 0.05264017
171 217 9 9 0.05132413
651 239 7 6 0.05077422
38 206 15 16 0.049046252
680 227 5 4 0.046047762
605 229 18 19 0.04604339
406 233 4 4 0.045397285
64 253 29 36 0.043885905
481 322 8 8 0.0433163
643 288 9 11 0.042992175
925 250 25 27 0.04271971
417 271 8 10 0.041192964
448 261 12 13 0.039707027
536 271 15 20 0.037578452
120 257 10 9 0.037307497
93 213 7 8 0.036528725
169 239 21 21 0.035796184
315 262 9 11 0.033840053
752 256 8 9 0.03319093
387 223 14 16 0.032993153
875 257 10 13 0.032452155
1011 278 5 7 0.031740725
425 265 5 8 0.030084884
20 608 27 35 0.029853303
848 285 6 6 0.029708039
785 303 15 16 0.028706998
524 256 10 11 0.028607953
40 237 80 78 0.028162254
286 595 58 76 0.027073497
624 321 12 13 0.02669256
609 278 20 25 0.026493879
78 272 11 11 0.025852103
272 279 13 14 0.025565322
227 257 10 11 0.023780694
822 252 13 14 0.0237579
35 247 15 20 0.023587167
444 287 42 53 0.02353804
46 213 6 6 0.021853002
237 227 9 14 0.021772709
703 226 16 16 0.021237433
163 253 43 58 0.021159202
529 209 14 17 0.020383764
971 291 6 11 0.020373749
457 541 19 22 0.02011923
766 334 7 14 0.0201079
