26_Soldier_Drilling_Soldiers_Drilling_26_223
62
906 111 49 44 0.766236
610 101 33 27 0.72628653
276 117 25 27 0.62566966
199 126 26 20 0.5717297
719 109 34 30 0.5344176
508 78 46 36 0.5202212
514 90 29 26 0.5059102
385 114 29 27 0.5028246
18 130 25 22 0.47143534
161 144 21 18 0.45531535
389 109 38 35 0.42479625
122 153 26 22 0.39589107
465 107 24 19 0.35934567
130 157 15 14 0.31965128
407 100 26 20 0.3049441
457 114 28 24 0.28100792
513 104 30 23 0.27099186
80 129 27 21 0.25944957
618 105 19 20 0.22306266
216 240 27 23 0.20842916
379 119 25 20 0.18574363
462 111 17 12 0.16016854
452 236 25 20 0.15697446
130 155 13 10 0.1514349
96 138 26 20 0.14870404
128 244 19 17 0.14283517
624 173 26 22 0.14118491
667 144 22 20 0.13260219
472 105 21 17 0.12129153
309 244 21 21 0.11736592
183 134 22 19 0.10904097
18 134 16 13 0.10474175
483 55 102 82 0.1010323
687 139 24 20 0.10070873
41 243 16 15 0.095295765
407 87 28 23 0.091288365
707 115 39 30 0.08318929
713 136 21 20 0.07242034
552 129 16 16 0.06329715
282 122 28 24 0.060358174
337 231 23 20 0.058697388
285 122 18 18 0.048443593
610 152 67 53 0.04771989
374 106 32 23 0.045980293
317 241 20 17 0.045629047
87 134 26 22 0.04369421
882 98 93 73 0.04276582
193 221 72 59 0.0422382
522 118 14 13 0.03702729
395 89 44 34 0.03631178
575 143 7 6 0.03584188
919 114 30 33 0.03425897
577 241 26 25 0.031106105
457 235 19 14 0.029551506
58 130 18 15 0.028167095
593 132 17 18 0.028021654
52 124 59 44 0.025827283
271 130 34 28 0.024642972
660 157 18 17 0.024295753
710 101 36 33 0.021427574
190 114 45 33 0.020892166
155 217 106 84 0.020734748
