26_Soldier_Drilling_Soldiers_Drilling_26_204
38
443 145 28 17 0.5017774
434 200 31 20 0.38794997
594 120 19 12 0.14698203
1001 124 16 11 0.14582695
370 265 30 22 0.13088414
998 186 15 10 0.10651513
924 112 16 9 0.10264661
580 87 18 11 0.06449288
830 128 22 13 0.06400734
631 166 28 18 0.06320465
994 123 15 13 0.06156887
905 122 12 8 0.05651381
495 109 17 10 0.055033065
461 140 23 14 0.0541005
845 322 39 29 0.051833816
241 68 13 8 0.047039803
860 301 20 15 0.046729878
973 112 15 9 0.044790886
880 356 34 27 0.044617146
907 412 28 12 0.044473235
476 140 12 7 0.04372259
516 62 14 8 0.03833908
580 81 20 12 0.037715096
1005 146 20 14 0.03560606
985 187 18 12 0.028681898
922 120 9 6 0.0279026
902 182 13 9 0.02788979
630 164 44 26 0.02771598
838 288 65 40 0.027237337
886 275 23 15 0.026464583
655 7 45 29 0.025822233
744 104 26 16 0.025396066
581 88 26 14 0.02286605
974 124 12 7 0.022522287
1010 139 12 9 0.02220946
184 75 22 11 0.022047807
187 78 21 14 0.020772085
823 140 12 6 0.020613266
