26_Soldier_Drilling_Soldiers_Drilling_26_149
23
224 220 107 110 0.81760216
758 251 99 100 0.75640994
455 193 117 121 0.5782795
252 233 55 64 0.1619073
471 219 73 79 0.13913105
782 285 42 44 0.12546977
515 228 32 41 0.065295294
590 324 45 39 0.059052113
801 272 46 52 0.054293454
257 240 31 49 0.04911777
273 247 41 50 0.04555636
63 551 119 92 0.040682938
235 247 71 72 0.038521625
784 260 36 60 0.03746661
238 239 31 50 0.03316025
473 223 37 53 0.032052223
-4 470 37 49 0.029140428
769 288 64 60 0.028371843
813 258 68 79 0.025035296
416 194 101 89 0.022041498
557 295 110 101 0.021512862
212 579 107 93 0.021315975
386 418 234 174 0.020279776
