26_Soldier_Drilling_Soldiers_Drilling_26_934
40
140 390 84 94 0.81575394
484 66 85 115 0.77347916
677 204 76 95 0.74644387
968 202 52 73 0.745471
802 556 92 122 0.7043101
75 172 32 43 0.6769033
151 132 39 53 0.56441945
726 168 75 84 0.48890632
457 42 137 167 0.40151346
510 89 42 74 0.14273407
111 91 123 136 0.12688601
983 220 24 38 0.08555516
886 685 82 101 0.08440486
85 179 15 30 0.06872243
689 235 43 46 0.06368919
586 168 35 40 0.056185123
156 151 33 40 0.054485884
-3 171 21 44 0.05084811
55 311 199 206 0.046711378
499 106 24 44 0.046606455
508 107 60 75 0.04372225
742 856 71 91 0.04243836
-1 185 14 23 0.042115957
636 177 168 192 0.042103246
989 224 16 22 0.039489407
854 467 135 164 0.034673907
707 219 57 83 0.032981098
108 359 104 147 0.030800004
182 396 41 76 0.028341467
145 111 59 74 0.027391266
724 864 39 46 0.026611228
745 675 104 121 0.02522702
589 302 158 156 0.024087157
573 153 43 58 0.023740768
853 730 139 144 0.02295882
165 138 39 45 0.022088185
245 639 43 57 0.021970069
820 532 127 171 0.021278953
803 288 108 149 0.020839507
490 111 40 57 0.020225385
