26_Soldier_Drilling_Soldiers_Drilling_26_719
18
451 215 46 34 0.603562
820 231 27 20 0.32083368
812 244 24 18 0.2513409
367 244 32 28 0.20841792
467 222 21 21 0.20712356
368 11 161 113 0.111685134
761 299 26 22 0.06829785
678 206 24 21 0.058727942
597 67 109 79 0.04733353
434 200 74 63 0.04164934
677 191 23 18 0.03820452
658 173 55 50 0.032741826
584 40 162 116 0.030572562
273 422 97 70 0.02515984
420 30 86 74 0.023385314
369 241 45 39 0.023365814
135 460 118 79 0.021758886
369 223 43 30 0.020602152
