26_Soldier_Drilling_Soldiers_Drilling_26_529
21
747 317 47 48 0.7624305
175 235 43 48 0.7584211
438 169 45 47 0.7523228
362 127 47 54 0.7506884
530 129 46 46 0.74944794
470 332 50 56 0.7449222
428 160 68 70 0.32446843
522 118 63 72 0.20349683
186 249 23 26 0.10804138
365 137 34 35 0.06684535
547 140 9 19 0.041183203
845 448 75 82 0.036399823
627 179 35 37 0.03636236
873 452 16 19 0.02757798
-18 635 92 89 0.026409635
494 127 130 115 0.026278472
997 200 8 8 0.025232162
934 202 8 7 0.024028704
78 235 12 13 0.022975434
85 472 22 24 0.022683552
988 201 8 9 0.020151043
