26_Soldier_Drilling_Soldiers_Drilling_26_750
22
311 282 53 59 0.72429
457 247 97 111 0.6957238
0 202 116 210 0.51582164
758 160 110 153 0.48669925
34 224 108 169 0.10956044
167 275 308 266 0.07563666
866 589 148 122 0.054120526
400 238 135 129 0.035499327
679 502 92 83 0.034231074
825 696 46 44 0.033410955
773 509 45 46 0.030673556
276 260 95 88 0.02867037
151 318 17 24 0.028124826
505 599 67 74 0.027829034
-28 227 110 122 0.027805217
345 186 241 204 0.027694039
365 325 167 165 0.024957381
466 586 107 103 0.022528276
795 537 183 172 0.022126233
768 675 94 86 0.021320201
44 68 68 64 0.021184925
763 177 67 111 0.020308157
