26_Soldier_Drilling_Soldiers_Drilling_26_689
18
623 207 36 32 0.74509144
242 119 81 77 0.5596959
327 148 118 114 0.54874945
-1 357 37 38 0.07804349
247 107 115 101 0.07441613
631 212 23 23 0.07362239
342 184 83 101 0.062418114
65 304 37 35 0.0472178
354 176 108 79 0.04667081
96 537 117 73 0.04564923
79 295 23 30 0.04194521
224 111 105 126 0.03108234
355 142 112 87 0.02809823
197 126 98 70 0.025781503
4 466 103 100 0.025084466
247 153 178 126 0.024868667
52 507 169 115 0.021796934
412 199 39 34 0.021765426
