26_Soldier_Drilling_Soldiers_Drilling_26_64
19
449 176 63 66 0.7781741
659 168 54 60 0.7220011
588 191 25 31 0.64259714
49 159 54 57 0.5213339
673 176 28 44 0.5173865
256 181 23 21 0.16260079
673 359 23 29 0.13686931
401 424 61 58 0.09037279
749 194 20 21 0.081211016
460 398 53 55 0.05794307
747 192 15 18 0.054478843
353 404 38 38 0.045549143
343 184 19 20 0.043731313
827 195 14 16 0.0414548
637 161 99 91 0.030156747
591 194 17 18 0.028253835
101 564 403 337 0.025776433
671 570 173 191 0.023234218
716 171 57 55 0.020975353
