26_Soldier_Drilling_Soldiers_Drilling_26_606
19
218 81 127 158 0.8467114
636 104 140 186 0.83270246
234 113 126 91 0.15087816
181 146 201 116 0.09981347
130 100 305 171 0.08975488
622 205 160 88 0.08280524
665 163 81 117 0.07914046
649 145 142 102 0.06971878
245 130 70 107 0.056998026
177 115 68 57 0.050852735
556 148 297 168 0.046170898
203 120 95 79 0.03849416
306 111 92 81 0.028895075
255 142 83 71 0.026617236
590 127 157 120 0.026496494
6 28 114 82 0.02264432
464 211 192 137 0.020905996
267 91 134 122 0.020896578
684 130 184 131 0.020603681
