26_Soldier_Drilling_Soldiers_Drilling_26_619
26
454 217 42 32 0.6991467
812 247 23 20 0.621001
370 246 32 26 0.50901353
757 303 29 21 0.49834946
674 315 24 19 0.3794478
693 247 20 15 0.24381986
428 202 85 62 0.17371711
192 159 22 17 0.059917465
698 250 12 10 0.053381365
677 191 24 18 0.05268117
117 252 16 12 0.04787291
73 243 18 16 0.047871284
677 207 21 17 0.046038184
204 146 16 14 0.04342921
367 285 18 15 0.04096965
659 174 53 46 0.039185233
853 342 24 20 0.033449434
213 153 17 15 0.032866158
399 29 101 74 0.032308936
218 156 9 8 0.031673
760 326 31 26 0.027199887
94 249 14 11 0.023801873
893 346 17 14 0.023495628
206 155 10 8 0.022429664
384 224 38 25 0.02035009
610 60 112 77 0.020329395
