7_Cheering_Cheering_7_60
23
591 20 86 118 0.8081549
256 155 89 104 0.7827627
697 152 96 111 0.7797092
435 163 81 94 0.71580195
452 193 41 49 0.13491628
697 175 62 69 0.10518726
177 133 245 197 0.10424714
716 186 58 64 0.09821842
283 172 58 70 0.07955571
622 44 38 63 0.066019475
602 49 36 53 0.06186165
943 138 24 33 0.04376773
484 171 70 75 0.03875795
265 164 48 70 0.03674604
511 292 131 129 0.036673002
430 177 49 65 0.036099933
738 84 155 141 0.035747375
742 437 173 177 0.03137919
793 111 68 70 0.030055141
206 134 124 125 0.025619728
518 530 118 111 0.025370799
380 161 98 95 0.025221158
944 98 24 27 0.024710868
