7_Cheering_Cheering_7_530
34
3 109 28 17 0.70854974
288 160 32 18 0.5753566
139 144 20 10 0.29142183
71 139 21 13 0.1897362
359 181 21 12 0.18469091
538 193 24 11 0.18398246
673 187 25 12 0.18125029
51 137 33 18 0.1759568
152 165 18 10 0.13923244
83 139 18 10 0.124855414
258 180 12 7 0.12437187
79 134 19 9 0.11414861
134 145 18 8 0.1130092
370 33 72 49 0.111446165
548 192 22 13 0.10812077
220 188 6 3 0.08469031
950 215 19 12 0.0793291
697 150 34 17 0.07823487
211 89 32 16 0.068038575
348 179 26 15 0.060497288
22 155 26 15 0.060227204
346 183 20 12 0.049788766
723 152 32 18 0.04948012
57 143 22 10 0.047228266
939 207 41 27 0.04521634
109 164 17 8 0.03807483
252 171 25 12 0.033932216
606 123 41 24 0.03282928
200 86 23 11 0.031821325
735 0 30 14 0.03077568
222 190 12 6 0.03005281
232 185 10 6 0.028451977
679 185 19 10 0.027678324
8 105 19 14 0.021977128
