7_Cheering_Cheering_7_134
45
715 260 91 101 0.7735173
216 213 140 173 0.7238555
5 36 73 142 0.6887387
444 239 123 126 0.6684379
475 141 86 88 0.47477844
485 263 90 97 0.4032529
419 124 53 64 0.240666
478 250 75 78 0.22545925
794 428 39 42 0.2126652
147 62 88 121 0.20168711
494 166 70 83 0.19694917
516 284 95 95 0.13310589
455 145 63 60 0.117439955
-37 37 133 112 0.08024337
755 264 67 75 0.079454504
288 141 39 37 0.07858137
31 75 62 56 0.0680036
913 462 30 26 0.06495918
-33 102 127 95 0.06367278
930 471 12 14 0.057514116
418 130 30 27 0.056782022
399 128 50 57 0.054540645
297 146 17 19 0.0545082
393 212 151 153 0.047468197
405 118 45 47 0.04342644
183 90 84 74 0.04058751
775 429 48 46 0.040316556
504 379 42 41 0.037350927
437 230 97 95 0.036154322
112 41 161 150 0.034956727
451 129 101 75 0.031806834
150 108 81 98 0.031169314
255 225 120 126 0.029617297
711 237 130 106 0.025188489
952 328 19 17 0.025071733
511 233 62 93 0.024247043
181 137 59 52 0.023595158
198 93 51 46 0.023509465
147 53 73 77 0.022206053
126 67 87 80 0.022002228
534 315 49 44 0.02130795
433 110 143 113 0.02063931
54 80 62 66 0.020403713
558 345 64 60 0.02032771
370 113 35 34 0.020134892
