7_Cheering_Cheering_7_413
64
728 458 93 93 0.8275025
607 366 51 53 0.7459978
842 376 42 48 0.7449371
485 435 64 75 0.7220351
538 347 37 39 0.6899128
926 381 61 71 0.681361
745 383 53 54 0.6579801
335 416 52 56 0.6014481
153 382 49 56 0.56960535
43 384 27 33 0.56840473
69 331 23 25 0.5571732
426 359 36 39 0.52754587
166 336 23 25 0.48480904
378 336 28 29 0.47694415
37 377 45 47 0.46309865
727 356 37 43 0.4434828
273 350 27 25 0.42499736
346 278 24 25 0.36295754
990 379 38 36 0.36255184
25 368 71 70 0.3480172
849 387 25 29 0.3089825
326 351 16 20 0.2962952
324 344 23 24 0.28683972
41 339 15 13 0.26663312
967 377 47 58 0.24766105
259 340 20 22 0.24412373
498 387 35 39 0.17797375
206 334 13 14 0.16631669
184 334 20 24 0.1605808
436 371 14 22 0.15785007
-2 457 17 26 0.15510105
253 333 17 20 0.13184701
466 418 102 111 0.12590954
24 338 16 20 0.1168239
6 343 16 14 0.111624345
351 344 11 11 0.106184795
452 375 38 36 0.089197665
329 401 46 50 0.08014049
723 343 59 72 0.07439294
735 367 23 23 0.06887222
246 337 13 14 0.06687415
741 375 36 36 0.06469996
-6 337 105 108 0.062092263
711 404 160 169 0.059683196
172 344 8 12 0.059125602
308 352 20 18 0.05249342
488 391 25 22 0.04653133
922 398 40 50 0.042737108
274 342 25 23 0.03976808
219 432 33 33 0.036222734
952 391 32 29 0.033588197
915 359 116 118 0.033388022
678 79 23 21 0.031775877
742 399 38 36 0.02912682
169 331 34 41 0.029010441
397 373 53 58 0.026190646
663 574 26 33 0.024177514
484 389 45 52 0.023481453
438 482 37 37 0.021784697
48 357 17 19 0.0216855
16 353 9 12 0.021361664
700 468 90 90 0.021308394
678 391 31 31 0.021195563
197 492 100 95 0.02047244
