7_Cheering_Cheering_7_171
203
552 291 22 23 0.5624653
329 314 24 22 0.50242436
149 207 23 23 0.4774283
382 253 23 20 0.45478582
288 265 26 26 0.44976017
348 274 17 18 0.43939677
434 285 22 22 0.4134848
422 310 19 21 0.3996332
448 220 26 26 0.3829515
99 66 20 19 0.33331856
3 16 9 8 0.3301163
149 118 15 15 0.32813925
17 391 31 29 0.3187397
303 219 22 20 0.31493878
112 7 18 15 0.31379655
384 316 24 21 0.29042542
134 176 14 14 0.28935042
170 417 22 19 0.25392967
596 265 23 20 0.25390226
620 301 16 15 0.2450617
20 390 21 22 0.24254397
748 249 24 21 0.24201006
897 363 19 18 0.23036678
286 347 20 24 0.2243705
891 366 20 17 0.2219661
991 142 27 31 0.22183934
846 315 24 21 0.2209427
376 408 27 28 0.21909952
49 19 20 18 0.21754968
851 323 17 19 0.21380347
934 220 13 11 0.20831002
274 93 16 17 0.20476623
149 113 15 14 0.2014753
513 266 11 12 0.19487113
54 84 17 16 0.19226459
874 291 25 22 0.1861922
50 56 26 22 0.18301065
343 221 14 13 0.17934167
620 302 22 22 0.17577355
16 81 14 15 0.17133619
97 167 13 15 0.16868113
875 170 16 17 0.16584001
957 277 12 12 0.16567409
630 314 29 26 0.1642229
274 95 12 11 0.16361961
498 241 16 14 0.1626925
150 143 24 26 0.16200261
988 376 9 10 0.1603404
547 100 21 17 0.15934539
79 425 15 15 0.15452409
406 311 22 21 0.15111315
904 253 17 15 0.14884989
291 351 14 16 0.14694275
170 428 11 11 0.14469661
152 92 19 20 0.14067551
750 309 21 20 0.13668086
339 245 15 15 0.13624896
415 157 17 17 0.13382567
476 181 12 10 0.13305487
410 146 23 16 0.13287668
159 209 13 16 0.13216789
199 35 12 13 0.1297139
85 94 20 18 0.12567559
349 100 12 12 0.12340991
317 249 14 12 0.120277405
717 311 20 18 0.11974442
238 78 13 15 0.114409536
904 329 9 9 0.11392711
752 252 13 15 0.113765635
635 204 16 13 0.11243433
704 236 11 9 0.1123338
152 148 14 15 0.10952271
749 318 16 13 0.108502544
958 370 6 5 0.10840678
491 243 22 22 0.10698138
950 327 20 17 0.10689439
93 418 20 20 0.10681777
560 58 15 13 0.10525308
1004 273 7 6 0.10349309
416 108 11 11 0.10251927
367 17 6 4 0.10146639
877 176 7 8 0.10018973
93 108 14 15 0.09985392
516 110 11 7 0.09966704
33 158 15 16 0.09827993
850 152 18 16 0.09471292
417 286 27 24 0.09379205
405 110 14 16 0.09350309
553 267 8 10 0.09319082
886 227 10 11 0.09201749
689 249 14 14 0.08859318
318 216 21 20 0.088246696
533 168 19 16 0.08710153
169 297 30 29 0.08633555
424 65 8 7 0.08458165
527 261 18 17 0.08381817
273 365 26 26 0.08363427
265 196 24 25 0.08101354
972 306 19 18 0.08047387
701 303 22 24 0.07863513
600 247 11 9 0.07709875
626 230 14 10 0.076922975
328 85 11 11 0.075245984
814 364 19 20 0.07493307
700 251 10 11 0.07213226
296 272 11 11 0.07181087
858 213 16 17 0.07016654
127 148 12 13 0.06941983
415 65 13 13 0.067318045
899 256 8 6 0.067302175
296 24 8 8 0.0671459
912 251 19 15 0.066979334
260 175 26 28 0.06359063
601 225 7 6 0.063092306
461 106 12 8 0.06290639
376 334 25 23 0.06261823
120 416 16 16 0.06227154
114 164 17 20 0.061988167
419 188 10 9 0.057016134
333 10 4 2 0.056199018
241 20 14 10 0.05496484
443 148 5 5 0.05372321
168 31 8 9 0.05351121
734 85 14 12 0.053393785
807 366 17 18 0.05318737
602 255 19 16 0.052547272
537 178 9 6 0.05146435
597 305 11 8 0.0513229
47 100 17 18 0.05081635
521 72 7 7 0.0506713
891 310 22 17 0.050000485
703 198 9 8 0.04988447
517 35 12 10 0.048335016
387 129 10 9 0.048285853
466 218 18 17 0.04799554
670 198 6 5 0.046433702
504 166 5 4 0.045910884
248 74 16 15 0.04574487
186 4 13 10 0.045660317
401 197 11 11 0.045597345
40 170 6 7 0.045030806
97 125 7 7 0.044961456
564 133 11 10 0.044633135
465 111 21 18 0.04434162
628 80 8 8 0.04423856
487 131 14 11 0.04421265
670 61 10 9 0.043686222
466 138 6 4 0.043570712
850 294 22 18 0.043230604
336 99 12 14 0.042222254
311 87 4 3 0.042147394
273 80 8 9 0.041492276
496 222 9 10 0.040824078
911 216 17 17 0.04069702
58 150 13 12 0.039042898
120 201 22 25 0.037930943
972 366 13 14 0.036682226
443 81 20 13 0.036586415
377 34 11 7 0.03533304
313 71 14 13 0.034767695
391 256 11 13 0.034355216
864 195 15 14 0.034279894
754 350 23 22 0.03235631
334 62 7 6 0.032203484
89 157 5 5 0.032136433
256 312 18 19 0.03187261
17 267 94 66 0.031497598
407 295 49 37 0.031067465
462 65 23 18 0.03091414
301 9 7 5 0.030633911
938 275 13 11 0.030519467
421 18 9 6 0.030028902
863 230 8 8 0.029918885
753 258 14 13 0.029858032
248 32 7 5 0.029305048
291 49 10 9 0.029102342
975 305 9 6 0.028802294
26 16 13 14 0.028373806
920 367 4 4 0.028333329
317 258 23 22 0.02759004
153 9 7 5 0.02719947
428 316 8 10 0.026983455
562 223 5 4 0.026527021
266 308 24 24 0.025758212
546 213 14 13 0.025631119
730 80 22 19 0.025536988
1010 356 5 7 0.025460815
733 200 4 5 0.025374856
997 554 7 7 0.025272708
483 35 12 8 0.0247568
567 258 4 3 0.02458206
921 223 34 25 0.023910776
437 284 11 13 0.022692299
180 299 17 15 0.022646574
476 29 11 10 0.022019785
313 97 5 6 0.021953858
114 129 6 6 0.021617915
851 175 10 8 0.021584809
674 186 23 25 0.02153774
265 393 15 17 0.020766867
670 69 15 13 0.020739196
98 163 15 10 0.020180242
813 161 8 6 0.020097429
