7_Cheering_Cheering_7_209
23
706 158 77 92 0.8193411
379 240 85 104 0.8190858
190 205 93 94 0.8045836
578 273 81 89 0.7284159
559 249 118 136 0.40735754
674 140 143 134 0.3407415
210 232 48 52 0.24455245
596 303 42 42 0.13709958
388 269 61 63 0.13654777
699 176 60 64 0.08573376
481 269 34 57 0.06771333
543 281 70 73 0.042374793
172 316 32 31 0.04018608
204 224 28 55 0.0372703
370 258 57 64 0.035215158
520 287 147 138 0.03286884
366 409 46 57 0.030584915
557 332 254 237 0.030220415
589 414 159 153 0.0288127
405 299 26 25 0.026169658
588 299 27 37 0.025135258
400 272 130 112 0.024596784
324 328 31 37 0.022573195
