7_Cheering_Cheering_7_386
70
210 549 44 49 0.72445774
761 436 35 38 0.60609514
659 438 35 40 0.5133645
759 291 42 39 0.50614357
72 535 36 41 0.4245808
966 489 39 57 0.35987237
809 529 38 48 0.3467175
962 334 31 36 0.31969985
292 429 35 33 0.29255736
199 539 69 65 0.24225661
32 540 46 49 0.23556001
719 248 120 124 0.23042081
796 494 44 62 0.22802402
218 454 31 35 0.19033298
982 493 40 69 0.18033431
873 344 24 25 0.1701946
533 473 167 178 0.15249385
951 488 45 45 0.14357542
65 504 36 48 0.1354696
146 352 31 33 0.12994851
770 345 22 26 0.119913876
974 477 62 70 0.115294114
876 350 14 17 0.10654499
555 456 104 126 0.093966
299 404 19 20 0.0916957
236 382 11 11 0.07093762
60 388 46 57 0.060478367
69 380 49 50 0.054221213
830 412 26 25 0.053452563
598 457 40 44 0.04543546
586 362 22 22 0.04495947
306 398 20 18 0.04143058
540 443 44 48 0.040475596
976 343 40 36 0.040335137
682 344 25 25 0.039559774
246 380 109 99 0.03920301
27 370 104 94 0.03868265
582 367 20 19 0.03842988
679 398 24 27 0.038154446
216 560 32 31 0.03737174
965 506 52 103 0.036918756
182 506 98 100 0.03501872
244 383 13 13 0.03467122
119 486 185 190 0.033278566
388 392 15 13 0.032870933
304 525 89 105 0.03270389
36 381 59 68 0.03216411
458 364 53 56 0.030268732
733 393 31 36 0.030160861
14 499 46 56 0.029835736
514 514 107 124 0.029705875
30 384 31 43 0.029545702
284 588 111 85 0.02933929
261 461 181 200 0.0279391
39 480 79 89 0.026620455
896 402 19 19 0.0260874
268 381 12 12 0.025800249
818 413 33 35 0.02528948
933 484 84 87 0.0239877
3 512 115 108 0.02329276
379 390 35 33 0.022690613
247 365 21 20 0.022254841
973 399 20 24 0.021846961
200 505 130 125 0.02183056
17 472 130 137 0.021684147
278 389 43 51 0.021632226
230 306 20 24 0.021518938
473 336 61 57 0.02065771
999 295 20 28 0.020656375
496 408 123 128 0.020071639
