7_Cheering_Cheering_7_313
40
156 128 57 53 0.73397315
225 149 51 46 0.7297581
737 138 53 50 0.7267804
22 112 44 44 0.71370476
941 179 61 73 0.6336031
339 164 44 43 0.5984688
653 153 41 41 0.57467455
235 160 33 30 0.47729954
969 148 49 53 0.4613071
850 1 28 21 0.36653668
611 174 31 25 0.24996775
336 153 65 66 0.24945489
944 151 75 67 0.16025488
869 5 23 21 0.14920892
978 162 27 37 0.14571428
170 133 32 40 0.13127433
320 -3 28 21 0.10556688
104 116 32 32 0.09492832
198 0 9 8 0.07663504
336 301 48 38 0.074218415
618 178 14 17 0.07009426
191 -3 18 13 0.061879408
102 156 38 38 0.059672642
29 0 28 19 0.054763436
111 121 19 21 0.047548223
594 220 95 113 0.045443825
464 252 54 50 0.0427034
580 436 37 36 0.040591497
985 142 37 37 0.032362718
958 196 27 36 0.030654166
21 134 33 41 0.029802801
30 251 23 25 0.027559804
643 249 47 52 0.02680417
672 104 142 119 0.02560139
873 110 26 27 0.022882376
906 177 44 49 0.02110816
854 434 100 85 0.020805407
138 114 51 51 0.020700581
190 139 85 75 0.020561295
922 185 24 38 0.020522282
