7_Cheering_Cheering_7_29
185
801 368 25 17 0.48503104
612 176 24 17 0.45209295
618 178 13 13 0.41622162
438 168 27 19 0.39736632
242 43 18 13 0.3946919
893 350 21 16 0.38703838
184 269 32 20 0.38245845
973 337 16 11 0.32382843
18 153 17 13 0.28361636
399 324 27 19 0.28117293
728 165 13 13 0.26635516
157 272 12 10 0.25486246
703 293 28 20 0.24604543
764 329 22 15 0.24475941
880 215 30 20 0.2369929
955 297 23 18 0.22122411
603 237 20 15 0.2193938
266 107 19 12 0.21327354
983 337 16 12 0.18687911
828 340 20 13 0.1773895
691 271 30 21 0.17628928
814 100 14 11 0.17249766
837 315 19 15 0.16497114
605 242 13 10 0.16161132
396 293 25 18 0.15809566
656 471 10 8 0.15800297
401 198 30 20 0.15515833
806 278 14 11 0.1522921
343 132 16 12 0.14513312
511 277 18 13 0.14341395
370 302 8 6 0.13989371
606 82 12 10 0.13818002
901 92 16 11 0.13631651
702 315 20 17 0.12999599
676 278 18 14 0.12965727
397 330 17 12 0.12161458
700 304 20 16 0.11864353
891 219 18 12 0.11858284
325 58 18 15 0.11394272
475 309 22 14 0.11346516
162 148 19 13 0.113300495
346 340 18 15 0.112687364
483 185 20 15 0.11039753
1001 335 18 13 0.10997561
378 202 17 13 0.106026866
249 294 14 11 0.10589559
995 189 19 14 0.10497987
367 267 16 12 0.103647314
961 203 19 14 0.09748962
588 126 11 9 0.096396856
482 201 24 18 0.09559079
807 282 10 7 0.094475806
528 143 13 9 0.09263879
764 273 18 11 0.092079
309 88 10 8 0.091529116
92 295 18 12 0.09067315
669 78 12 8 0.08871411
352 344 11 10 0.08612546
986 223 16 13 0.08541626
390 202 17 12 0.08530077
588 99 10 7 0.083880365
105 117 25 17 0.08355125
625 295 19 13 0.08229741
485 195 14 12 0.08220362
76 77 13 9 0.08124523
380 90 13 10 0.08113306
345 437 15 11 0.077197134
463 333 23 15 0.07497347
310 267 19 12 0.074672
770 278 9 6 0.07378863
325 122 26 16 0.073610626
770 494 21 14 0.07288363
529 138 13 10 0.072170995
624 366 19 13 0.0719905
908 123 15 11 0.07185491
672 252 17 13 0.07109236
994 97 13 9 0.07048641
157 99 13 8 0.07017597
1014 85 9 7 0.06948495
317 87 16 10 0.06723115
616 365 14 9 0.06515479
162 149 12 9 0.06358607
469 305 20 14 0.063142315
682 158 18 11 0.06259723
527 130 16 12 0.061053
553 94 12 8 0.060376287
448 127 12 10 0.060344946
872 55 25 18 0.059436023
489 269 14 11 0.058798954
810 292 23 15 0.058664765
172 113 14 11 0.055741187
448 174 6 6 0.055218883
671 152 14 12 0.05379078
761 291 13 11 0.052921824
377 300 11 9 0.052733134
83 95 8 6 0.05241327
824 302 14 10 0.050965168
852 126 12 9 0.05018369
902 97 9 6 0.049933873
824 101 10 7 0.04873136
682 269 20 14 0.048715062
305 261 16 12 0.04667422
1 54 21 14 0.046672504
1009 205 11 9 0.04508386
9 116 14 12 0.04405591
971 344 15 12 0.043842427
543 185 20 14 0.04367437
883 335 12 10 0.043418854
824 220 9 6 0.043384742
173 271 19 13 0.043028355
877 256 17 11 0.042108536
599 90 11 8 0.04175871
29 94 14 11 0.040829204
205 97 9 6 0.04055773
532 146 14 10 0.040360827
45 274 14 11 0.040298156
443 82 14 9 0.038380146
41 97 14 8 0.038039412
924 222 17 12 0.03748838
728 365 16 13 0.03627116
351 405 12 10 0.036211792
780 109 15 9 0.03613909
960 98 8 5 0.035940755
260 77 10 7 0.035923995
67 275 22 17 0.035335895
995 227 12 9 0.034918405
49 77 20 12 0.03483958
850 96 18 11 0.034797262
770 41 7 6 0.034406397
982 110 11 10 0.033624962
98 298 8 6 0.03347104
98 271 17 12 0.03334593
677 241 26 16 0.0333422
239 112 5 3 0.03292675
227 146 13 8 0.032758556
344 187 23 16 0.032256126
831 222 14 10 0.032220535
1 220 15 14 0.03169439
59 280 11 8 0.031076234
537 365 21 11 0.03106521
254 145 23 15 0.030952401
449 363 22 16 0.030840924
445 131 11 7 0.030830633
754 117 14 9 0.030580629
712 166 8 5 0.03054978
88 88 15 11 0.030347189
17 98 13 9 0.03027996
251 110 13 10 0.02996033
627 150 18 14 0.029695334
276 92 9 7 0.029546803
84 148 17 12 0.028754301
899 160 22 16 0.028594479
764 128 12 10 0.028361354
307 84 13 9 0.027458904
886 203 26 18 0.02707849
382 120 18 13 0.026887853
597 354 19 11 0.026810817
650 472 11 7 0.02654162
986 199 13 11 0.026519265
779 95 12 9 0.02647956
675 85 13 8 0.026199734
912 132 12 10 0.026098037
784 95 12 7 0.026026076
521 221 22 13 0.025038615
477 335 14 10 0.025019594
557 164 21 17 0.023791786
532 89 16 11 0.023603909
37 260 25 17 0.023436861
451 308 21 14 0.023154458
674 162 11 8 0.022892416
370 309 12 8 0.022829387
878 256 9 6 0.02265634
115 129 16 10 0.022641443
901 85 9 5 0.022504201
917 97 12 8 0.022337308
451 368 22 14 0.021979174
958 85 10 6 0.02193148
355 91 10 6 0.021578506
381 346 12 10 0.021299982
243 147 16 12 0.021288753
835 117 15 11 0.021271903
39 171 15 11 0.021139432
990 106 14 10 0.021117276
249 86 16 11 0.020446524
4 117 10 7 0.020380918
