7_Cheering_Cheering_7_138
62
598 196 56 54 0.7300793
57 177 48 50 0.6896412
871 88 45 50 0.68277425
828 127 60 58 0.6745743
469 173 51 53 0.6709464
497 108 56 50 0.5760255
202 123 20 21 0.56684256
89 105 29 26 0.51715004
217 144 40 34 0.49820378
322 131 78 66 0.49322662
290 138 42 39 0.4697773
588 182 80 84 0.45764783
396 127 27 25 0.4461848
414 196 34 38 0.4069893
106 151 28 26 0.3969845
797 130 35 41 0.36688524
441 147 113 104 0.33890495
758 102 108 95 0.33665803
398 132 17 16 0.28700653
397 146 30 39 0.26059237
830 63 120 104 0.20852962
1002 109 28 42 0.18968812
468 76 104 107 0.16064231
803 119 96 83 0.16056524
1005 119 17 20 0.15043168
426 214 16 15 0.14452356
517 190 31 32 0.14316103
302 115 33 27 0.14292723
150 187 44 40 0.13931756
310 137 39 47 0.11731017
97 116 16 13 0.1093836
171 159 24 23 0.09464917
-5 352 73 86 0.091641605
553 105 22 23 0.0904289
795 113 52 50 0.08448053
414 168 17 18 0.082262374
357 137 52 50 0.07858042
421 205 11 14 0.07259892
777 127 49 51 0.06813318
59 167 53 43 0.0656574
98 153 40 39 0.065310545
380 135 68 61 0.06132679
215 110 30 29 0.05929431
431 218 21 19 0.055630933
986 334 18 22 0.040604006
947 312 20 21 0.04007527
829 82 28 25 0.03981543
541 109 33 33 0.036748372
841 116 81 73 0.03445789
176 145 39 34 0.033951752
315 111 18 14 0.031475067
269 144 29 30 0.030294426
-33 325 119 120 0.025782373
869 372 71 49 0.02548349
273 437 130 111 0.025078267
992 128 37 48 0.024698481
971 329 36 34 0.022794971
610 335 49 44 0.022542577
454 165 36 47 0.022194149
384 124 29 27 0.021518415
225 125 16 16 0.021485474
207 108 14 15 0.020444224
