7_Cheering_Cheering_7_195
27
461 459 54 100 0.6977852
601 461 57 97 0.4860903
196 595 31 54 0.29697832
682 588 48 81 0.22620054
515 485 43 80 0.20428415
327 522 38 70 0.20388098
209 603 34 61 0.19705367
563 886 32 49 0.12130397
339 530 16 32 0.09032302
697 606 25 58 0.08670967
595 702 25 58 0.0774889
344 536 19 36 0.07306494
313 737 65 109 0.05484606
317 713 45 90 0.04958555
402 530 39 73 0.04827411
740 765 17 36 0.047786348
621 462 29 56 0.038551908
602 720 15 34 0.036635
407 510 30 59 0.035716146
399 762 19 36 0.03484242
561 831 64 135 0.03242988
625 551 124 242 0.032275055
382 744 40 73 0.032118414
736 733 25 44 0.029671557
231 703 39 61 0.025235787
238 872 57 100 0.023996979
437 935 238 469 0.021266613
