7_Cheering_Cheering_7_118
93
288 232 110 112 0.8103814
559 246 107 128 0.78145176
871 295 118 146 0.7771967
414 240 100 96 0.7731925
777 229 109 115 0.755443
18 286 120 122 0.74082714
8 226 46 48 0.5800509
924 96 27 23 0.3355752
231 159 28 28 0.33148018
163 190 26 20 0.32944703
92 206 37 31 0.32076785
370 222 165 133 0.29086232
52 187 21 22 0.26392475
577 274 74 70 0.25135162
26 234 34 39 0.24623841
574 19 33 29 0.2184457
165 192 35 28 0.21188013
820 141 32 25 0.18432446
788 256 64 65 0.16265602
779 134 31 29 0.16256312
103 215 19 16 0.14652841
835 9 25 18 0.13822626
844 68 43 33 0.120581836
99 214 28 30 0.11231981
261 269 157 102 0.108505964
754 154 36 35 0.10663625
945 28 33 26 0.10365342
653 30 19 18 0.09236433
840 9 14 14 0.086018525
593 59 33 29 0.08174147
849 111 32 27 0.07705312
776 146 19 19 0.07538061
195 204 21 22 0.07332367
520 24 24 19 0.066484176
877 185 35 31 0.063199535
991 198 32 39 0.061998717
-7 316 75 57 0.061474107
-5 267 44 67 0.061160374
896 47 31 22 0.06050307
159 199 24 21 0.053584028
864 320 92 95 0.050629035
223 180 36 33 0.048270028
-13 315 161 125 0.04610466
586 21 26 22 0.04557273
274 321 16 20 0.044593964
421 219 157 119 0.044315416
569 23 20 16 0.044192463
24 311 55 70 0.043922346
998 101 27 32 0.043084998
857 78 17 16 0.04279743
1003 213 15 18 0.04154398
850 269 210 178 0.04116803
292 430 59 54 0.041102774
883 187 21 22 0.039936796
390 168 12 14 0.039293677
455 251 87 76 0.03928185
359 144 249 199 0.03902512
558 278 48 48 0.038196784
949 35 34 29 0.037973765
980 134 28 27 0.034358982
658 26 22 18 0.03435355
464 6 38 23 0.033282302
326 242 87 74 0.031847633
876 172 59 53 0.031587757
585 39 37 34 0.030578224
401 257 66 64 0.03052227
331 236 124 105 0.03017142
855 245 103 84 0.029924031
296 249 60 60 0.02926271
807 215 157 124 0.02917678
172 147 23 17 0.028846204
882 196 18 20 0.028758803
389 49 14 12 0.028689893
652 39 20 20 0.028632814
990 216 30 43 0.028586004
388 270 126 106 0.027806379
981 252 50 76 0.02711943
875 153 40 32 0.025729027
305 238 69 61 0.024511416
290 65 23 20 0.023887556
67 310 208 186 0.023644108
165 214 33 31 0.023487998
537 24 23 16 0.023257507
44 200 34 29 0.022542115
291 401 38 34 0.022399751
388 120 13 13 0.022095617
173 185 29 25 0.021951023
789 514 54 51 0.02137702
95 210 19 19 0.020931734
793 145 11 11 0.020917075
517 268 79 63 0.020411028
365 255 89 68 0.02036256
792 284 72 99 0.020345569
