7_Cheering_Cheering_7_391
67
198 442 57 66 0.5073148
707 174 19 23 0.49445662
97 472 70 76 0.49097303
731 369 50 54 0.4282156
218 353 23 24 0.3539355
307 117 40 40 0.32594612
300 327 30 28 0.2852835
291 357 38 35 0.27217048
763 253 16 20 0.26180398
295 678 101 96 0.19944206
751 254 16 16 0.1785471
647 167 9 8 0.13763693
532 336 20 19 0.1358073
408 315 13 16 0.13463739
477 340 17 16 0.13411146
347 363 24 25 0.12348296
368 363 16 19 0.10821939
330 682 80 79 0.1033168
547 392 53 57 0.09798719
469 345 15 15 0.093326434
636 164 20 20 0.085569575
186 347 20 21 0.0730345
114 330 22 23 0.070162125
950 251 17 21 0.06982825
928 420 75 118 0.063257344
440 544 33 39 0.055812143
380 358 17 18 0.054942813
368 310 10 10 0.052099194
115 472 83 71 0.049971934
721 356 47 50 0.045623902
881 334 14 17 0.044032972
257 82 126 120 0.043622855
99 443 53 59 0.04356795
637 276 14 14 0.042974122
0 440 22 33 0.04178261
127 334 10 12 0.040704362
169 445 90 84 0.040048067
670 277 12 13 0.03920282
666 274 10 11 0.039061222
301 627 140 148 0.038542464
466 314 13 12 0.036064748
903 405 121 154 0.03513171
1002 276 17 18 0.034377538
139 439 106 122 0.034025103
99 402 31 35 0.033449512
331 373 28 26 0.031974874
316 347 21 21 0.031853158
396 312 10 12 0.030942077
18 411 30 34 0.030885927
740 263 8 7 0.030752374
382 375 24 26 0.02962143
395 136 108 100 0.029543664
475 351 18 16 0.029405383
871 439 128 140 0.029282369
352 329 19 20 0.027744055
685 262 12 12 0.026344605
108 501 47 45 0.025243957
461 438 49 53 0.024827803
637 276 9 8 0.023492143
726 144 18 22 0.023333758
484 315 17 18 0.023326937
112 415 21 23 0.021733876
820 285 18 21 0.021659328
890 433 85 95 0.021645496
441 364 11 10 0.021572595
784 390 144 129 0.020147692
147 410 132 129 0.020000115
