7_Cheering_Cheering_7_426
66
317 1007 49 85 0.65679556
851 1176 38 66 0.50016505
624 1023 54 88 0.37416798
106 1036 26 43 0.3432249
103 1042 31 58 0.28821674
160 1014 20 36 0.28184563
860 312 16 32 0.27867278
869 1181 33 61 0.21800806
510 1010 42 76 0.21306592
910 1192 23 48 0.20998582
224 1202 30 56 0.18470581
802 1062 14 29 0.15307567
165 1020 12 25 0.12486312
648 1034 36 67 0.12175365
889 1188 22 46 0.11096207
759 1112 24 48 0.09273633
568 1318 59 71 0.08341412
915 1145 15 32 0.08174828
141 1115 28 58 0.07845623
108 1004 24 52 0.074878216
879 335 16 31 0.07340211
465 1018 35 70 0.06729227
446 1078 45 89 0.065051354
805 1069 8 17 0.06079024
328 981 53 108 0.056453936
888 1136 19 32 0.055922724
499 997 45 72 0.05080481
392 430 20 37 0.050013255
770 1123 10 21 0.048904844
787 1206 15 31 0.04726382
532 1034 67 74 0.04490003
387 1028 46 85 0.044727236
16 998 11 28 0.04467088
289 1319 50 66 0.039211717
3 963 18 45 0.03619064
909 1032 139 246 0.034633823
148 1132 22 39 0.0340499
333 964 80 139 0.033644103
883 1108 13 23 0.033202857
711 423 170 271 0.033156946
217 480 26 55 0.032906782
477 967 88 135 0.03283669
620 337 16 30 0.032258056
5 995 10 21 0.031588513
897 1122 13 26 0.03135381
695 253 12 22 0.031262808
479 974 51 95 0.028787501
42 111 14 22 0.026884915
370 660 229 392 0.025509875
857 227 13 29 0.025461243
680 396 16 31 0.024998875
726 1308 20 45 0.024516616
776 296 19 31 0.023930376
38 1024 13 21 0.0232056
631 112 14 21 0.022990258
317 72 10 18 0.022023825
385 406 15 35 0.021766812
774 1137 12 24 0.021761581
256 1003 91 150 0.021685187
516 446 16 31 0.021401754
686 1109 27 50 0.021306239
886 1164 179 280 0.021275586
866 219 9 19 0.021049188
890 349 16 31 0.020504193
482 427 16 33 0.020235933
92 1083 24 50 0.020141983
