7_Cheering_Cheering_7_536
94
518 348 38 38 0.70848936
324 307 31 31 0.6899924
999 244 27 35 0.68458146
847 281 40 38 0.6602773
515 262 37 36 0.62145865
892 246 32 30 0.6095629
641 260 45 45 0.53792757
329 264 33 28 0.52861995
215 266 30 30 0.5119828
249 315 31 28 0.48833144
995 393 28 32 0.48371267
310 222 33 31 0.47816208
-5 344 27 31 0.4673614
-1 233 24 27 0.45385602
728 231 40 41 0.45141733
935 295 37 38 0.41476694
106 245 22 20 0.41338164
180 261 25 23 0.3769243
248 238 24 23 0.36783215
203 225 26 27 0.32717356
246 387 22 19 0.28729558
335 315 15 15 0.2741277
844 253 38 38 0.2665171
137 237 25 27 0.2580307
208 231 19 15 0.25041527
610 252 39 34 0.23044948
167 255 26 23 0.22996596
274 198 102 83 0.18359944
529 350 24 29 0.1832712
876 260 34 36 0.16536771
15 235 19 24 0.15291937
578 240 176 140 0.150469
213 227 27 25 0.14641622
623 210 27 25 0.12880345
738 292 44 50 0.12327027
430 249 30 25 0.11914542
42 240 19 20 0.11914373
607 283 52 47 0.106962614
254 391 10 12 0.10612489
599 244 32 31 0.10423456
904 243 24 29 0.10372234
452 263 24 23 0.099432334
-15 333 49 55 0.095460616
112 208 73 86 0.09243557
116 224 47 51 0.09046319
-2 222 34 32 0.08985752
31 226 25 28 0.08926276
-41 196 107 90 0.080306776
591 223 115 103 0.07804901
848 252 26 23 0.076139286
734 225 28 31 0.0739492
902 250 17 16 0.07222383
621 260 50 36 0.0720956
546 464 94 81 0.06958184
460 282 28 26 0.06661866
314 234 20 25 0.06606534
253 231 16 19 0.06446434
645 276 44 45 0.062367607
919 279 74 67 0.06127117
382 256 19 19 0.060029503
367 271 29 26 0.05790161
231 255 30 25 0.053586412
633 217 12 13 0.04912328
897 245 25 18 0.048682403
575 169 143 110 0.04819465
51 227 23 24 0.04811721
594 260 116 101 0.04682461
204 251 8 7 0.044993225
969 478 56 53 0.038589165
992 340 31 41 0.037573073
232 245 14 11 0.03491291
337 269 16 16 0.03308777
613 245 36 28 0.031456944
4 240 13 14 0.030004382
944 307 21 24 0.029975323
1004 409 17 15 0.029810859
1010 346 12 14 0.029443411
934 307 23 24 0.02704803
180 565 14 14 0.025952885
145 232 23 20 0.025295
283 587 36 33 0.025116958
480 224 88 79 0.024802681
640 324 82 96 0.024242075
610 620 114 94 0.024195291
425 243 42 39 0.023199562
956 481 81 71 0.022462456
370 243 18 15 0.022286613
334 502 157 104 0.022239437
29 114 106 102 0.02208487
171 558 26 22 0.021463335
281 622 89 60 0.021021703
604 193 58 62 0.020793598
705 276 73 69 0.020368107
124 334 32 25 0.020220974
