7_Cheering_Cheering_7_57
58
556 345 42 55 0.7823591
25 157 47 56 0.7618525
431 337 45 55 0.76014185
4 305 39 52 0.7149841
132 303 41 44 0.7007624
740 331 55 63 0.68750954
798 284 41 50 0.6502436
669 314 32 43 0.60216963
335 315 34 39 0.52387714
405 320 94 85 0.5039073
994 344 34 55 0.4884124
881 301 40 48 0.4880205
238 333 52 63 0.48790458
538 717 30 34 0.34819326
774 257 86 103 0.2923705
741 161 35 36 0.28812745
-2 132 103 100 0.25602493
527 695 57 82 0.25596416
231 304 59 62 0.24808784
847 265 111 112 0.2226553
319 323 32 47 0.20657511
97 324 36 42 0.1889617
112 293 80 73 0.1802082
598 171 27 35 0.1785839
106 332 22 26 0.14806299
106 321 23 28 0.127766
910 357 43 52 0.1252023
61 285 116 101 0.1089186
294 326 43 53 0.10210324
789 281 59 70 0.089157015
973 387 28 53 0.08331807
663 326 39 46 0.08153234
387 236 24 24 0.08053664
878 117 47 62 0.07301683
600 244 20 20 0.06417283
249 317 32 39 0.06309514
520 712 56 42 0.062017117
348 204 16 19 0.05984916
253 364 20 26 0.059848823
734 147 38 44 0.051030677
399 235 17 21 0.04933814
275 205 17 22 0.04895072
271 203 15 20 0.048242323
584 164 56 51 0.046513725
644 626 79 71 0.03941561
493 244 17 20 0.039085303
351 207 10 11 0.036118124
486 238 20 19 0.03085065
81 158 30 38 0.029810846
478 701 56 64 0.029189687
886 124 29 36 0.029088527
1004 354 24 26 0.028490284
841 94 99 108 0.027895128
693 261 22 24 0.027884046
384 289 27 34 0.023346823
493 714 26 27 0.022384167
789 271 46 48 0.021299968
997 412 29 39 0.020192483
