7_Cheering_Cheering_7_462
42
540 142 84 80 0.5712951
821 370 33 32 0.56406486
65 554 39 37 0.5525271
262 353 51 49 0.5241822
353 592 63 62 0.5163624
-4 552 26 30 0.41775766
189 362 46 40 0.33788058
201 368 29 27 0.33164388
713 338 42 41 0.3159664
145 381 28 25 0.3129636
624 328 39 36 0.28262225
374 374 36 36 0.23620178
889 509 35 36 0.19846493
280 362 29 34 0.19489601
393 314 32 41 0.11757171
951 285 54 73 0.116941676
369 357 47 45 0.111246675
157 386 26 24 0.10387573
613 310 63 53 0.09570083
12 640 60 45 0.082456216
959 329 40 46 0.06690179
198 383 25 26 0.047817163
969 226 59 97 0.04718926
73 431 21 19 0.043456055
918 356 35 37 0.04179432
91 418 19 16 0.0410912
400 436 40 42 0.0347106
355 182 82 89 0.03350406
696 561 24 21 0.03283664
478 124 125 105 0.032030888
150 386 16 17 0.028254636
546 169 35 39 0.026554557
34 488 21 18 0.02652097
48 558 33 33 0.025584744
-6 540 25 34 0.02479105
831 376 29 30 0.024482798
452 341 43 45 0.024006786
402 224 201 172 0.02330059
909 380 32 32 0.023269333
562 158 51 54 0.021458978
517 106 121 123 0.021297561
990 511 25 32 0.020397928
