7_Cheering_Cheering_7_631
18
395 204 126 207 0.77992857
688 289 113 183 0.5207144
139 1078 66 109 0.36038244
410 290 50 88 0.09047812
371 221 92 192 0.078969315
395 286 47 109 0.06236328
710 357 80 193 0.061875515
700 312 52 99 0.057751965
473 662 107 165 0.055668548
711 312 145 183 0.039994176
164 1124 59 82 0.033004366
773 330 86 138 0.031123035
121 1068 44 112 0.029135302
669 421 179 288 0.028449193
15 1238 207 359 0.02539385
780 610 215 346 0.02403687
357 85 219 357 0.023705933
669 1315 98 213 0.021366354
