58_Hockey_icehockey_puck_58_212
128
589 81 68 64 0.77647275
172 152 37 39 0.6091371
206 65 50 43 0.5947683
65 173 23 24 0.5691074
218 72 24 25 0.5310693
137 159 30 34 0.5047487
235 29 26 24 0.43151924
506 75 33 29 0.39732003
984 156 31 29 0.3860048
258 111 20 19 0.38324207
649 45 27 28 0.35045597
348 134 27 25 0.34930295
255 120 24 22 0.34625942
371 72 27 27 0.34503588
288 37 28 27 0.3386967
747 92 23 20 0.33022282
146 168 12 15 0.31946692
836 157 34 29 0.317644
142 74 24 24 0.31363875
496 39 26 24 0.31082606
-3 174 15 17 0.30662236
821 86 30 27 0.2993495
399 10 25 20 0.2992689
118 44 22 20 0.29914212
946 159 13 13 0.29579434
412 47 29 28 0.2783359
0 170 18 24 0.27212197
429 110 30 28 0.25636774
185 164 12 16 0.2538583
756 87 31 31 0.2488393
769 44 33 30 0.24661453
426 112 40 38 0.24617338
7 75 31 31 0.2408761
559 50 135 128 0.23585992
339 119 26 25 0.23507231
854 162 15 16 0.22477667
972 115 14 14 0.20530348
508 85 28 26 0.20383924
913 101 19 16 0.19434139
372 46 26 24 0.19398428
352 128 35 39 0.19152348
910 114 20 22 0.18485913
943 160 23 21 0.18278608
155 157 33 33 0.18088071
202 37 16 15 0.17988925
344 72 30 26 0.17796463
147 1 30 23 0.17448995
502 136 25 26 0.17264499
429 5 26 23 0.16873598
505 92 30 31 0.15876237
870 55 20 19 0.15429626
784 92 23 19 0.15200366
963 102 21 19 0.1508033
824 67 26 21 0.14580321
957 95 20 17 0.14066122
724 50 28 28 0.14025266
156 66 25 24 0.1375424
374 195 28 25 0.13578047
874 19 23 21 0.13273798
632 47 34 32 0.12789167
665 46 24 26 0.12623054
964 58 13 12 0.12195884
199 39 18 20 0.121473216
955 156 21 21 0.11934394
598 9 23 21 0.11621844
820 90 19 17 0.11611124
435 85 13 14 0.11610579
754 49 29 29 0.10229808
261 97 21 20 0.101298094
409 12 15 12 0.09880141
796 163 45 44 0.095129184
39 42 18 18 0.09249105
929 94 13 14 0.08311889
293 39 14 12 0.07796448
826 75 14 13 0.07522671
844 33 12 10 0.07215657
805 179 31 32 0.0690121
715 48 18 15 0.06701584
310 50 21 18 0.066377655
838 92 17 16 0.06454315
433 88 21 22 0.06397647
504 41 23 25 0.058595974
665 3 17 13 0.05724857
329 108 15 13 0.056488737
833 23 20 14 0.055769783
996 158 13 14 0.053294867
995 78 20 19 0.05248027
975 57 20 21 0.051233046
424 81 14 12 0.049384575
4 39 30 29 0.048695035
336 4 12 9 0.048459843
499 -2 17 14 0.048308812
393 118 21 22 0.046762004
988 157 23 18 0.04624847
456 142 29 27 0.04499954
57 176 22 19 0.043177187
177 19 20 17 0.039887752
22 22 24 19 0.039294936
957 0 22 16 0.037566252
472 61 17 20 0.03695833
247 38 4 6 0.036163654
55 68 24 23 0.035939697
453 148 20 18 0.03453838
406 20 11 11 0.03446188
970 11 24 18 0.033050224
26 58 21 25 0.032919955
65 89 27 24 0.03261842
31 1 16 16 0.031517766
342 32 14 11 0.0308196
741 78 11 11 0.030635178
259 6 25 20 0.030173091
424 116 22 23 0.030126667
13 19 69 53 0.029075272
660 1 17 13 0.027138816
118 25 22 18 0.02622019
17 89 24 21 0.025684604
763 8 17 13 0.0255365
320 20 18 14 0.024714867
115 29 20 21 0.024079088
13 81 21 22 0.024067564
992 27 9 8 0.023926297
394 63 19 20 0.023615753
476 67 31 29 0.022138948
-2 213 20 20 0.021169404
821 59 15 16 0.020762902
467 7 18 16 0.02056676
971 182 32 30 0.020077834
196 38 66 58 0.020053891
