58_Hockey_icehockey_puck_58_553
22
471 210 36 25 0.6927808
900 231 37 24 0.6447082
558 169 29 19 0.49726665
478 215 23 17 0.48997197
140 182 18 14 0.34661517
122 180 34 20 0.26733282
846 189 15 12 0.23109852
949 158 18 14 0.23040375
132 184 20 13 0.15681592
885 217 74 52 0.13837737
20 233 21 17 0.13668583
851 188 14 11 0.11360259
838 154 15 10 0.06803496
920 143 26 16 0.04892613
846 155 11 7 0.036918707
526 306 32 24 0.034881946
95 169 19 12 0.03200935
583 217 22 21 0.029877335
577 212 41 29 0.026204964
491 359 367 173 0.024464777
478 206 26 21 0.020781377
918 152 10 7 0.020107722
