58_Hockey_icehockey_puck_58_753
40
873 374 75 84 0.6596252
740 227 27 29 0.5506532
554 289 32 33 0.5405006
811 233 29 29 0.50981605
892 188 25 27 0.3952858
325 476 51 61 0.37630582
167 528 68 85 0.31047586
168 109 16 16 0.2046535
1006 162 15 17 0.2024826
712 321 47 52 0.19678235
242 79 19 18 0.19378476
996 157 18 26 0.18902434
705 329 37 46 0.1687095
934 93 26 24 0.14321333
525 369 44 48 0.06187318
510 484 75 93 0.05832017
516 500 49 64 0.04975089
251 83 19 19 0.04806949
945 104 5 5 0.047916796
767 161 22 20 0.04631275
889 214 31 38 0.041257933
589 320 61 63 0.037846725
902 377 74 73 0.03603095
533 348 32 40 0.03544389
1008 151 17 20 0.034630746
458 118 9 11 0.033365097
942 135 13 17 0.03228198
343 474 58 49 0.031805564
312 451 69 69 0.02935001
963 145 20 25 0.028941048
950 154 8 9 0.02806375
1 497 42 51 0.027943887
327 458 45 52 0.026840303
467 88 179 165 0.026581483
306 598 31 37 0.025212426
773 167 12 13 0.024820402
941 151 14 12 0.02299556
946 92 20 22 0.022645215
43 515 97 112 0.022606704
833 202 144 128 0.022187274
