58_Hockey_icehockey_puck_58_493
89
229 112 54 45 0.77293456
456 88 99 88 0.7539397
605 140 42 36 0.7197458
246 49 44 35 0.7181151
103 19 39 29 0.7013567
653 60 36 32 0.6886596
899 127 46 37 0.68701756
221 0 45 32 0.68507046
3 0 38 30 0.59221625
107 131 47 41 0.5915924
593 1 43 25 0.5856917
805 4 38 27 0.5747884
487 1 34 26 0.5636338
429 52 49 43 0.55623376
775 145 39 34 0.54192126
636 47 68 58 0.52440196
152 125 43 35 0.5196745
721 2 30 26 0.51206225
473 -4 59 38 0.47205958
212 85 26 23 0.394257
866 16 42 34 0.3931179
763 135 63 53 0.38463712
342 -2 39 23 0.36357656
0 123 31 31 0.31333932
933 22 28 22 0.27116534
233 119 38 30 0.2611691
745 55 26 22 0.24034749
306 161 90 80 0.23998147
156 152 39 33 0.21571562
783 120 22 23 0.19387169
312 77 19 15 0.17874329
781 154 27 22 0.17293385
161 139 31 26 0.15937243
219 92 11 10 0.14766514
945 21 23 21 0.14662945
314 78 29 24 0.13849954
707 1 33 23 0.12950632
374 77 38 34 0.1292975
441 67 152 122 0.11559397
910 103 21 19 0.11325767
813 11 21 20 0.10735528
207 93 108 85 0.096297406
654 117 32 27 0.09502043
51 172 23 23 0.09116306
657 118 22 18 0.0810129
754 58 15 13 0.07976862
803 -5 51 46 0.07531136
146 53 28 21 0.074523166
169 160 15 15 0.07221717
924 16 43 38 0.067060955
390 22 120 94 0.056548078
834 96 21 17 0.054922156
86 118 95 74 0.049320955
824 114 30 30 0.047719054
331 178 87 69 0.042732134
67 121 44 30 0.041513506
472 98 38 43 0.041476008
514 3 34 18 0.04008744
176 219 30 25 0.034895554
70 10 43 38 0.033257402
902 24 19 15 0.033251002
176 0 27 19 0.033024177
122 124 11 12 0.0329417
486 83 66 69 0.03215103
298 62 40 31 0.032061167
877 63 28 20 0.03194677
964 23 21 17 0.03138014
896 93 20 17 0.030637825
310 3 19 15 0.03057928
586 34 31 25 0.03022299
458 86 64 63 0.029561758
831 102 13 14 0.029433973
74 142 22 16 0.02871249
668 96 36 27 0.027320085
24 0 46 31 0.026482709
384 85 14 14 0.026382715
611 3 27 22 0.025193308
999 28 14 11 0.02475073
277 166 92 70 0.024576122
843 57 24 22 0.023976773
197 75 100 65 0.02266181
308 70 26 20 0.021478893
179 99 98 77 0.021038666
603 152 35 35 0.021005282
49 122 100 75 0.020990089
336 86 31 20 0.020808376
720 9 36 27 0.0204126
25 123 38 27 0.020226479
81 39 21 22 0.020081075
