58_Hockey_icehockey_puck_58_655
30
859 82 68 72 0.7961389
651 93 86 79 0.64668095
105 183 66 59 0.4672936
820 61 52 48 0.36094925
348 124 49 52 0.31347212
114 172 76 91 0.30746058
968 -3 46 40 0.303942
843 54 96 121 0.29414147
830 64 33 38 0.27334747
12 125 42 43 0.22423044
907 17 56 53 0.1639229
305 127 99 80 0.08778817
712 111 60 61 0.08689433
303 207 70 78 0.05362722
898 34 63 58 0.05217888
919 27 31 34 0.051243026
962 2 37 28 0.046111777
496 61 37 44 0.042308677
322 140 67 49 0.03241165
493 20 47 41 0.029632336
864 406 35 37 0.029580232
89 326 65 67 0.026523015
845 94 59 56 0.026506102
481 11 43 40 0.025470734
980 28 44 65 0.025126982
477 47 55 63 0.023065126
129 181 130 125 0.022744918
836 -2 35 22 0.0211726
725 47 63 59 0.02060817
5 150 44 57 0.020366633
