58_Hockey_icehockey_puck_58_113
39
309 128 46 46 0.7397728
991 93 32 44 0.60765636
653 48 30 31 0.5742898
523 49 49 51 0.55114704
81 43 29 30 0.45444348
428 38 35 36 0.4477689
219 38 27 27 0.430283
177 42 21 20 0.4168986
307 43 32 28 0.3075348
265 28 36 31 0.27632588
259 29 54 47 0.26762137
489 54 26 24 0.24779189
130 48 13 11 0.16674402
890 78 27 26 0.1639151
380 46 18 17 0.15623195
103 46 20 22 0.1168019
237 42 20 21 0.10096059
301 231 43 53 0.08962701
1 17 20 23 0.0766783
258 30 17 14 0.07621097
188 40 9 10 0.07297491
13 60 28 31 0.0718668
682 99 52 47 0.07157728
382 34 23 19 0.07124132
241 31 10 9 0.05872657
454 46 26 27 0.05679058
183 36 23 18 0.052976467
318 30 28 23 0.04000719
375 50 16 13 0.038573317
1012 421 14 15 0.036756564
1004 408 28 42 0.036156647
371 35 23 17 0.030367326
643 37 50 42 0.029178657
652 65 133 123 0.02880741
892 107 24 24 0.027999168
91 25 14 16 0.025503233
319 237 32 34 0.022403697
433 32 27 25 0.0223316
699 318 116 105 0.021331532
