58_Hockey_icehockey_puck_58_244
41
230 480 39 42 0.7523777
359 273 32 32 0.7170303
408 416 28 31 0.6748048
402 470 24 27 0.66419536
492 412 28 34 0.6618325
801 487 23 24 0.6614305
456 252 31 35 0.6298564
446 451 35 35 0.58524984
581 462 37 41 0.56693625
528 407 32 32 0.5487602
627 459 33 37 0.5427642
709 473 24 26 0.52160203
496 420 18 22 0.5145808
516 510 27 28 0.50919086
673 436 27 33 0.4850518
449 505 28 30 0.44423935
543 282 19 24 0.40516475
531 285 27 26 0.3906026
805 492 14 16 0.22871198
517 298 18 20 0.2137671
412 480 6 8 0.20127602
689 457 31 33 0.20059925
603 467 26 30 0.16856652
370 280 13 19 0.16136786
464 511 12 15 0.1314167
678 441 18 20 0.09801841
464 265 25 27 0.08457565
527 440 25 26 0.07700861
535 287 36 35 0.07424505
519 437 25 23 0.07090765
451 447 18 24 0.06886384
695 489 20 22 0.06583228
205 469 90 80 0.044450436
619 453 51 58 0.030510135
532 281 20 21 0.029454991
423 437 8 9 0.026974607
452 520 13 12 0.026872223
598 393 21 21 0.024383038
547 289 11 16 0.022422818
525 498 17 24 0.021961156
589 471 19 24 0.021452034
