58_Hockey_icehockey_puck_58_469
90
544 217 42 35 0.6423216
473 87 30 25 0.6384338
393 80 30 25 0.6262324
546 141 26 21 0.53961146
157 81 26 20 0.5303627
569 101 23 22 0.48575106
15 84 27 23 0.48177397
294 51 36 29 0.47624424
405 22 33 26 0.47183907
214 61 21 19 0.46180642
625 119 19 15 0.40182778
307 59 22 17 0.39887965
79 0 38 28 0.3975207
365 241 41 37 0.38986245
363 61 20 19 0.3612208
573 108 17 13 0.31382877
738 136 22 17 0.3066503
330 91 31 23 0.26412296
257 48 20 14 0.2608428
107 85 17 15 0.25429755
-1 51 31 31 0.2368298
260 89 32 25 0.22617798
826 119 21 16 0.21942918
332 76 23 19 0.20573923
64 95 27 25 0.20171595
495 20 19 17 0.19663258
531 39 24 17 0.17639138
96 5 28 19 0.17054632
620 0 15 11 0.16178471
333 107 32 27 0.1553702
780 159 17 15 0.1497423
948 78 16 13 0.13616565
770 162 24 19 0.12994595
677 22 25 23 0.12839013
619 178 25 22 0.120509036
485 18 18 13 0.1170568
618 109 19 15 0.098976776
887 65 15 13 0.097988755
232 57 20 18 0.09173218
656 107 23 17 0.090410635
343 69 21 13 0.08566792
853 183 17 14 0.08172627
745 3 11 8 0.080705054
740 1 13 9 0.08031247
728 200 19 16 0.08021007
88 89 19 15 0.078970455
118 3 27 17 0.0762907
315 115 25 23 0.0747809
609 2 15 11 0.07430136
80 93 13 8 0.07098952
624 182 17 15 0.0629477
631 115 12 9 0.059697434
688 15 27 18 0.05543982
30 86 27 21 0.051797085
554 146 14 10 0.051503524
732 101 15 12 0.04770546
269 93 11 11 0.046232887
654 118 15 15 0.04613107
654 122 19 16 0.045287054
531 4 22 15 0.04496204
520 163 18 18 0.044937834
284 100 71 59 0.04453457
91 6 14 15 0.043109525
152 328 108 122 0.04129251
593 250 43 39 0.03888945
401 0 19 15 0.037564013
854 100 19 16 0.034467265
461 19 18 16 0.033930544
90 242 24 21 0.03214734
582 108 15 13 0.030450718
477 96 18 16 0.029637402
610 258 32 26 0.029495653
733 301 18 17 0.029403731
172 63 21 14 0.029223718
626 302 27 26 0.029057225
784 155 17 15 0.028558837
602 22 21 18 0.028390724
858 189 11 9 0.02795577
607 167 51 44 0.02785811
656 114 15 12 0.027167931
907 138 21 15 0.026474036
706 22 23 18 0.024003003
194 347 61 61 0.023248415
152 69 18 18 0.022929799
574 159 80 64 0.02263113
113 65 26 21 0.022058133
476 1 19 14 0.022017706
849 8 18 13 0.021289883
888 96 11 10 0.020833058
587 1 13 8 0.02046345
