58_Hockey_icehockey_puck_58_835
63
159 399 45 45 0.7652972
442 415 35 43 0.7516724
561 404 37 48 0.74332917
876 304 33 40 0.73755074
307 412 36 41 0.7350302
856 407 32 45 0.72244275
149 247 27 33 0.7209831
698 400 44 49 0.7203876
445 241 29 33 0.7119886
776 262 22 28 0.6845149
361 245 27 34 0.649153
53 308 36 43 0.64207524
549 182 32 36 0.6046657
212 178 34 40 0.5922435
254 250 22 29 0.57692873
289 176 32 35 0.57284427
626 194 32 35 0.5155054
677 255 29 32 0.4632239
598 248 29 35 0.39617962
525 247 29 31 0.34461498
515 243 31 38 0.28394333
357 173 26 27 0.2688144
558 192 17 22 0.26642832
641 537 23 30 0.17163822
225 193 17 22 0.16440828
364 182 13 17 0.12900141
696 199 27 29 0.11724036
646 545 15 21 0.11639362
556 261 26 27 0.11450566
41 305 56 58 0.11218183
632 432 27 34 0.11061162
259 257 11 16 0.10752009
307 280 19 22 0.09938626
307 269 27 27 0.08672632
711 411 22 27 0.07305019
157 334 30 36 0.07119915
667 228 11 14 0.056394815
681 194 21 20 0.055072088
737 381 23 25 0.053334374
399 442 22 23 0.050737873
658 178 25 26 0.048671827
364 246 19 23 0.045592077
451 423 18 28 0.044586394
163 342 16 18 0.04220532
456 250 10 16 0.041239943
740 648 80 74 0.03892611
219 185 25 27 0.03371834
365 548 18 21 0.03339038
451 179 26 22 0.03246324
519 51 26 27 0.031842805
237 225 14 18 0.031634603
375 440 30 29 0.027049324
671 285 23 28 0.026872475
684 261 15 17 0.025623454
515 197 21 23 0.025430003
376 520 16 18 0.023776231
322 423 19 24 0.023721278
747 314 61 72 0.02252562
638 182 18 25 0.022095183
785 542 22 29 0.021632548
219 266 12 13 0.021503787
320 634 187 185 0.02025382
793 549 10 14 0.020239646
