58_Hockey_icehockey_puck_58_17
28
68 83 68 74 0.69864124
155 495 64 50 0.5629816
31 331 71 81 0.5545656
438 491 36 33 0.4855362
585 246 22 19 0.21185125
89 93 44 53 0.114140935
802 475 38 34 0.08146898
925 166 28 25 0.07898397
861 78 51 46 0.05967355
228 335 56 45 0.052875936
370 228 23 22 0.050004028
56 333 79 75 0.048688617
50 308 134 104 0.044581447
15 459 64 67 0.042761996
225 340 90 67 0.03920398
259 451 44 42 0.038515076
422 472 77 72 0.03455645
645 307 52 47 0.033692516
593 253 10 9 0.030435806
155 349 50 43 0.03024769
13 489 50 57 0.030179605
19 334 44 51 0.029060524
388 462 28 25 0.026576811
163 346 35 30 0.024086071
808 478 26 23 0.024046237
609 193 189 149 0.022780042
314 240 34 29 0.02256357
6 306 120 89 0.021532495
