58_Hockey_icehockey_puck_58_384
59
216 198 37 36 0.48492852
529 452 31 28 0.44631457
604 230 30 28 0.41251564
224 482 54 46 0.37874502
344 578 36 31 0.31546077
547 299 38 37 0.29086012
409 495 41 37 0.2903481
554 311 25 22 0.2894306
676 69 37 30 0.24910153
0 494 21 28 0.23782821
744 131 19 20 0.22830926
846 27 18 17 0.22212313
657 192 30 27 0.19627856
453 197 41 37 0.18812895
760 54 39 39 0.18457255
836 21 26 21 0.1822838
726 116 51 45 0.17577894
594 193 28 27 0.1737239
597 203 32 32 0.14652377
633 74 21 21 0.14467952
663 196 18 19 0.13723384
293 447 31 34 0.13548984
694 66 40 36 0.1289906
-3 541 31 44 0.11244627
142 525 53 46 0.11136676
621 67 39 33 0.086954325
443 242 27 27 0.079246774
809 9 29 22 0.07117484
426 503 30 29 0.07033278
234 488 30 30 0.067430824
510 341 35 35 0.06327597
0 556 25 22 0.062976986
165 501 45 36 0.054809574
918 12 27 27 0.053487
330 473 45 44 0.053125713
769 61 26 29 0.048644725
737 132 36 34 0.040741984
394 248 38 38 0.04022374
382 293 45 37 0.039806288
2 507 15 15 0.03893186
381 410 41 36 0.037112504
540 451 13 16 0.03655504
538 251 35 33 0.03468196
381 431 35 35 0.03369983
612 111 47 46 0.031324748
247 482 37 31 0.02865151
526 149 43 37 0.027520016
518 345 23 23 0.027456058
611 137 41 42 0.027262393
831 57 25 29 0.025553154
755 1 30 23 0.024661072
807 14 31 29 0.024567576
327 350 42 45 0.024465483
258 458 38 37 0.02445047
301 388 25 29 0.024339287
183 197 58 48 0.02396967
341 265 35 33 0.02382934
926 14 16 14 0.023041284
675 97 34 41 0.02111768
