58_Hockey_icehockey_puck_58_692
21
444 74 66 64 0.7549684
600 125 48 43 0.50571847
574 99 56 56 0.3799205
247 49 45 41 0.2999612
376 90 47 40 0.29512846
583 105 37 42 0.25774932
151 47 23 21 0.11971503
553 100 41 44 0.1008335
255 61 33 35 0.098801024
318 102 34 32 0.08978245
610 49 30 30 0.06147508
387 100 20 20 0.060161904
434 56 65 67 0.04631889
543 78 142 120 0.04048532
587 106 82 69 0.039941594
441 93 84 60 0.033352498
562 115 18 18 0.031943828
337 291 16 15 0.030084642
660 183 48 41 0.02717346
113 50 25 23 0.02299717
398 97 19 20 0.0225883
