58_Hockey_icehockey_puck_58_895
29
73 742 86 100 0.71577895
182 787 64 83 0.64431363
619 246 421 616 0.620348
16 775 47 60 0.55114895
389 872 31 35 0.4105926
379 816 23 34 0.340838
398 779 23 32 0.3013035
307 806 33 41 0.28466693
396 879 19 25 0.2596718
309 819 23 26 0.1970017
6 758 69 99 0.19547993
204 793 48 65 0.16143864
326 822 15 23 0.106982365
162 772 106 111 0.09462936
445 759 19 27 0.08546567
382 796 25 30 0.079271175
788 547 274 303 0.073847584
589 565 57 67 0.059130218
331 782 22 22 0.046304006
367 785 20 19 0.042383224
294 798 51 56 0.029881228
414 764 26 31 0.02925111
603 163 84 119 0.024298714
754 153 155 162 0.023489658
75 222 200 224 0.021966437
367 418 37 42 0.021965437
643 111 117 121 0.021313291
255 225 201 218 0.020129696
598 94 142 157 0.02001204
