58_Hockey_icehockey_puck_58_262
82
205 329 18 18 0.51105386
271 319 14 14 0.45783678
202 231 23 22 0.43987215
774 490 19 18 0.3872654
208 333 12 11 0.34283882
426 203 14 12 0.31290245
210 239 7 8 0.29790613
41 323 24 21 0.29042807
383 241 12 11 0.2745224
559 219 12 12 0.27366534
319 349 20 19 0.25157335
345 245 16 14 0.23731066
327 353 13 15 0.20035033
359 32 23 20 0.17279586
310 326 15 13 0.1563135
315 233 16 13 0.15209436
207 239 14 13 0.15025903
294 319 33 28 0.1299244
187 -1 18 13 0.12609513
472 189 15 19 0.1254722
383 236 14 13 0.11296754
425 46 14 13 0.107061066
553 225 9 9 0.10540963
209 241 7 8 0.104248784
536 245 13 14 0.102555186
881 76 13 12 0.099409066
784 49 18 17 0.08780618
418 212 17 18 0.08611066
888 -1 15 13 0.084099345
180 1 20 14 0.079068735
826 77 10 8 0.07728523
117 618 16 16 0.07546627
369 30 17 14 0.07257687
202 336 14 14 0.06637684
463 199 11 9 0.065105416
785 252 14 14 0.06322279
94 643 23 20 0.06273182
336 1 14 12 0.0571358
717 264 13 15 0.05476151
855 81 14 12 0.05400118
333 25 16 13 0.05124936
330 238 4 6 0.04987915
325 328 15 13 0.048850123
892 0 18 12 0.04677885
341 247 9 10 0.044338103
581 221 14 14 0.042120922
456 196 9 9 0.03937024
322 245 5 5 0.0390294
492 50 13 12 0.038885735
95 316 15 14 0.03870427
4 628 10 10 0.03730693
321 239 4 3 0.0357997
4 632 15 14 0.03570346
324 11 11 10 0.035422865
460 185 16 14 0.03331009
233 405 95 80 0.033165142
838 77 13 12 0.03312493
589 657 30 22 0.030973386
239 643 22 15 0.03082517
413 46 17 14 0.030756012
573 214 7 7 0.030433847
369 316 13 12 0.029770443
465 255 15 14 0.029422292
258 7 15 12 0.029225051
312 653 26 17 0.028105758
525 667 26 19 0.027560582
805 492 16 17 0.026529182
528 673 14 13 0.026093708
6 634 19 20 0.025765406
467 8 11 8 0.024453519
345 277 14 10 0.024052488
776 61 11 10 0.022934655
495 231 11 11 0.022874014
208 337 10 11 0.02233772
75 339 12 12 0.021246266
48 341 10 11 0.0210757
81 74 20 15 0.020993657
411 35 40 40 0.02084145
474 189 7 8 0.020806665
417 238 15 17 0.02076871
244 642 7 6 0.020674493
84 53 13 11 0.020441314
