58_Hockey_icehockey_puck_58_245
54
609 198 37 29 0.7858198
153 77 33 28 0.7594312
93 190 43 33 0.75933
195 122 40 33 0.75545835
249 204 44 34 0.75023806
608 74 37 29 0.75002515
834 202 38 31 0.748573
433 197 41 34 0.743234
894 169 42 34 0.74295974
466 114 45 36 0.7306253
673 57 38 31 0.7237252
881 48 33 29 0.71970934
189 226 51 36 0.71938634
673 292 39 30 0.70584464
275 79 42 35 0.7043473
404 87 42 33 0.7017185
727 68 38 30 0.6967897
92 94 51 38 0.6909688
376 107 37 29 0.68635124
810 60 29 26 0.6822533
350 206 41 34 0.63468456
160 83 22 18 0.6268068
608 369 39 30 0.6219945
524 103 37 30 0.57653165
451 108 75 51 0.44106713
617 202 23 22 0.42614624
201 129 25 20 0.42248258
338 109 32 24 0.39370844
286 85 19 21 0.3315761
723 191 21 18 0.32720453
397 173 109 78 0.25343636
148 270 31 23 0.18197678
658 284 63 48 0.16344717
165 85 12 12 0.1615402
513 99 60 40 0.15075691
357 210 22 24 0.13912977
707 396 37 27 0.13408773
348 113 17 18 0.12458519
588 368 33 25 0.10776578
102 196 23 23 0.08452692
712 402 24 20 0.05509507
835 289 28 26 0.045728963
685 61 21 24 0.045365248
473 93 42 38 0.044681095
654 355 34 28 0.0445459
391 85 65 47 0.03617343
736 60 39 31 0.034527544
565 86 13 10 0.032478686
537 99 32 28 0.028149059
102 93 33 26 0.027525293
617 78 21 18 0.025564438
124 80 21 27 0.024986964
385 103 18 19 0.022256548
410 438 22 16 0.020551357
