58_Hockey_icehockey_puck_58_94
39
751 116 54 51 0.7322617
434 113 49 54 0.72872293
686 167 46 47 0.71552527
811 235 55 50 0.6943969
304 92 48 44 0.6841098
117 34 50 45 0.6747497
566 157 44 48 0.51907593
522 229 80 57 0.43305296
986 119 26 27 0.39942092
34 13 55 51 0.36400154
849 158 35 41 0.3014699
751 206 38 35 0.27080694
759 211 24 24 0.15513963
55 18 50 47 0.13439754
975 121 35 34 0.119261555
11 64 23 29 0.09378526
160 299 133 145 0.07652977
837 194 38 38 0.0608657
582 371 57 51 0.059405554
988 132 25 36 0.058375265
885 208 26 28 0.05468901
450 129 46 45 0.043969087
600 386 19 23 0.043942112
966 103 52 50 0.04321198
505 50 19 20 0.041934077
140 49 13 16 0.040507086
593 98 41 36 0.035428543
3 47 23 23 0.034488328
847 192 34 26 0.03255528
875 206 49 42 0.03244262
539 187 60 65 0.03235373
719 106 118 82 0.03152333
22 84 13 15 0.030319331
495 49 25 27 0.027752379
503 56 14 14 0.02699688
56 24 29 31 0.02437303
822 255 30 30 0.020986293
154 309 105 97 0.020944769
859 98 11 12 0.020096865
