58_Hockey_icehockey_puck_58_671
22
389 253 31 29 0.5502171
258 254 53 47 0.53511786
299 242 33 32 0.5129255
573 247 33 31 0.49891126
269 262 33 33 0.41015318
397 261 18 18 0.199195
400 257 18 18 0.15238948
572 254 21 19 0.11034414
222 283 41 43 0.08104241
159 -4 185 130 0.07742869
551 257 19 18 0.06388193
619 329 46 37 0.046879
390 261 19 17 0.042886652
670 193 33 33 0.037525173
489 253 19 20 0.033120412
624 317 28 25 0.028660813
373 226 189 144 0.026542362
567 256 27 29 0.02548338
629 325 25 22 0.021654718
510 257 13 12 0.02024889
629 335 29 24 0.020197192
812 139 47 69 0.020035919
