58_Hockey_icehockey_puck_58_285
25
944 249 73 80 0.62091285
563 88 28 29 0.5912452
428 125 30 33 0.57843953
569 172 40 40 0.5760524
289 149 35 34 0.48782346
790 80 13 16 0.4414945
567 93 18 18 0.4143857
43 133 17 18 0.40381095
305 128 26 30 0.34132066
313 114 20 24 0.22850658
554 161 56 59 0.16457435
835 71 16 16 0.1262731
875 262 91 65 0.07003554
840 77 14 16 0.06531247
887 65 16 16 0.060198072
962 229 51 60 0.04417972
898 69 15 14 0.043645788
577 175 22 30 0.038670626
618 171 14 15 0.03579273
447 277 62 54 0.035370212
852 69 11 10 0.033803467
824 80 18 17 0.033677593
566 99 25 25 0.029767942
801 111 16 19 0.024178378
81 162 18 20 0.021192297
