12_Group_Group_12_Group_Group_12_578
24
523 244 84 90 0.7724298
299 253 49 49 0.63632935
780 350 102 98 0.37779385
168 267 77 71 0.2982858
308 263 33 32 0.1609543
741 356 90 83 0.09642016
722 325 147 135 0.08714363
24 289 53 55 0.05585068
508 466 130 125 0.054589875
47 279 80 75 0.049984843
735 434 170 203 0.03897417
555 209 108 115 0.037026715
40 302 39 35 0.030528463
371 -23 113 111 0.027714936
242 382 73 66 0.02634027
511 496 91 84 0.026188422
661 527 84 82 0.025998883
210 352 154 133 0.025909394
266 377 78 77 0.023699913
762 205 35 37 0.023277566
675 14 92 96 0.022853129
650 30 179 170 0.022622457
184 292 270 253 0.020941913
8 294 84 88 0.02058672
