12_Group_Group_12_Group_Group_12_268
23
898 218 27 32 0.9943543672561646
807 390 50 49 0.9942556023597717
609 221 36 40 0.9919300675392151
457 331 36 39 0.989371657371521
460 211 29 40 0.9879558682441711
584 364 40 44 0.9871916770935059
915 320 34 37 0.9850583076477051
106 248 21 25 0.981586754322052
833 231 24 30 0.9814894795417786
245 87 24 25 0.9811253547668457
339 362 41 43 0.9734715819358826
307 247 22 28 0.9726344347000122
218 211 25 34 0.9707663059234619
156 259 28 33 0.9562779664993286
727 266 25 30 0.9504983425140381
701 377 45 54 0.9473649859428406
376 212 27 30 0.9323748350143433
255 349 31 44 0.9163970351219177
712 193 21 33 0.8349008560180664
777 215 16 25 0.8317275643348694
456 179 21 30 0.8008029460906982
700 203 25 30 0.7108410596847534
158 359 33 33 0.6325203776359558
