12_Group_Group_12_Group_Group_12_62
23
458 174 65 61 0.814248
555 141 41 49 0.78701913
647 139 54 58 0.78606427
738 93 61 61 0.7711736
184 149 59 57 0.76363087
253 133 55 58 0.7596984
799 126 58 59 0.7508285
388 122 65 56 0.7028131
336 162 62 54 0.56207585
812 128 31 53 0.4625317
755 105 31 40 0.3039403
878 149 23 19 0.23279682
398 133 40 34 0.21660909
723 85 96 78 0.20559274
774 118 109 83 0.14303057
311 149 120 95 0.07059369
621 120 119 104 0.0633612
227 126 105 91 0.036110166
332 375 85 68 0.03044435
711 47 163 139 0.029835682
590 607 33 36 0.02674201
737 104 118 96 0.021723006
457 643 51 38 0.020363955
