12_Group_Large_Group_12_Group_Large_Group_12_72
25
496 225 61 74 0.8074846
537 458 56 63 0.8022142
400 176 65 72 0.78736025
450 350 54 51 0.7817152
283 106 52 57 0.77816063
213 267 60 60 0.77813256
356 471 55 61 0.75151706
617 235 45 54 0.7494084
667 134 66 71 0.74678785
708 378 63 67 0.6421125
684 144 30 52 0.5412443
230 278 26 37 0.52357966
512 250 30 29 0.23525244
729 393 17 30 0.1544133
397 430 134 119 0.072319984
380 171 101 99 0.06534061
300 126 19 21 0.0641676
556 473 23 39 0.058623426
518 233 27 54 0.0573287
371 439 32 35 0.032385204
562 216 105 106 0.02526273
-13 548 190 178 0.023327539
187 204 87 107 0.022924198
138 684 68 80 0.021767786
52 621 133 119 0.0202435
