12_Group_Team_Organized_Group_12_Group_Team_Organized_Group_12_551
19
274 -1 84 100 0.8153674
492 69 93 110 0.6136717
198 405 20 24 0.34612122
244 -21 146 144 0.15935108
308 0 45 84 0.099452995
498 97 59 76 0.098870106
85 432 23 23 0.09658563
202 410 11 15 0.07377457
76 446 15 18 0.045725882
429 733 296 294 0.037661724
204 416 7 11 0.0357082
85 438 15 18 0.03298537
-42 762 179 203 0.03228568
71 372 168 179 0.03103602
739 426 29 39 0.030648746
452 19 171 180 0.027802749
50 451 18 22 0.025983436
738 316 73 92 0.022935092
471 96 69 75 0.021542532
