12_Group_Large_Group_12_Group_Large_Group_12_322
33
518 377 30 40 0.7353715
1000 382 23 40 0.7259518
816 395 36 46 0.6899763
250 354 33 42 0.6588279
821 403 24 33 0.65171784
61 349 30 39 0.58588004
751 352 38 51 0.46237546
755 369 27 35 0.41829848
318 360 29 39 0.40528765
259 363 21 30 0.33806002
323 369 17 24 0.3077959
529 388 12 21 0.25912815
312 359 47 58 0.25589776
828 411 10 16 0.21685635
763 373 16 28 0.12499979
994 40 22 27 0.11353298
1007 395 10 14 0.09096978
374 301 21 23 0.058735535
966 46 22 24 0.046422776
669 343 15 20 0.040800277
2 84 120 109 0.039065346
153 348 34 36 0.03851759
175 342 18 23 0.03634851
856 341 19 23 0.032270506
979 41 23 24 0.03023145
152 319 29 36 0.027879246
189 331 18 23 0.026011085
644 347 18 20 0.02515704
942 45 76 82 0.023610791
494 388 83 97 0.021976897
311 369 27 41 0.021875435
709 297 170 188 0.021316981
261 -1 44 52 0.02047685
