12_Group_Team_Organized_Group_12_Group_Team_Organized_Group_12_340
63
464 9 69 40 0.6540164
16 2 82 55 0.65041983
349 2 92 47 0.6342983
117 5 82 50 0.5894456
273 10 77 42 0.5879981
315 123 79 64 0.52290577
280 28 84 51 0.48443583
592 36 84 48 0.37743726
-13 86 76 53 0.373317
905 51 67 35 0.28714278
94 8 66 42 0.23261198
629 18 32 15 0.222323
477 22 43 23 0.20125534
289 20 48 28 0.19709761
284 111 144 62 0.19564226
520 34 68 37 0.18883476
-15 -12 156 61 0.1750228
447 -1 80 38 0.14811377
524 0 43 17 0.14748263
135 29 58 35 0.14338791
293 44 45 24 0.13835493
332 163 44 17 0.12697852
213 1 59 23 0.11411726
495 13 70 35 0.11276803
852 50 42 20 0.10032124
916 43 51 32 0.09321897
118 14 65 28 0.07200304
338 0 79 35 0.06823347
537 0 32 13 0.06448136
318 158 49 31 0.06328042
381 10 51 29 0.062985554
332 147 47 37 0.06263259
68 0 75 34 0.053003132
256 13 51 29 0.05174244
748 57 46 20 0.05134315
337 126 63 32 0.05048305
310 31 66 34 0.050272815
30 8 70 32 0.049156155
932 48 61 41 0.04775378
803 56 59 25 0.04031556
-4 82 54 41 0.038186725
345 135 52 35 0.03777247
833 84 65 34 0.037498783
145 -2 84 36 0.035872854
423 -4 156 55 0.03557999
618 49 54 24 0.03458201
340 -17 133 64 0.034562342
372 37 54 32 0.029387148
270 171 32 16 0.029108986
270 120 96 51 0.027351608
502 41 112 60 0.027270755
150 194 16 7 0.02704965
176 20 31 13 0.024568625
10 -7 80 43 0.024463968
44 4 68 28 0.024061637
23 140 49 30 0.0238854
298 140 148 56 0.021451982
282 14 45 21 0.021340033
310 138 62 26 0.021256158
270 19 29 15 0.020856947
143 192 24 12 0.020455083
286 0 76 35 0.020198312
735 56 30 14 0.020040853
