12_Group_Large_Group_12_Group_Large_Group_12_253
29
463 239 23 25 0.9924653768539429
248 405 28 34 0.9907400608062744
377 234 28 33 0.9821830987930298
693 232 26 32 0.9798192381858826
550 336 26 31 0.9726584553718567
676 322 26 34 0.9564855694770813
98 245 27 36 0.9522616267204285
749 376 31 31 0.9490025043487549
162 270 28 28 0.9486297965049744
488 376 28 29 0.9416742920875549
24 436 33 41 0.9336062669754028
129 200 15 23 0.933368444442749
39 271 28 32 0.931000292301178
926 266 26 25 0.8701357245445251
267 218 16 22 0.8675034046173096
854 248 31 45 0.8375774621963501
762 194 31 41 0.8116105794906616
142 431 17 19 0.8076685070991516
980 398 24 28 0.807579517364502
324 232 12 19 0.7973419427871704
39 200 23 32 0.788209080696106
199 195 19 29 0.7499576210975647
25 211 25 34 0.7490031123161316
362 430 30 26 0.6679802536964417
170 210 24 31 0.6517213582992554
225 272 22 23 0.6346710920333862
550 211 19 22 0.6295194029808044
635 221 16 23 0.6163054704666138
214 195 26 36 0.5113071203231812
