12_Group_Group_12_Group_Group_12_759
20
372 121 73 75 0.81876594
811 134 94 103 0.7802145
237 187 84 84 0.777068
56 104 75 108 0.74310714
531 190 90 94 0.6872569
535 210 57 51 0.13553317
836 164 39 47 0.11966838
785 273 19 20 0.116758436
378 143 42 38 0.07076338
4 385 117 93 0.056280613
829 142 53 73 0.05160399
801 100 163 156 0.049313296
794 152 78 69 0.040780492
167 173 161 127 0.03241656
344 131 69 62 0.03219713
816 547 71 60 0.030931463
58 120 58 68 0.029601933
242 206 59 57 0.027583621
242 463 78 63 0.020857055
536 455 150 145 0.020641718
