12_Group_Group_12_Group_Group_12_843
32
405 506 73 89 0.44311675
323 446 47 48 0.4095513
662 254 30 33 0.40417835
668 262 15 20 0.3244825
625 207 12 14 0.28878677
414 234 17 18 0.27143422
496 226 17 19 0.22278185
594 218 20 20 0.15302722
552 224 7 9 0.14765419
514 232 7 7 0.12467988
609 218 11 15 0.10101715
299 485 53 71 0.09593159
590 198 13 11 0.08464392
675 270 19 23 0.0698468
10 438 172 245 0.062396713
610 203 12 14 0.05816756
-1 254 13 16 0.054038305
628 210 20 23 0.05136091
422 238 6 8 0.050905064
386 523 61 62 0.049634147
709 306 17 16 0.044397097
317 195 12 12 0.043882392
530 224 11 15 0.041507095
224 692 112 111 0.035423446
253 223 9 9 0.03480292
600 332 22 25 0.03354243
422 246 7 8 0.029952178
576 200 8 8 0.027112909
863 576 54 44 0.021587322
697 320 81 88 0.02132905
310 473 58 67 0.021036984
571 198 14 15 0.020448625
