12_Group_Group_12_Group_Group_12_379
83
182 98 50 47 0.7888709
534 234 38 37 0.78613263
887 230 40 38 0.7622623
424 248 36 39 0.75907385
320 238 52 49 0.7539275
239 236 36 33 0.7488338
79 236 33 33 0.74429053
150 245 37 36 0.739266
797 244 37 36 0.737745
152 185 36 34 0.73070955
729 220 39 39 0.7083836
625 230 43 44 0.70491946
634 180 36 32 0.7043724
520 111 36 36 0.7040768
285 112 27 30 0.7036777
424 154 44 41 0.7035507
296 171 27 26 0.68604517
842 114 40 39 0.6816503
222 177 32 32 0.6790706
360 160 25 29 0.6774466
613 113 33 31 0.67627585
575 136 33 31 0.6748007
530 164 39 39 0.6710331
484 117 33 37 0.63116544
761 157 32 30 0.62802875
377 117 35 31 0.59225786
869 173 34 35 0.5857752
229 181 22 23 0.5642111
727 133 30 31 0.54903734
796 107 24 29 0.5294619
436 261 11 15 0.5142687
546 248 10 12 0.50523293
423 106 20 18 0.48143768
666 119 34 33 0.46559715
490 130 11 14 0.43056428
660 126 38 37 0.37353137
388 125 14 16 0.34991544
583 140 23 22 0.3092181
164 255 13 17 0.27792525
291 119 16 20 0.25199357
734 142 14 15 0.23828727
668 133 21 19 0.23775446
534 124 8 9 0.21994396
197 111 17 22 0.21124806
90 244 12 15 0.18963295
402 109 27 25 0.16470838
876 181 18 19 0.15833786
625 125 6 8 0.15750782
854 125 14 18 0.15660009
541 174 18 22 0.14748463
881 183 10 11 0.14348853
741 143 35 31 0.13184355
169 198 8 11 0.12966236
253 248 9 12 0.11844261
824 115 34 30 0.11596829
637 238 19 19 0.09613727
662 242 31 28 0.0890802
428 111 8 9 0.08515185
804 250 20 19 0.08475432
721 557 145 104 0.082007855
802 117 9 12 0.08182952
566 128 58 54 0.06686357
341 253 16 20 0.06300845
415 108 28 26 0.061119106
696 103 20 20 0.056226533
784 115 32 22 0.04592148
528 120 17 21 0.042456526
772 402 12 11 0.038010813
621 122 15 17 0.032674104
744 290 99 99 0.031200353
736 513 13 10 0.029720375
385 120 24 18 0.02771468
722 372 80 73 0.027610997
440 493 124 88 0.025813134
432 165 30 26 0.02576762
807 506 8 8 0.025581256
332 241 32 36 0.024213191
212 163 53 43 0.023754487
843 408 11 10 0.02352537
552 581 47 41 0.023437908
596 224 103 79 0.022978393
349 159 45 38 0.02043542
808 110 11 11 0.020323602
