12_Group_Team_Organized_Group_12_Group_Team_Organized_Group_12_55
25
183 133 42 40 0.71325964
290 171 32 30 0.49437538
63 84 51 43 0.41530165
431 94 32 34 0.19101371
47 99 79 62 0.1659322
224 119 26 26 0.08438027
245 141 22 25 0.048206426
191 109 29 33 0.047074173
416 102 34 34 0.04324761
275 239 25 24 0.038529206
226 136 34 31 0.035342168
388 159 38 33 0.033527337
135 479 227 201 0.032491878
442 158 29 29 0.031371605
192 123 21 26 0.028160647
165 544 240 194 0.028144699
196 107 22 18 0.025516829
626 545 225 191 0.02465662
297 124 25 21 0.023884038
-9 164 73 78 0.023354044
423 242 79 64 0.023133092
722 533 251 215 0.023085875
60 287 44 48 0.02258497
338 344 33 33 0.02193534
45 420 294 246 0.020992769
