12_Group_Team_Organized_Group_12_Group_Team_Organized_Group_12_500
23
576 144 127 164 0.8270458
221 172 110 109 0.784176
935 82 87 100 0.74354714
858 157 147 187 0.6980692
367 109 186 201 0.49640775
594 182 83 67 0.22057411
161 145 210 143 0.18149643
412 2 35 23 0.17213966
598 189 75 110 0.1274704
869 136 134 119 0.09392888
631 189 58 53 0.0654461
562 205 164 123 0.062546395
453 189 131 95 0.05724018
882 175 142 103 0.054786555
85 245 34 22 0.05199703
480 233 81 76 0.050132077
727 209 81 84 0.036555998
80 149 75 53 0.0333652
98 251 13 12 0.029661976
734 228 46 42 0.02790752
963 95 51 72 0.025919918
206 194 92 84 0.022073943
915 52 154 129 0.021498123
