12_Group_Team_Organized_Group_12_Group_Team_Organized_Group_12_855
35
881 239 38 37 0.6964903
802 280 36 34 0.6854343
673 285 30 27 0.6735149
740 279 35 33 0.62687206
802 383 27 26 0.48776057
728 254 21 22 0.37308183
904 313 25 22 0.16798945
163 466 10 11 0.0965202
733 268 21 19 0.09410066
820 349 22 22 0.089334056
167 393 15 12 0.05994632
265 489 13 10 0.05816381
129 476 12 10 0.052878186
30 474 15 14 0.05129551
310 394 19 16 0.042058777
690 262 18 17 0.04010269
200 494 16 18 0.03797296
683 279 12 13 0.03729498
828 349 16 17 0.03648795
616 265 26 19 0.0361747
876 222 54 64 0.035084296
596 379 14 12 0.03394492
614 258 68 56 0.031955842
981 404 39 34 0.031206237
713 254 13 12 0.031082898
79 473 11 8 0.028716488
651 333 33 28 0.027463311
699 347 50 51 0.026626103
933 489 16 18 0.023452189
674 254 16 15 0.023294251
803 269 37 29 0.022372289
262 468 20 18 0.021080881
598 265 17 18 0.020452423
813 277 15 18 0.020182235
641 265 60 46 0.020165648
