12_Group_Team_Organized_Group_12_Group_Team_Organized_Group_12_442
40
755 182 32 25 0.7190751
805 169 34 28 0.6839121
450 215 24 19 0.67246974
183 186 39 28 0.6566143
518 185 28 21 0.6520849
230 200 45 33 0.59044677
13 205 46 42 0.54246145
664 206 34 26 0.4634625
971 214 29 27 0.40116265
1001 173 30 27 0.29069877
388 211 24 18 0.28353468
976 221 28 26 0.23583294
870 268 28 20 0.17633079
762 188 18 17 0.17046393
246 206 25 25 0.14052054
541 167 27 18 0.12935136
430 244 22 19 0.116099104
604 141 23 17 0.095248945
690 77 40 28 0.09459185
956 209 51 37 0.084727265
614 162 24 16 0.079133496
775 179 20 21 0.07356069
422 240 25 23 0.06827793
973 224 19 16 0.06693389
305 215 28 19 0.054414086
442 202 45 36 0.03697204
255 67 46 35 0.031745486
545 163 19 15 0.030547032
764 173 41 30 0.028821435
798 135 27 18 0.028189313
590 128 53 43 0.02720736
655 204 57 37 0.026382621
697 81 23 14 0.026302889
782 146 71 47 0.025480134
230 194 36 26 0.02432427
125 203 27 21 0.02364189
732 279 96 69 0.021834439
250 196 23 22 0.021274917
259 174 22 18 0.020741554
405 212 15 12 0.020515492
