12_Group_Large_Group_12_Group_Large_Group_12_15
19
297 195 56 54 0.9963153004646301
610 196 42 45 0.9927442073822021
239 349 47 46 0.9914122819900513
508 252 52 53 0.985306978225708
761 268 43 40 0.9848706126213074
217 218 42 44 0.9818873405456543
816 427 56 44 0.9815865159034729
737 347 35 36 0.9787662029266357
846 203 54 55 0.9768235683441162
74 407 52 54 0.9763879776000977
517 393 41 37 0.973688542842865
406 373 50 48 0.9679774641990662
356 287 36 35 0.9606994986534119
139 330 38 37 0.9589452743530273
634 446 37 37 0.8522822260856628
638 334 28 29 0.8300215601921082
568 315 23 32 0.7892093062400818
403 231 45 64 0.775563657283783
573 308 44 46 0.5987448692321777
