12_Group_Large_Group_12_Group_Large_Group_12_107
69
633 313 39 44 0.81480956
462 376 47 44 0.7956302
540 295 43 46 0.7831324
718 377 37 37 0.78108984
177 379 57 53 0.77769506
295 325 42 41 0.7575964
157 204 43 42 0.7459794
836 194 36 40 0.7425095
431 244 27 32 0.7353603
228 181 41 40 0.71769875
81 216 42 45 0.71767086
385 320 39 36 0.71593016
752 197 41 43 0.67575943
461 201 36 35 0.63291734
409 206 30 32 0.63100785
651 223 20 22 0.6083092
702 202 26 24 0.6044633
300 201 37 42 0.5964506
595 213 24 25 0.59183073
505 204 40 40 0.58351004
549 198 31 28 0.5334983
812 176 87 77 0.52189016
340 219 41 29 0.5213988
728 385 14 20 0.47517955
191 385 33 43 0.4487544
641 320 23 28 0.3989496
517 215 16 19 0.39515144
310 338 10 14 0.29837793
395 324 21 29 0.29760054
762 204 22 27 0.24433085
617 176 32 27 0.23604126
556 204 14 17 0.23393005
310 212 17 20 0.22415254
622 188 18 18 0.21413757
210 165 78 67 0.20927384
472 211 15 14 0.2089766
348 223 22 22 0.20659557
324 210 35 32 0.2001913
598 202 42 37 0.16993484
906 195 25 27 0.15008698
218 350 28 28 0.14826933
170 209 27 31 0.13880795
30 519 23 23 0.13807689
769 211 9 14 0.13671182
624 182 17 15 0.11584491
228 367 14 13 0.10828733
682 164 25 20 0.10125691
548 299 26 33 0.1000496
36 524 13 14 0.09781355
535 205 24 23 0.09144613
680 203 33 34 0.08426415
198 388 21 27 0.06523806
62 386 49 43 0.05375292
880 406 20 22 0.046802405
-7 297 31 41 0.04329771
594 195 20 20 0.04185852
525 207 11 15 0.037884858
569 202 77 61 0.03639731
221 350 16 16 0.03605858
421 217 8 11 0.03574363
418 205 17 22 0.033659957
309 211 10 10 0.03053123
934 456 14 16 0.027989049
656 229 7 11 0.026539603
217 16 41 36 0.026312968
857 396 26 28 0.02524052
740 181 13 12 0.024385352
684 360 104 86 0.023954097
628 194 7 8 0.021931453
