12_Group_Group_12_Group_Group_12_84
27
817 105 71 69 0.8324809
515 78 65 56 0.8158793
425 115 66 64 0.8138328
794 320 82 85 0.8114431
593 129 76 65 0.8039009
571 294 71 76 0.8015374
171 300 71 60 0.7851078
329 118 57 55 0.7740959
113 134 58 49 0.756348
276 84 57 54 0.7381728
363 314 66 57 0.7002153
766 313 135 109 0.3453877
521 92 48 33 0.1559612
289 100 136 101 0.13574173
148 302 117 80 0.12853213
539 85 22 38 0.068001926
812 120 52 47 0.06767664
433 134 44 34 0.05702575
788 338 61 60 0.048487674
262 60 84 89 0.041285604
543 306 70 58 0.030378686
552 310 109 86 0.028731186
598 147 42 35 0.025777431
150 282 89 67 0.024607712
580 279 34 31 0.022785073
567 124 127 94 0.021915492
96 130 53 52 0.021721527
