12_Group_Large_Group_12_Group_Large_Group_12_143
32
298 164 34 41 0.76261926
465 229 32 36 0.69041294
252 218 39 43 0.6524222
77 205 32 35 0.514287
173 201 25 25 0.45434776
49 200 24 27 0.35544142
39 216 26 31 0.33286676
360 248 37 32 0.29714054
398 242 17 22 0.2661945
558 246 28 30 0.24420981
582 222 22 24 0.24117537
379 239 27 28 0.19619128
183 216 29 27 0.17192678
163 200 28 24 0.16644433
399 231 11 12 0.13623625
173 214 20 26 0.11784632
581 238 26 29 0.11388769
352 258 33 35 0.111313425
386 226 26 23 0.09552095
390 236 28 32 0.08238925
614 343 47 41 0.07545381
147 215 27 28 0.060622558
97 200 28 32 0.05621618
81 326 16 17 0.054443166
121 217 34 31 0.039402135
54 201 86 74 0.038061287
579 204 22 26 0.03522374
562 223 27 27 0.030604841
735 333 119 113 0.025121562
292 150 55 51 0.023821168
308 -18 94 81 0.022934169
304 180 25 27 0.020196814
