12_Group_Group_12_Group_Group_12_354
24
143 20 85 49 0.6537326
927 70 73 37 0.6076053
263 43 84 50 0.30032584
150 26 56 37 0.22083075
36 40 104 64 0.21373025
551 26 38 19 0.20102686
726 73 29 12 0.10644267
156 40 41 21 0.093281604
452 24 48 22 0.08903243
188 117 52 33 0.087587595
941 87 53 26 0.07417354
896 73 68 30 0.07228851
181 101 60 43 0.0649605
276 67 55 25 0.06398537
543 31 44 20 0.061766237
455 35 40 17 0.061520293
196 128 34 20 0.060297474
824 72 62 22 0.037809413
470 30 20 10 0.036687225
647 32 55 20 0.03616609
865 62 42 20 0.0353094
665 37 20 9 0.026701083
935 74 51 23 0.020698266
201 104 55 36 0.020563891
