12_Group_Group_12_Group_Group_12_29
32
800 210 84 87 0.8207566
77 206 98 120 0.8198549
263 219 66 80 0.77706736
506 202 71 71 0.6861137
931 215 55 64 0.555826
323 188 61 59 0.5059986
522 166 36 39 0.28094056
893 186 133 122 0.16985255
820 240 38 36 0.15986782
471 181 44 41 0.122214474
101 221 96 83 0.104285665
283 229 60 63 0.09959593
233 215 130 107 0.09812389
277 244 28 34 0.07093248
932 190 92 75 0.053657316
488 197 11 12 0.04236367
454 198 97 79 0.0419077
504 225 46 41 0.037197355
772 167 149 121 0.035639018
844 227 33 48 0.03389551
824 257 29 25 0.03374418
831 193 105 112 0.031093735
269 252 39 35 0.028539108
810 234 23 35 0.0262376
239 237 59 49 0.025975177
514 220 30 37 0.02550283
799 254 74 56 0.025487568
44 223 79 80 0.024387248
86 249 41 47 0.023436941
202 199 193 164 0.02340946
473 206 136 102 0.0212427
967 198 52 55 0.020983428
