12_Group_Large_Group_12_Group_Large_Group_12_315
16
763 274 25 25 0.9968107342720032
605 303 25 29 0.993513822555542
196 316 18 18 0.9921941757202148
808 386 41 39 0.9886717796325684
895 347 17 18 0.9859954714775085
316 277 21 19 0.9719892144203186
182 412 25 26 0.9719715118408203
689 412 39 36 0.9711739420890808
113 419 31 37 0.948161780834198
574 409 41 39 0.9376327395439148
659 306 23 26 0.9344757795333862
121 344 26 28 0.9289114475250244
246 412 32 33 0.9284343719482422
909 402 25 27 0.8955807685852051
516 321 21 27 0.8505578637123108
494 389 29 26 0.6237533092498779
