12_Group_Large_Group_12_Group_Large_Group_12_550
21
757 66 32 42 0.7663404
232 521 35 44 0.74864805
62 63 38 50 0.7480028
590 64 38 49 0.73914874
584 527 34 47 0.7352337
739 517 38 49 0.73479617
942 58 41 52 0.7258142
902 523 35 45 0.7241211
224 58 37 50 0.70225286
421 521 29 40 0.6860458
75 526 32 43 0.671974
909 532 24 29 0.5707676
403 61 35 46 0.56297356
243 533 15 21 0.038320377
749 530 19 27 0.028018296
578 58 41 63 0.026227215
4 563 157 196 0.025508786
890 480 64 72 0.025221702
49 622 103 111 0.021697585
429 533 14 20 0.020763842
866 435 149 159 0.02008977
