12_Group_Large_Group_12_Group_Large_Group_12_557
29
274 210 126 144 0.83430916
125 212 95 115 0.83089495
824 145 120 133 0.80404806
643 185 107 129 0.7518846
475 89 103 124 0.7020512
87 184 179 161 0.34200203
831 161 88 83 0.16053246
305 218 99 95 0.13112652
153 210 100 106 0.12405246
621 203 102 97 0.099322654
131 253 82 62 0.08218657
682 187 70 85 0.053300545
131 158 40 38 0.05245017
105 160 31 28 0.048357755
603 157 194 185 0.042420805
467 39 177 156 0.04068911
479 106 56 76 0.03892042
242 187 195 200 0.035734847
257 537 273 187 0.034685608
252 229 104 96 0.034639433
791 48 262 235 0.032476775
531 94 87 91 0.032473255
260 211 83 81 0.030463094
50 615 67 56 0.029068954
912 356 56 61 0.02713674
34 593 129 99 0.025186602
94 238 132 122 0.02378293
19 604 95 80 0.02170809
455 463 162 142 0.02071679
