12_Group_Large_Group_12_Group_Large_Group_12_736
50
303 385 20 20 0.5251281
739 385 26 30 0.49626005
624 353 27 26 0.48614663
932 453 30 34 0.4137488
134 328 50 43 0.4096273
576 395 27 30 0.40133333
221 397 23 24 0.3959309
68 307 19 23 0.37275976
147 446 21 21 0.34771633
70 311 13 15 0.33383718
412 392 12 14 0.32488987
147 387 19 23 0.32094496
226 365 21 21 0.3182865
13 355 19 25 0.29047418
948 442 18 21 0.27727777
219 393 35 43 0.27643582
180 364 24 23 0.26851642
975 506 26 28 0.2538781
668 359 31 31 0.24510372
154 385 16 18 0.22228822
952 438 20 21 0.13724768
164 351 20 21 0.13354538
229 436 29 37 0.13298653
569 402 20 23 0.11311914
101 376 18 20 0.10805318
183 374 22 28 0.10635043
18 309 11 15 0.075789146
890 282 13 13 0.07476627
59 309 15 17 0.0712402
232 444 18 21 0.07102577
93 365 23 23 0.06522696
750 459 26 29 0.06462117
12 309 14 13 0.061664052
104 365 22 25 0.06037602
444 393 13 15 0.05262421
943 465 9 11 0.043773524
439 394 14 16 0.040370382
917 439 25 29 0.03217572
744 357 15 16 0.030703893
133 369 46 46 0.028732331
160 361 17 13 0.02822489
564 370 19 15 0.026149282
893 287 11 11 0.024578148
767 352 16 20 0.023741841
561 451 19 22 0.023110365
983 508 16 20 0.023013012
18 375 19 25 0.022003347
96 377 16 19 0.021349326
557 441 36 36 0.02052301
624 341 24 25 0.020296145
