12_Group_Group_12_Group_Group_12_10
36
243 123 63 64 0.83310735
85 115 67 72 0.8220053
676 123 68 67 0.8157225
772 98 56 62 0.8077201
285 341 69 74 0.80766964
82 305 69 80 0.80766594
664 332 72 69 0.80434114
382 151 50 50 0.8005406
534 103 66 67 0.7927869
909 140 70 71 0.75759876
843 335 96 94 0.75578076
857 201 49 44 0.603098
548 394 70 66 0.5965605
886 118 116 116 0.56757843
760 83 78 91 0.5599399
648 316 107 104 0.4193275
878 369 58 65 0.17344809
876 353 42 59 0.16953935
847 352 57 62 0.121373385
93 329 30 33 0.07261736
943 417 40 51 0.070772745
49 303 133 101 0.058898203
822 382 31 33 0.05889569
470 439 52 62 0.056423176
672 349 41 40 0.05121076
98 141 20 21 0.04678271
828 392 13 16 0.043787856
545 106 37 52 0.039558407
582 54 16 15 0.03290065
518 379 85 82 0.026582316
482 447 31 39 0.024315564
201 109 97 85 0.022496173
556 417 51 44 0.021779079
40 309 85 74 0.021232655
849 78 149 123 0.020531643
292 347 34 52 0.020032346
