12_Group_Team_Organized_Group_12_Group_Team_Organized_Group_12_778
177
838 191 41 30 0.7534754
779 304 32 26 0.74622035
400 310 33 26 0.7458946
162 284 37 28 0.7370458
288 102 29 22 0.72058296
375 227 36 28 0.7058609
463 296 35 28 0.69825846
172 213 34 26 0.6969701
162 95 23 20 0.667146
650 229 33 25 0.6589705
578 104 24 19 0.6573219
695 121 35 26 0.6452586
380 231 23 19 0.6420124
316 226 38 29 0.63951737
569 293 60 44 0.6273924
602 230 32 23 0.6261744
707 307 29 23 0.6246876
340 56 29 23 0.6207478
814 142 31 24 0.6153654
698 298 49 39 0.61352694
410 58 26 20 0.61171484
704 52 33 26 0.60872775
223 100 28 23 0.59899604
218 281 46 33 0.58797544
434 229 33 25 0.58684534
102 283 41 30 0.58117294
578 58 23 19 0.58078915
337 290 36 27 0.57559544
883 164 40 33 0.56787086
551 229 31 24 0.5470355
180 216 20 20 0.53859067
233 224 27 20 0.5371899
482 221 40 27 0.5272272
787 309 17 16 0.52700627
743 116 47 30 0.52609247
506 295 40 26 0.5017105
820 146 20 15 0.4895154
682 117 64 36 0.48820534
890 172 30 18 0.484053
367 86 26 20 0.45957512
430 83 31 28 0.4591314
468 299 21 18 0.45551467
512 62 21 15 0.44959182
276 233 21 16 0.4402491
290 298 20 15 0.43363905
585 107 13 11 0.42781454
475 217 57 38 0.4271315
763 121 23 19 0.41878253
541 223 34 27 0.41506344
347 62 16 12 0.41480225
910 146 69 43 0.41267017
520 298 38 27 0.41006878
51 284 38 26 0.40704903
242 230 7 7 0.40610456
658 236 13 12 0.39890358
808 80 19 12 0.39205927
492 91 33 20 0.3917761
202 48 45 33 0.39165324
247 79 27 21 0.36999595
649 304 24 22 0.35955796
295 107 18 14 0.35245287
771 126 10 10 0.33870938
437 88 19 16 0.3310571
309 79 19 13 0.3185141
848 134 26 17 0.31719914
472 72 15 13 0.30577403
373 84 21 15 0.30491802
614 233 21 17 0.30039304
183 220 12 11 0.28617084
92 286 32 26 0.2851642
549 306 24 17 0.27212536
348 298 14 12 0.27047074
719 198 39 37 0.26931497
596 300 41 28 0.26395956
624 98 13 8 0.26364622
666 99 22 13 0.26164857
280 235 12 11 0.25711596
249 226 30 23 0.2565757
213 55 17 17 0.2524344
387 236 12 10 0.25220788
408 318 14 11 0.24743807
531 74 26 18 0.24743235
257 79 20 12 0.24377875
67 290 16 15 0.24191916
849 195 25 21 0.23376186
625 87 25 17 0.22481829
696 87 1 2 0.2244912
720 98 13 7 0.22378612
722 206 27 22 0.2210716
882 133 23 16 0.21692799
903 172 35 30 0.21410103
308 75 18 12 0.21285446
438 233 21 16 0.20482764
754 99 13 8 0.204582
527 214 31 21 0.19754404
916 147 19 13 0.19465531
516 66 11 7 0.18258926
890 143 18 13 0.17614655
547 76 10 8 0.16765998
753 102 9 7 0.16368103
796 99 10 8 0.14672855
717 63 8 8 0.14223841
747 74 14 10 0.13910456
844 108 14 9 0.13854611
335 237 7 7 0.13540275
516 300 22 17 0.13224182
384 76 11 7 0.1282702
713 120 27 26 0.114638716
681 305 36 26 0.11401214
521 380 19 15 0.11158189
420 65 7 8 0.10679612
255 83 10 10 0.10485109
808 122 11 6 0.10324769
454 225 19 16 0.0966781
813 127 8 7 0.08126714
530 211 19 14 0.07934671
669 98 9 9 0.07425117
752 85 35 21 0.07380502
653 87 2 1 0.07075736
327 83 10 8 0.0687901
466 56 41 27 0.062314846
463 76 14 9 0.061949614
727 126 13 11 0.061300173
317 293 27 25 0.060404375
323 82 8 7 0.055599697
466 228 27 20 0.053915776
65 292 12 10 0.051656112
525 73 15 9 0.050585587
941 184 24 22 0.050383605
352 66 1 2 0.048624683
487 235 15 11 0.0481107
680 82 26 19 0.046274364
839 104 9 8 0.04625947
717 66 3 3 0.04586469
407 77 77 49 0.04433053
903 143 17 16 0.042978197
52 278 29 25 0.04202896
519 68 4 5 0.04046361
518 308 18 12 0.03832338
900 151 34 27 0.03798033
260 91 8 7 0.03761155
772 231 17 13 0.037140206
887 140 7 6 0.033545893
593 102 6 6 0.032484464
456 83 31 20 0.0317709
586 67 4 6 0.031218052
74 426 53 37 0.030636447
229 306 16 16 0.030431038
514 69 11 9 0.030348068
575 297 48 27 0.03020324
262 295 24 15 0.030023262
947 189 10 10 0.029823758
723 97 10 5 0.028397027
630 102 2 2 0.028342484
425 221 50 31 0.027597306
267 227 28 17 0.027344955
341 232 10 9 0.02648424
283 70 12 11 0.024949357
204 214 6 4 0.024200572
669 303 16 13 0.024188578
632 416 252 150 0.023430407
878 141 22 15 0.023317974
503 96 13 12 0.023065435
614 236 10 12 0.022986207
472 75 4 6 0.022984281
117 284 18 14 0.022874285
301 101 9 8 0.022729564
273 300 49 28 0.022707036
838 106 11 11 0.022208067
597 247 37 27 0.02210431
322 78 17 14 0.021469995
85 283 14 11 0.02120074
208 259 65 65 0.02102689
298 104 15 8 0.02069559
365 80 27 16 0.020261783
305 308 21 14 0.020125868
885 284 108 66 0.020013746
