12_Group_Large_Group_12_Group_Large_Group_12_196
26
606 253 48 47 0.8049502
96 104 67 72 0.7847441
800 141 50 55 0.7756144
536 193 45 46 0.7755267
304 192 48 50 0.7745771
160 190 58 57 0.7726735
871 84 54 63 0.77249837
223 197 48 49 0.7724538
716 138 44 52 0.7567044
399 284 40 40 0.75603366
471 321 40 39 0.73507714
547 201 24 30 0.53094757
175 201 23 36 0.4164823
622 265 19 25 0.3964286
886 93 27 43 0.33316332
237 209 26 29 0.2551841
115 113 31 55 0.1958574
323 206 14 24 0.13510346
414 294 14 21 0.08177985
700 278 48 42 0.048922144
722 286 42 37 0.039047927
477 327 26 22 0.035832133
414 298 9 13 0.0343461
113 133 27 25 0.022805091
700 136 74 68 0.022093005
842 255 128 129 0.02061731
