12_Group_Group_12_Group_Group_12_411
18
214 191 109 140 0.8003385
528 120 102 143 0.77101326
744 141 108 165 0.67908156
357 175 82 120 0.6200872
748 176 71 122 0.16542497
258 610 183 199 0.07451496
253 214 83 118 0.051534478
738 180 53 90 0.041124385
325 132 106 142 0.03466376
52 143 127 158 0.032863475
553 138 110 154 0.030857911
73 772 168 239 0.027366744
96 913 193 258 0.025538724
426 209 190 249 0.025143106
540 40 178 246 0.02298167
32 490 136 151 0.020870764
24 445 183 239 0.020240502
405 209 38 59 0.020127997
