12_Group_Group_12_Group_Group_12_912
38
826 75 43 41 0.7942331
536 144 38 36 0.7809437
404 142 42 39 0.7789179
375 250 50 43 0.77339417
694 182 40 38 0.7721659
215 90 45 42 0.7372991
647 108 35 35 0.71921265
300 122 44 35 0.7124937
283 194 47 44 0.66887003
615 250 40 36 0.6613415
485 250 47 40 0.47423655
263 179 86 75 0.43272394
412 148 25 27 0.28694502
289 110 65 58 0.28622773
500 256 28 27 0.22087815
108 129 208 154 0.19588053
635 100 60 50 0.11950965
709 473 208 154 0.061779525
228 94 25 31 0.059593797
499 110 116 84 0.04434282
318 126 25 26 0.042292222
388 243 43 37 0.040748626
552 522 230 168 0.03793544
448 528 182 153 0.03669431
398 541 172 130 0.035915542
623 253 22 25 0.032964
243 212 118 97 0.030884566
394 126 65 55 0.030861199
495 236 55 48 0.026960291
503 424 109 101 0.026916064
290 527 208 159 0.024817748
204 73 59 69 0.024641901
638 533 206 146 0.023228452
808 71 79 59 0.022975976
178 386 175 128 0.022300249
500 257 17 16 0.02074814
276 229 80 63 0.020631496
371 226 73 77 0.020399991
