12_Group_Group_12_Group_Group_12_28
64
378 200 56 48 0.7995474
538 110 61 47 0.78060436
254 153 52 43 0.77932674
232 253 70 56 0.7790342
160 37 51 41 0.77813447
171 200 53 45 0.77459604
896 113 51 47 0.75746226
122 130 58 48 0.74531907
299 133 45 37 0.7392396
602 102 57 48 0.7377761
66 23 52 46 0.737617
455 235 45 40 0.7332087
101 75 48 39 0.72521853
794 139 45 42 0.71117735
786 81 46 41 0.70778525
697 85 56 53 0.6875215
920 72 39 34 0.6863397
514 254 50 41 0.6638317
223 76 51 42 0.6573462
508 59 47 41 0.64502954
199 104 62 51 0.5843612
614 49 43 34 0.5793768
659 59 42 37 0.5658242
143 180 106 84 0.5087211
679 71 90 79 0.42225996
504 244 71 63 0.41140828
886 105 78 64 0.40203103
588 90 87 73 0.3886608
384 68 26 20 0.3137099
306 139 27 27 0.3021636
780 66 59 69 0.29987705
781 129 73 60 0.29825357
651 47 62 65 0.28188428
213 66 71 63 0.27690178
93 113 118 87 0.24649653
82 68 83 55 0.18656157
362 193 92 69 0.182681
514 70 36 26 0.18211012
230 137 103 80 0.16509989
527 98 91 75 0.12641914
225 95 40 32 0.12445619
776 87 39 46 0.124052316
360 363 29 25 0.10099003
182 235 164 109 0.09435136
313 331 121 89 0.09337079
929 78 20 20 0.09192211
418 364 18 15 0.07069332
139 29 96 67 0.06548155
558 90 144 90 0.057822693
616 50 34 20 0.052495886
339 341 70 52 0.043820936
478 395 31 20 0.037989695
787 91 30 31 0.036301926
166 95 121 81 0.03285355
557 244 25 20 0.03155642
41 19 91 69 0.03088755
33 50 138 94 0.029795121
40 257 13 13 0.028701147
102 185 39 26 0.027134046
196 84 65 48 0.025678378
241 81 34 31 0.023039866
719 488 187 128 0.022836225
24 473 154 113 0.020469826
539 479 259 164 0.02023291
