12_Group_Large_Group_12_Group_Large_Group_12_162
30
138 105 79 78 0.80596286
445 112 79 77 0.80026
509 150 74 64 0.79032665
236 143 77 72 0.7870606
301 147 72 66 0.780931
835 114 64 65 0.7724183
759 125 71 67 0.7489584
664 129 76 70 0.6665674
812 95 112 96 0.24656677
150 123 56 51 0.14628485
433 102 128 99 0.1199312
281 151 115 80 0.112382375
826 118 53 49 0.096402444
234 127 132 110 0.054606628
697 106 125 93 0.046312086
816 134 105 70 0.043291107
637 134 124 92 0.03912024
787 119 88 66 0.039111555
683 141 36 31 0.034131657
303 175 75 51 0.03165493
745 240 104 76 0.031428598
498 159 54 47 0.03135385
459 139 85 66 0.031194832
419 61 202 140 0.030916832
679 149 28 29 0.027459254
144 124 37 37 0.025739634
211 155 76 56 0.023670362
751 150 82 59 0.02036269
769 146 49 47 0.02034208
447 133 33 45 0.020249283
