12_Group_Team_Organized_Group_12_Group_Team_Organized_Group_12_850
31
279 232 134 143 0.8182605
464 160 141 174 0.71614313
671 268 37 40 0.45410076
925 279 10 9 0.08640452
1007 271 19 19 0.08632222
924 277 16 15 0.07965244
977 293 9 11 0.06809025
304 221 71 60 0.059197996
32 379 17 20 0.058038164
266 197 146 126 0.04997696
340 248 99 96 0.049809862
1002 273 13 15 0.044052545
146 251 9 10 0.042853594
6 386 35 30 0.04064963
414 121 212 184 0.03641885
966 296 12 10 0.034679804
383 277 47 40 0.033771772
646 241 78 68 0.032380708
123 223 62 52 0.030064123
21 379 25 31 0.029542312
170 205 155 134 0.027730046
996 290 15 14 0.027687011
636 181 104 88 0.026612105
656 96 21 18 0.02635599
493 146 198 156 0.026330959
28 235 28 43 0.02385728
537 199 63 76 0.023116427
26 365 28 32 0.022882545
334 192 154 137 0.022782452
-1 218 52 64 0.02036253
771 489 233 170 0.020184135
