12_Group_Group_12_Group_Group_12_218
21
214 64 67 53 0.7935467
458 94 56 42 0.69290847
78 45 66 63 0.6714745
838 62 65 52 0.5000855
707 63 56 42 0.37479
42 33 119 84 0.19619426
712 69 32 29 0.15501538
327 212 25 19 0.1131585
114 164 160 145 0.10530122
735 40 32 27 0.09609828
185 59 120 77 0.0686584
816 43 111 83 0.04825155
743 39 33 21 0.044030115
850 -6 142 91 0.038122274
706 -23 325 197 0.037363704
31 5 166 125 0.032794043
728 22 66 39 0.027458921
316 288 51 31 0.024525397
675 47 94 56 0.023454549
445 232 150 92 0.02273157
463 74 43 41 0.021981332
