12_Group_Group_12_Group_Group_12_417
26
111 214 44 46 0.7903501
369 244 33 35 0.73749167
446 221 27 31 0.71623087
863 213 39 40 0.7131852
510 231 24 27 0.67875445
202 228 43 42 0.66241866
574 224 42 42 0.6569988
719 223 32 35 0.6290222
788 233 37 39 0.56477994
128 230 9 13 0.5397731
276 217 37 40 0.4896105
640 245 30 26 0.43301186
214 237 16 27 0.32593757
381 253 11 18 0.31788546
592 234 30 31 0.27485254
222 230 34 32 0.1853614
281 227 19 22 0.15756609
591 241 7 9 0.14873447
798 242 15 22 0.14720106
457 231 5 8 0.1103124
872 212 21 35 0.107387155
529 35 46 40 0.061003238
653 241 20 25 0.028832335
853 219 33 34 0.02772209
589 234 16 17 0.02591265
649 248 13 14 0.025295598
