12_Group_Team_Organized_Group_12_Group_Team_Organized_Group_12_403
22
433 331 29 29 0.7422162
745 263 32 31 0.68646973
317 334 27 25 0.6786135
178 287 34 29 0.6539452
355 409 31 27 0.64952546
876 208 29 30 0.60559005
596 257 33 27 0.57286173
228 400 29 27 0.53572834
324 338 14 16 0.47433087
878 225 27 25 0.3124891
599 268 24 24 0.2969527
752 270 18 16 0.27302158
440 338 15 16 0.15752105
583 253 58 47 0.065547645
363 415 12 12 0.04136068
180 372 19 19 0.03833163
179 325 20 22 0.034733776
146 362 59 46 0.028777396
752 258 21 27 0.022208419
321 331 21 20 0.021273801
314 374 22 24 0.021186162
216 574 137 100 0.020434009
