12_Group_Team_Organized_Group_12_Group_Team_Organized_Group_12_186
133
338 309 36 35 0.78977287
465 309 33 31 0.76286477
968 344 36 33 0.76085836
197 360 37 35 0.74184024
293 268 36 35 0.7359478
391 367 38 35 0.7291883
592 363 34 30 0.7267637
10 182 32 30 0.7241652
441 394 38 34 0.7178113
751 226 32 29 0.71402925
524 347 32 27 0.70787543
693 218 38 37 0.70513415
900 195 33 29 0.7020865
649 366 43 39 0.69048995
151 141 47 40 0.6713827
582 157 25 24 0.66793096
825 201 33 32 0.6639977
362 196 34 27 0.66318053
273 203 17 18 0.64148456
65 154 42 39 0.63347775
101 170 45 38 0.6300253
304 378 34 35 0.62409306
849 324 51 45 0.6161114
246 147 35 29 0.5885994
51 146 67 56 0.5884067
320 156 35 32 0.577683
719 175 30 28 0.55796653
404 377 13 14 0.5545553
512 105 22 21 0.5513979
329 162 20 21 0.5435212
765 160 22 18 0.52852017
112 178 30 24 0.527458
673 192 36 32 0.52630174
144 196 33 27 0.52427864
190 182 28 23 0.5213071
577 114 21 22 0.51787204
552 195 42 34 0.50780255
713 358 33 26 0.49267685
258 200 34 31 0.48057303
348 322 11 12 0.4692465
670 157 31 24 0.467934
598 187 31 29 0.44021836
390 146 46 38 0.43816456
716 350 43 40 0.43467695
724 181 18 19 0.4326493
459 194 28 23 0.4284789
162 149 27 25 0.42105103
477 319 11 14 0.4153928
510 194 38 30 0.41023752
619 212 32 27 0.37850016
500 173 16 13 0.36105478
289 173 13 15 0.36028394
371 167 9 10 0.2767493
530 195 39 31 0.27571085
116 183 16 15 0.27502486
291 177 6 6 0.2457832
366 166 18 13 0.24400401
730 153 11 11 0.23993364
228 213 22 19 0.23141356
200 188 9 11 0.22485438
631 217 15 12 0.20959885
460 161 33 28 0.19641557
255 153 21 20 0.19353804
454 170 14 11 0.17815496
107 383 129 109 0.17814527
606 372 10 11 0.174984
452 172 14 15 0.1670695
677 365 40 29 0.1538218
591 165 7 8 0.15338272
172 183 32 32 0.13844666
381 153 29 26 0.13605422
629 209 25 20 0.12857524
447 479 30 29 0.12824228
453 401 20 21 0.12476744
414 563 70 56 0.122742966
978 349 20 24 0.11670694
772 164 7 9 0.115254626
366 448 56 47 0.11463367
303 273 18 24 0.110170566
420 332 26 30 0.101292126
504 178 3 3 0.09799386
17 191 20 18 0.09391474
416 336 14 15 0.09374983
386 460 20 20 0.08314578
682 203 14 12 0.08013227
743 152 24 22 0.076411866
473 184 22 22 0.07022977
908 198 16 22 0.06363005
468 200 11 11 0.059341166
470 197 15 18 0.05875391
276 207 9 11 0.05804544
607 193 13 11 0.056172363
610 199 5 7 0.054618612
295 148 86 61 0.052669022
761 430 64 64 0.050979152
981 356 10 11 0.043890316
137 192 47 40 0.043860026
723 362 13 16 0.04356204
499 168 15 14 0.04347627
456 401 13 16 0.0415361
461 162 84 59 0.041442387
280 179 10 9 0.041044608
567 204 10 11 0.040727075
582 67 14 14 0.040317155
770 360 23 20 0.040069867
653 157 64 47 0.03978506
238 145 53 45 0.037801277
731 150 8 8 0.0376734
592 219 35 33 0.037234146
818 209 32 33 0.036418248
900 260 80 70 0.036298353
22 495 83 56 0.036209296
149 427 26 20 0.034224752
447 433 33 31 0.03230392
777 446 31 31 0.03081864
350 433 88 58 0.029469676
881 212 37 36 0.028645702
460 365 29 25 0.028154856
880 203 24 20 0.02764706
453 186 33 23 0.027207004
414 412 103 72 0.02717421
680 424 20 20 0.027168721
519 110 7 9 0.025277974
340 153 68 51 0.023998149
536 506 229 172 0.023998084
498 178 48 33 0.02355205
303 282 13 13 0.023008702
163 184 11 16 0.02288074
704 230 13 14 0.022732567
364 141 57 60 0.022575809
405 144 16 15 0.021788692
351 187 56 49 0.021490036
300 169 9 11 0.02101731
