12_Group_Group_12_Group_Group_12_478
27
422 268 87 96 0.77217066
557 224 68 79 0.7045696
159 239 75 80 0.55210125
136 218 115 120 0.5252117
329 290 77 80 0.5048996
88 484 28 34 0.22662623
766 232 106 119 0.19709179
789 261 74 61 0.1760748
741 226 180 148 0.09041884
235 374 17 22 0.07772794
728 280 52 45 0.073736064
529 204 102 120 0.06550993
0 300 29 55 0.059704866
56 540 15 19 0.0594778
121 125 148 139 0.054645553
71 500 19 24 0.05172404
103 68 248 247 0.0476211
53 496 31 38 0.046271894
501 440 30 37 0.038793497
815 654 109 99 0.0385454
691 87 209 207 0.03831542
57 524 18 24 0.035719104
139 396 23 28 0.03521841
1 328 24 44 0.030331599
471 78 137 139 0.028062027
326 259 129 144 0.027957354
412 251 72 84 0.025441946
