12_Group_Group_12_Group_Group_12_153
18
189 540 81 114 0.77912104
756 446 106 145 0.7524797
420 344 201 262 0.71528405
197 559 41 68 0.081209294
325 -10 248 286 0.045930956
181 526 123 161 0.04310112
644 126 122 156 0.03345648
626 102 196 236 0.03215045
332 6 159 182 0.03213908
745 457 74 94 0.02845089
499 137 192 242 0.02675803
729 340 240 294 0.026432132
334 600 35 52 0.025605293
205 545 48 73 0.022510067
608 -20 266 306 0.022399133
102 39 68 83 0.02200703
359 -2 348 392 0.021106109
436 -36 410 459 0.02048006
