12_Group_Group_12_Group_Group_12_519
29
818 206 37 37 0.72473276
446 209 42 43 0.7084664
901 207 37 36 0.7063975
566 198 47 51 0.69860405
709 228 40 38 0.50964904
911 218 11 13 0.40040565
825 211 24 24 0.32102793
690 205 61 54 0.20285615
484 79 19 21 0.09744044
822 243 34 39 0.08457385
548 5 22 18 0.06698063
709 209 62 59 0.062056523
887 245 27 35 0.059874568
677 0 26 21 0.058850672
591 145 46 44 0.058560245
560 209 37 34 0.05603012
400 199 131 97 0.045086965
577 201 25 36 0.03628418
548 202 37 43 0.034070536
520 197 82 77 0.03246615
457 252 30 35 0.03133835
431 213 43 44 0.026265522
675 5 34 23 0.025819348
577 251 39 43 0.025545474
519 175 141 117 0.023492409
752 153 36 33 0.023060987
456 183 19 17 0.022607274
285 185 64 58 0.02086909
713 136 25 29 0.020464515
