12_Group_Team_Organized_Group_12_Group_Team_Organized_Group_12_211
19
914 221 54 45 0.8187041
769 190 53 49 0.80175865
664 193 56 45 0.7940957
442 203 53 45 0.79023457
60 154 61 53 0.7896484
201 166 60 52 0.7322764
331 177 61 50 0.7282664
280 117 38 30 0.4023203
430 187 77 74 0.32047755
987 247 35 32 0.14488232
68 165 43 33 0.13973804
348 184 37 35 0.13584119
355 188 22 27 0.062478922
47 153 99 69 0.037405226
681 200 29 27 0.03663931
986 263 42 44 0.032429103
998 253 22 20 0.026953101
996 273 26 23 0.025011215
310 173 102 69 0.024500353
