12_Group_Team_Organized_Group_12_Group_Team_Organized_Group_12_707
47
597 277 43 43 0.7923696
718 302 41 43 0.7751944
176 272 48 48 0.75594157
483 282 45 43 0.7408812
278 256 39 45 0.737386
299 162 33 35 0.7212479
390 168 29 29 0.7016075
608 140 36 39 0.6983302
499 140 40 38 0.69608086
205 156 45 42 0.68299407
678 150 43 42 0.6745495
383 270 43 40 0.64520645
732 314 11 18 0.6383584
790 131 38 35 0.5611356
608 286 23 24 0.25486836
374 276 39 39 0.2538815
399 282 11 18 0.25073078
650 125 104 99 0.19488704
189 286 19 19 0.14453438
370 152 74 67 0.12067893
484 130 67 61 0.11941589
178 147 97 76 0.111434974
953 131 21 18 0.094386704
600 125 52 62 0.08066107
46 104 17 14 0.0690889
605 146 27 27 0.0689613
364 289 22 20 0.06616838
357 191 28 35 0.049832176
35 198 13 14 0.04768141
208 410 79 83 0.039659902
791 136 22 17 0.036504038
443 188 24 23 0.034248017
107 403 99 89 0.033098847
669 169 17 15 0.031921156
784 128 32 32 0.031087035
656 142 52 42 0.029562365
394 281 21 25 0.029498357
339 289 35 32 0.028653014
644 423 190 144 0.02793354
170 187 23 21 0.027339831
594 121 15 13 0.027143823
548 134 13 10 0.02625685
600 121 18 17 0.025198149
374 439 23 23 0.022333832
573 270 87 73 0.021630581
260 184 28 26 0.021372737
801 134 19 22 0.02002682
