12_Group_Large_Group_12_Group_Large_Group_12_1007
32
362 232 46 44 0.77182347
446 199 37 37 0.7222789
7 159 30 33 0.70529
108 144 32 31 0.68746245
532 205 34 34 0.6841267
221 205 33 36 0.649072
974 196 29 29 0.6394797
263 154 28 29 0.6315291
634 217 34 35 0.618405
343 166 32 34 0.5052136
154 151 30 27 0.50081706
670 240 60 50 0.39229643
982 202 16 19 0.38961264
350 222 79 72 0.27893236
459 211 11 14 0.19834031
991 346 28 32 0.15741746
456 210 17 20 0.12425199
404 168 18 18 0.104089245
640 208 44 49 0.064078905
230 200 24 30 0.053135347
998 356 24 24 0.049382683
685 251 37 40 0.04742685
873 219 31 30 0.037244696
966 402 56 66 0.031527374
220 167 37 32 0.030288482
368 175 17 16 0.029109012
166 198 89 75 0.02804419
328 149 67 62 0.026747625
832 242 29 29 0.023932517
290 -7 209 196 0.02198487
766 238 34 30 0.021859325
504 236 30 33 0.020397918
