12_Group_Large_Group_12_Group_Large_Group_12_120
68
182 455 24 22 0.21256725
953 421 18 17 0.16324422
149 458 18 17 0.14026564
813 391 17 13 0.12122341
442 418 27 20 0.12113267
957 425 12 12 0.115192994
913 271 12 11 0.10269186
189 394 23 18 0.09359504
45 409 14 14 0.08602061
879 420 12 11 0.0812376
236 392 8 9 0.07983613
76 452 13 11 0.076095775
480 459 10 10 0.07544505
35 396 18 17 0.07118684
152 396 14 11 0.07087521
603 451 13 11 0.06997067
925 421 13 10 0.069499575
340 395 19 16 0.06714926
825 447 18 16 0.06640418
405 455 7 4 0.06522898
122 457 8 7 0.062890455
367 455 7 6 0.06287565
58 424 13 10 0.062355813
309 397 13 13 0.061238956
554 456 8 6 0.06088846
165 457 17 13 0.05546654
272 398 12 11 0.055330638
515 457 6 5 0.050950434
955 446 13 13 0.050315797
441 455 9 6 0.048758682
49 325 15 16 0.048629273
187 421 14 12 0.047212142
460 453 13 11 0.046924062
116 424 11 9 0.044595577
934 349 15 16 0.043211922
854 388 13 11 0.043148935
224 458 15 14 0.04276165
776 395 8 6 0.040631533
157 424 7 5 0.039520875
902 449 18 15 0.038892347
845 418 20 13 0.038230494
793 451 7 7 0.037344843
691 419 25 16 0.03707878
416 420 13 10 0.035067704
465 403 16 13 0.033769473
773 446 15 16 0.03334111
481 397 7 4 0.033165846
420 393 8 7 0.032727756
480 423 12 9 0.032604586
463 394 8 6 0.031754114
323 402 18 17 0.03125339
922 390 22 17 0.030408276
25 390 16 17 0.029208753
594 453 8 7 0.028558157
61 272 8 8 0.02845269
374 421 10 7 0.028356964
335 425 14 10 0.027600797
243 453 13 12 0.026714606
533 453 11 10 0.026518544
291 449 13 11 0.025482567
103 406 16 15 0.02492698
122 404 10 6 0.024389239
909 295 18 20 0.023571393
828 398 16 13 0.022303808
514 459 11 11 0.02214744
709 452 13 10 0.02153057
190 449 39 38 0.020892236
97 452 11 10 0.020060828
