12_Group_Team_Organized_Group_12_Group_Team_Organized_Group_12_653
38
423 388 46 51 0.8038786
592 380 46 46 0.78453064
947 379 44 50 0.77648735
765 364 51 52 0.7696151
71 169 49 54 0.76476455
519 319 43 46 0.7628336
310 229 43 44 0.74751884
655 330 35 44 0.7446263
235 357 55 60 0.7411594
331 311 39 42 0.73592675
385 285 46 52 0.7076757
200 181 42 46 0.6533862
845 194 33 39 0.62244165
798 192 35 45 0.52238226
581 368 69 69 0.46157822
325 240 14 21 0.36585823
854 203 16 23 0.3634381
822 193 43 43 0.3171072
941 559 35 39 0.24058345
641 327 63 53 0.21773154
248 221 34 31 0.12535056
910 389 27 29 0.122100554
321 283 60 86 0.119554974
438 397 20 27 0.09483533
953 388 29 31 0.078961045
211 184 20 39 0.070343114
256 373 12 20 0.06987117
800 209 27 24 0.05259065
948 566 23 26 0.042966377
785 373 17 19 0.037561364
263 229 10 11 0.033222172
424 46 231 194 0.030228231
184 460 160 138 0.029649703
811 208 34 31 0.026594866
491 83 128 119 0.02621484
749 359 86 82 0.026043355
84 176 22 30 0.020471998
982 563 43 56 0.020369258
