12_Group_Group_12_Group_Group_12_293
31
363 102 56 54 0.7438255
1 79 41 41 0.73672277
518 142 60 61 0.7259627
900 141 48 45 0.71922493
104 143 69 54 0.7101956
577 128 45 44 0.685766
644 89 34 34 0.6586039
754 151 51 46 0.60897434
891 127 71 74 0.5789473
813 157 42 39 0.56908876
540 313 44 36 0.3653786
556 113 79 64 0.18596163
743 127 96 80 0.1013537
810 143 68 69 0.052746747
832 165 24 25 0.05073007
613 130 36 30 0.049213834
116 151 45 36 0.042798515
272 482 92 77 0.037759554
105 134 91 84 0.035134308
630 100 30 27 0.033009432
134 137 44 45 0.0313779
334 65 117 92 0.029851198
787 144 53 46 0.029134504
576 96 31 25 0.028662298
87 323 67 56 0.026088046
834 176 21 22 0.02446357
66 179 142 113 0.023561856
760 164 55 42 0.021981383
826 168 39 36 0.021882946
861 124 127 97 0.021796925
582 307 66 57 0.020753078
