12_Group_Large_Group_12_Group_Large_Group_12_662
21
796 292 48 44 0.52737635
393 219 21 16 0.34391335
234 232 16 16 0.22699954
241 231 17 15 0.1942087
555 293 21 20 0.15612958
256 220 29 26 0.11111921
402 222 9 10 0.096381195
324 230 15 12 0.0824717
441 275 17 16 0.07641865
229 237 15 16 0.068401776
804 531 107 82 0.0444016
481 421 19 19 0.04110986
37 211 18 19 0.0370674
957 412 59 95 0.035461947
991 198 25 34 0.034139052
416 588 169 128 0.029898359
332 248 14 14 0.02930712
852 564 89 68 0.027823467
800 636 87 49 0.026092436
317 231 9 8 0.025234584
384 223 17 15 0.02189275
