12_Group_Team_Organized_Group_12_Group_Team_Organized_Group_12_412
14
708 205 32 42 0.9879580140113831
229 206 40 40 0.9866642951965332
784 66 29 29 0.9791385531425476
520 227 45 45 0.9712024927139282
972 148 30 32 0.9548991918563843
753 185 41 47 0.9530892968177795
9 211 27 32 0.9528679251670837
337 220 26 36 0.9388903379440308
392 230 35 31 0.749957263469696
144 219 29 35 0.7455317378044128
493 173 26 34 0.6762997508049011
128 206 25 33 0.6524006128311157
394 216 32 47 0.6088001132011414
657 234 34 33 0.5306510925292969
