12_Group_Group_12_Group_Group_12_735
25
535 252 106 131 0.6939248
800 350 117 152 0.69238436
756 223 52 50 0.6793383
200 287 120 122 0.6746082
877 251 33 36 0.2383364
777 255 26 32 0.20794141
548 299 69 69 0.19401637
774 269 32 28 0.19116098
213 317 80 83 0.17354667
532 284 65 79 0.1427805
507 225 167 172 0.123317674
435 379 28 32 0.08126917
552 275 59 75 0.065188065
169 241 159 141 0.06092742
444 387 11 11 0.06092303
200 304 67 92 0.056808602
986 299 21 28 0.047880836
772 230 30 39 0.03703256
244 291 108 114 0.032214656
217 342 36 36 0.028527917
417 470 31 34 0.028359823
228 346 49 46 0.027432086
888 228 34 36 0.022729838
210 250 177 174 0.021881161
307 587 99 59 0.021517621
