12_Group_Large_Group_12_Group_Large_Group_12_461
26
823 141 55 61 0.8199517
664 145 53 59 0.7955479
217 155 57 64 0.7950208
129 172 58 62 0.7720318
378 102 62 66 0.7708232
590 120 51 57 0.75254744
453 124 57 60 0.7320305
517 179 68 72 0.64200276
841 153 22 39 0.6008422
563 93 106 105 0.5510527
233 165 28 45 0.4750043
467 136 26 41 0.43282026
392 109 30 50 0.38336998
529 197 44 46 0.35821387
539 198 23 37 0.24565335
353 90 110 97 0.21764083
681 150 29 47 0.16483505
185 138 123 110 0.091515005
643 139 93 81 0.08217244
513 175 55 54 0.02939936
485 160 71 79 0.027334152
92 96 128 125 0.026955614
386 172 23 30 0.02461496
696 581 233 196 0.023587171
577 99 76 70 0.02280614
-5 102 71 86 0.021782868
