12_Group_Large_Group_12_Group_Large_Group_12_575
29
341 277 56 60 0.8045843
688 195 60 60 0.7891524
276 188 57 58 0.7828988
488 301 58 60 0.7800448
196 241 53 55 0.77921885
530 140 51 52 0.7481417
431 207 55 60 0.74637467
620 247 68 64 0.7079738
771 264 57 60 0.69806397
712 213 17 24 0.46379718
516 122 84 86 0.41263977
783 277 36 36 0.31994417
173 223 102 95 0.30569303
635 266 38 31 0.26774213
437 220 37 32 0.120609626
504 309 25 36 0.08668828
343 293 42 34 0.084970176
459 377 124 106 0.084377065
488 315 44 36 0.079595074
359 288 23 30 0.057750758
248 191 106 84 0.03118577
655 247 53 56 0.026603319
555 218 114 113 0.024712028
835 575 142 128 0.024332952
148 231 90 81 0.02424607
302 272 74 74 0.022279076
568 285 237 197 0.02122849
787 281 63 48 0.020289727
497 398 56 51 0.02001584
