12_Group_Team_Organized_Group_12_Group_Team_Organized_Group_12_171
43
82 185 75 65 0.7368497
577 238 28 24 0.6954987
488 251 22 20 0.63378763
353 290 33 29 0.57353365
631 220 40 32 0.5702069
403 257 41 32 0.4930256
192 251 39 33 0.44682288
284 244 37 29 0.3691365
724 234 22 18 0.28640717
834 243 17 13 0.2128091
482 246 37 31 0.17817543
311 134 24 18 0.16186951
840 235 22 17 0.16140805
260 254 28 26 0.10243914
838 228 34 30 0.100315906
704 231 23 19 0.09909465
322 138 9 7 0.09705842
340 284 42 38 0.08010116
840 239 25 21 0.071843065
41 228 32 25 0.059129357
591 235 16 14 0.05691542
649 225 23 23 0.0414766
350 553 19 16 0.03864561
568 225 51 40 0.03706419
532 365 14 13 0.033828057
521 361 28 21 0.030837731
375 258 30 26 0.029740749
835 303 18 16 0.029667519
533 359 15 14 0.028701613
53 236 14 14 0.02794263
146 209 52 46 0.027497197
347 300 25 20 0.027036106
826 244 21 17 0.025984263
992 230 19 16 0.024344264
268 244 34 26 0.024210336
369 0 26 19 0.024200235
609 530 83 62 0.024087952
360 297 23 19 0.023616655
331 373 127 90 0.023592822
40 239 29 27 0.022467854
129 445 94 66 0.021383591
509 214 18 15 0.021185588
73 239 31 26 0.020100748
