12_Group_Group_12_Group_Group_12_249
57
487 565 80 76 0.7497936
619 370 49 53 0.7483088
403 391 55 60 0.69650495
878 475 43 40 0.6960664
584 304 46 50 0.6861824
461 200 39 44 0.6351218
552 248 48 48 0.6318997
877 528 44 46 0.5967963
760 412 32 33 0.5857811
974 602 43 50 0.5844586
342 283 54 53 0.5837986
739 363 29 30 0.5556931
817 417 36 39 0.4921013
938 549 35 42 0.4909536
930 543 55 57 0.44273126
468 145 31 36 0.40951586
719 329 32 35 0.39857617
519 212 31 33 0.30334935
139 9 72 78 0.27851298
443 180 77 82 0.24724321
764 156 45 45 0.20815696
409 214 36 38 0.19843625
709 325 32 44 0.17234269
815 405 61 64 0.14622019
385 389 88 75 0.12460244
596 353 99 94 0.0951963
457 127 55 60 0.09338147
275 204 59 67 0.089053735
646 460 47 50 0.071741685
429 286 51 51 0.067209706
461 523 143 163 0.06328114
944 554 21 31 0.060564235
225 148 30 32 0.05603583
959 589 76 78 0.05353354
581 404 133 135 0.051938504
320 256 101 111 0.0513109
520 208 112 106 0.04673186
717 329 20 22 0.04163915
220 449 40 43 0.03834868
767 410 22 24 0.03726664
260 568 189 178 0.03719285
577 262 45 47 0.035816114
179 678 101 90 0.033001754
321 132 26 25 0.031547472
664 358 40 42 0.03114846
256 207 58 64 0.030755932
445 109 77 65 0.029803766
300 150 54 51 0.029450044
529 679 60 69 0.024281215
623 453 88 83 0.02387364
532 201 46 50 0.02381164
307 462 137 125 0.022033317
772 423 10 12 0.02188981
474 171 93 99 0.021599254
235 140 27 26 0.020887244
640 428 88 87 0.020618588
482 579 53 52 0.020592406
