12_Group_Group_12_Group_Group_12_59
31
800 144 42 41 0.7214326
512 90 32 30 0.69872946
115 87 28 28 0.647614
584 122 36 34 0.62625647
182 113 30 28 0.54471374
414 83 21 22 0.52648556
272 86 26 24 0.5218979
263 84 30 32 0.52044415
735 177 37 31 0.41915128
766 170 40 35 0.31756133
523 133 34 29 0.18667367
216 232 70 65 0.15948604
811 155 18 20 0.14483212
792 134 65 63 0.14312553
469 63 25 20 0.13522919
271 509 122 111 0.1265574
5 260 48 80 0.12034662
411 73 33 33 0.10335909
381 113 27 30 0.09505584
277 90 15 16 0.08327727
170 117 21 21 0.08174878
306 527 71 71 0.06949529
301 108 29 22 0.051515892
204 121 19 19 0.04236376
212 120 17 20 0.037400223
598 130 14 17 0.028713427
420 82 13 15 0.028308617
465 244 331 256 0.026567869
-7 300 57 48 0.02222148
-4 238 91 101 0.021647988
789 361 88 47 0.020122966
