12_Group_Large_Group_12_Group_Large_Group_12_613
21
620 116 26 25 0.68402255
525 118 28 27 0.6579928
906 125 28 27 0.64998627
250 93 29 28 0.6439252
455 123 29 28 0.6296884
963 144 25 24 0.6036537
787 120 29 29 0.4794035
845 131 21 21 0.38209003
861 106 19 20 0.25673616
519 111 42 40 0.124748364
847 139 14 15 0.12410567
835 86 67 59 0.080839045
828 122 29 24 0.067651376
462 128 17 17 0.054508105
-22 72 133 112 0.039415844
505 103 69 64 0.026532648
913 73 27 23 0.022306554
333 483 73 74 0.022174688
819 101 21 19 0.022080962
23 165 76 73 0.020857964
876 618 131 91 0.020389969
