12_Group_Team_Organized_Group_12_Group_Team_Organized_Group_12_503
72
527 184 66 42 0.8078981
944 207 50 37 0.80020005
751 208 51 32 0.79921484
16 185 57 38 0.7978261
126 177 57 40 0.7969511
874 116 51 35 0.77756315
640 212 47 32 0.7723573
401 78 55 35 0.76617825
860 203 52 37 0.7656649
320 90 55 37 0.76429063
144 52 53 32 0.7537264
792 97 47 33 0.7416882
571 86 39 26 0.7409273
613 54 58 30 0.73278064
289 56 44 30 0.72895706
482 77 50 35 0.72093713
558 45 35 27 0.7178296
86 106 58 38 0.71116525
649 85 46 30 0.7103364
171 95 75 47 0.7078281
738 66 45 29 0.70697516
717 101 47 35 0.6830134
879 72 38 25 0.6709589
411 187 70 49 0.6677806
424 41 48 30 0.649631
820 68 46 27 0.63002944
221 45 43 28 0.62656
362 49 44 29 0.62304354
488 33 28 18 0.6135619
256 101 55 41 0.6093159
232 203 51 33 0.59594065
705 95 71 50 0.5535403
513 172 95 64 0.545017
718 56 87 48 0.5443929
677 67 55 33 0.51079625
632 203 64 48 0.46349323
389 176 115 72 0.44466874
687 74 34 20 0.3741143
479 27 43 29 0.35809672
402 30 91 54 0.3564416
98 107 33 30 0.23523241
628 72 88 52 0.2285648
538 34 67 46 0.22604764
203 187 118 65 0.22408882
331 212 44 32 0.21840319
368 50 26 21 0.20864405
843 202 88 44 0.16013458
301 62 24 21 0.15196946
104 175 101 53 0.13760771
469 66 37 26 0.13255914
559 82 64 38 0.116000466
460 32 44 30 0.107189976
304 196 101 64 0.10500061
866 67 66 39 0.08806892
434 53 27 18 0.07147989
463 17 74 39 0.0647038
440 34 19 19 0.06200572
289 43 47 29 0.043144125
548 50 37 30 0.040300388
185 109 50 30 0.03631961
657 73 46 26 0.031997338
626 68 32 21 0.028646711
609 183 116 78 0.028537942
135 40 80 39 0.027663004
692 60 99 59 0.02524233
668 75 74 40 0.024581552
621 44 39 29 0.023326604
229 52 29 20 0.023211813
627 60 31 20 0.023025597
748 64 30 22 0.022462891
831 67 29 16 0.022442596
930 208 83 48 0.021549255
