12_Group_Large_Group_12_Group_Large_Group_12_286
54
282 159 47 44 0.6967262
800 237 69 82 0.62512124
2 200 20 25 0.59259284
92 170 49 48 0.5314443
488 242 38 37 0.52483094
258 222 45 49 0.5229479
411 262 65 68 0.4809149
396 209 40 35 0.48067024
1001 265 21 29 0.44200188
485 225 33 41 0.4123709
783 211 99 118 0.40625876
68 149 77 76 0.38848925
974 259 12 16 0.33644137
406 215 22 23 0.2726721
556 252 24 28 0.25161216
911 255 26 27 0.24976835
483 215 21 24 0.2360528
594 243 24 28 0.21320416
98 162 26 50 0.1925893
969 250 22 26 0.18606244
729 251 24 28 0.18476777
350 221 163 147 0.17594302
563 256 16 17 0.15380503
918 261 14 15 0.15379867
-4 204 28 42 0.15045843
147 195 12 11 0.13461389
155 211 25 23 0.122075014
151 194 16 20 0.11238831
601 261 39 38 0.0981385
-11 194 47 57 0.094019644
395 244 96 102 0.09143561
728 252 16 19 0.08407141
124 191 29 28 0.07794715
606 237 25 26 0.075949796
795 270 74 69 0.07533776
498 251 20 21 0.0722857
907 263 25 26 0.06676571
81 175 43 42 0.052251693
312 229 25 27 0.04821796
370 261 90 89 0.04727735
190 199 11 12 0.046749614
1 193 24 21 0.04026189
1004 262 13 13 0.036538452
700 248 29 32 0.029169358
173 -11 56 55 0.028833395
714 248 28 26 0.027954236
253 140 64 66 0.027283518
745 238 100 80 0.02597426
618 272 23 22 0.024970418
638 224 16 15 0.024268877
116 208 32 30 0.022916112
962 202 13 15 0.0221108
821 244 51 48 0.022032619
544 137 13 12 0.021544434
