12_Group_Group_12_Group_Group_12_182
21
247 202 56 63 0.81491673
367 195 54 62 0.80271924
700 230 47 55 0.792092
569 213 46 57 0.7904941
791 190 60 66 0.7617073
22 252 43 50 0.75754935
876 178 47 60 0.750347
165 235 58 65 0.7421507
500 231 47 54 0.73676604
584 226 18 32 0.5691036
178 244 36 49 0.47980887
33 263 18 26 0.26864606
884 190 29 36 0.17394193
803 206 35 34 0.11897741
892 190 16 28 0.10395543
341 192 105 85 0.09282052
258 216 34 38 0.04851525
268 216 14 30 0.03584551
817 202 14 31 0.032971937
264 383 81 101 0.032486565
760 251 216 196 0.021891516
