12_Group_Team_Organized_Group_12_Group_Team_Organized_Group_12_330
29
83 71 93 88 0.8090557
686 137 79 58 0.7946505
453 82 71 63 0.763185
568 71 79 68 0.76083696
281 104 79 67 0.71744156
842 84 80 76 0.69803023
803 49 77 60 0.5830093
382 116 69 53 0.5764691
289 125 56 63 0.38515586
823 58 50 42 0.34782496
464 92 50 42 0.13401102
679 125 110 85 0.11157338
361 136 104 62 0.07856352
76 92 58 45 0.074163355
583 84 37 44 0.07360803
286 108 45 52 0.069790065
268 80 129 107 0.06768247
268 137 99 65 0.06423973
432 90 74 45 0.060641516
811 98 83 48 0.05200161
299 133 44 31 0.042318154
950 147 30 22 0.03523045
803 48 125 78 0.03437051
252 62 136 88 0.031845607
96 111 56 38 0.026996052
125 101 49 40 0.022396963
482 90 69 46 0.022046007
674 102 95 64 0.020588277
0 303 203 132 0.020239383
