12_Group_Group_12_Group_Group_12_179
30
87 229 59 55 0.8124958
889 250 65 65 0.80400133
223 238 60 60 0.8029323
638 255 48 51 0.7968077
354 240 46 50 0.79126525
441 144 56 53 0.7874966
720 204 53 52 0.75457895
260 156 54 52 0.7511102
143 201 52 53 0.7460173
490 210 60 60 0.74269086
298 193 72 66 0.72499675
782 254 66 68 0.70110303
318 202 34 49 0.61201507
794 262 38 55 0.51558644
237 257 32 28 0.2687992
105 239 25 31 0.21471392
270 168 35 33 0.1909942
455 156 32 33 0.18480131
900 256 39 46 0.1161912
650 263 23 32 0.10547881
992 241 24 25 0.047485158
695 187 117 96 0.042166803
241 239 32 55 0.03400438
420 184 132 108 0.030949004
992 320 29 25 0.028286204
979 256 26 32 0.02633212
457 431 26 25 0.026014378
112 231 33 45 0.022723876
648 275 18 15 0.021482155
722 236 109 102 0.020119198
