12_Group_Group_12_Group_Group_12_522
17
310 238 24 28 0.9960188269615173
655 396 43 47 0.9956564903259277
601 266 29 34 0.9950181245803833
883 294 45 45 0.9947324991226196
120 233 30 36 0.9945549964904785
505 397 43 43 0.9943411350250244
689 234 31 37 0.9941856861114502
403 236 27 36 0.9938817024230957
360 407 42 46 0.9889524579048157
790 283 45 53 0.9807918667793274
194 231 33 47 0.9805411696434021
728 297 28 42 0.9683359265327454
275 302 24 33 0.9176340103149414
378 304 31 44 0.7142066359519958
837 246 19 29 0.577295184135437
502 253 22 34 0.5536660552024841
490 246 32 45 0.5476688742637634
