12_Group_Large_Group_12_Group_Large_Group_12_276
17
213 70 72 43 0.9912705421447754
659 72 81 51 0.9910547137260437
313 235 80 58 0.9766690135002136
347 44 68 55 0.9706546068191528
126 15 62 42 0.9684451818466187
595 100 69 53 0.9645106792449951
432 236 77 69 0.9640174508094788
835 90 101 59 0.9636778831481934
560 212 89 58 0.9584593772888184
292 15 62 38 0.9567031860351562
679 159 86 51 0.953960657119751
425 69 66 53 0.9272826910018921
568 26 67 48 0.8269595503807068
201 249 88 57 0.8051325082778931
648 267 103 64 0.8040409088134766
502 78 81 59 0.6713888049125671
490 5 54 36 0.5530833005905151
