12_Group_Team_Organized_Group_12_Group_Team_Organized_Group_12_504
23
417 104 117 124 0.76108325
149 204 115 116 0.7509854
687 144 111 112 0.60829633
20 291 53 50 0.29784784
631 103 181 162 0.1299091
656 143 85 83 0.10776284
698 175 82 69 0.09978376
58 31 19 17 0.0912788
431 142 76 66 0.06558262
352 129 54 66 0.051983092
364 64 191 149 0.042655855
334 118 86 69 0.041280672
48 24 30 26 0.040813103
648 158 55 46 0.03943185
636 161 35 33 0.0347864
218 191 107 88 0.03194495
356 67 57 48 0.029012011
626 84 102 94 0.027554568
62 651 38 24 0.027357718
5 288 53 45 0.026821252
425 164 50 44 0.025876282
848 136 153 125 0.020290835
-23 163 138 119 0.020085284
