12_Group_Team_Organized_Group_12_Group_Team_Organized_Group_12_617
73
969 154 27 32 0.64989346
845 129 29 30 0.58229303
555 158 52 48 0.5769719
903 187 57 59 0.4951754
357 230 26 30 0.44284406
64 197 31 32 0.4360947
912 203 36 34 0.40271732
805 162 15 19 0.38505858
753 169 15 16 0.3686037
271 233 11 12 0.32668912
613 161 27 28 0.28456226
177 186 78 74 0.28033
212 208 25 31 0.24113688
348 171 12 12 0.21508567
303 168 14 16 0.21456084
385 163 10 10 0.21456023
253 219 28 34 0.19729176
188 201 40 42 0.17705467
437 198 10 14 0.17405365
662 166 6 7 0.1635047
510 188 12 16 0.16018638
696 170 15 18 0.15971896
383 151 20 22 0.15362033
8 263 52 84 0.14485678
384 156 13 13 0.1288518
757 174 9 9 0.12686023
385 165 17 18 0.12277344
277 181 11 10 0.1178344
547 173 26 27 0.10625425
574 173 18 20 0.10400867
630 171 9 8 0.095869415
578 393 21 23 0.093972474
346 222 34 35 0.09014098
501 194 9 8 0.08400215
0 194 14 15 0.08081761
723 156 9 9 0.08023562
342 230 23 31 0.0788227
166 197 30 35 0.07257636
579 170 21 25 0.07012675
14 191 18 22 0.0673111
343 244 22 23 0.06090903
40 195 23 22 0.058626886
224 203 13 12 0.056428887
713 150 19 22 0.053437833
204 211 25 23 0.05275898
258 182 20 23 0.052055787
810 154 11 16 0.04586752
213 204 17 27 0.04400113
321 167 16 20 0.043549675
415 245 20 20 0.037557386
977 164 10 13 0.035040293
679 164 12 17 0.0345646
680 459 43 32 0.0322194
549 603 47 51 0.031709176
273 231 17 21 0.029017264
456 192 14 17 0.028998695
663 158 7 8 0.027938448
103 212 21 25 0.02637741
24 278 56 79 0.026291458
10 231 24 35 0.026003102
868 146 109 109 0.02571576
557 609 30 34 0.02570239
0 257 44 71 0.025359211
69 209 29 27 0.02330828
124 205 16 16 0.023100238
566 160 30 33 0.023025032
271 194 7 8 0.022551788
769 174 8 8 0.022421904
525 109 100 100 0.021728767
584 589 63 65 0.021720216
508 567 107 116 0.02169909
417 203 7 6 0.020964881
35 177 23 21 0.020006152
