12_Group_Team_Organized_Group_12_Group_Team_Organized_Group_12_458
44
246 363 57 49 0.7980431
909 207 41 38 0.74344575
571 267 40 37 0.73885876
137 223 44 40 0.73626035
798 217 39 40 0.7229094
543 205 32 32 0.68900067
281 233 30 29 0.6889239
369 229 33 32 0.6803013
693 350 45 40 0.6617895
629 213 29 29 0.65561324
667 219 42 37 0.61670876
409 210 29 29 0.5947769
728 216 38 37 0.5753851
456 218 34 34 0.55473053
306 205 38 33 0.53489023
671 225 28 25 0.5211935
480 190 19 16 0.43779063
466 192 33 31 0.31677184
523 192 73 52 0.30510697
803 317 28 24 0.28317478
121 205 77 73 0.26720178
634 219 17 19 0.2608751
314 212 21 21 0.24219505
707 360 15 21 0.14186007
923 215 20 24 0.095846966
688 211 62 56 0.07891778
469 182 38 27 0.06899764
619 218 46 36 0.05605173
705 424 34 28 0.048504796
940 285 31 33 0.046312474
380 220 9 12 0.0427356
195 340 146 115 0.04262165
416 217 12 17 0.04135446
681 211 34 37 0.03620993
381 236 10 15 0.028265402
650 216 69 59 0.026699653
471 226 20 21 0.024970211
852 430 39 38 0.023123767
718 207 53 55 0.02284452
242 212 110 91 0.020842774
898 252 90 69 0.020702742
742 585 111 97 0.020676458
667 218 21 24 0.020655628
257 183 92 87 0.020283064
