12_Group_Large_Group_12_Group_Large_Group_12_94
61
628 197 93 80 0.8227489
810 111 89 67 0.78684455
644 115 75 58 0.7821385
347 67 105 72 0.76146954
683 59 74 49 0.722962
191 120 97 83 0.71350247
158 84 68 50 0.67359716
391 143 99 78 0.60926473
877 62 50 38 0.60588795
354 10 59 50 0.5953495
684 0 81 48 0.5684077
699 68 42 33 0.5371153
317 3 50 28 0.4557136
505 6 92 66 0.27980632
323 4 38 17 0.17730965
364 168 141 65 0.117152
153 -1 80 38 0.1030815
508 98 36 28 0.098824576
373 73 69 50 0.09712179
612 121 141 78 0.08963134
807 122 54 32 0.08794828
684 81 55 47 0.084902264
204 130 60 46 0.07986902
833 95 57 45 0.07363669
620 208 68 50 0.06293074
990 178 35 46 0.061310016
667 125 60 41 0.053952057
885 86 36 39 0.05374268
311 114 68 50 0.04757562
644 232 69 46 0.047451623
365 23 33 24 0.046505243
649 47 118 72 0.045353197
163 105 56 30 0.04141253
340 -7 93 73 0.04003336
811 87 116 71 0.039915904
519 107 20 13 0.03920936
715 3 26 17 0.038567305
424 153 70 48 0.037680626
508 1 55 35 0.03727082
209 149 51 41 0.03632169
994 156 36 49 0.03448789
604 120 90 50 0.031992488
696 14 55 37 0.030200675
894 66 51 39 0.029904345
181 83 98 64 0.029644627
-2 72 56 68 0.028799191
886 70 38 23 0.028153347
218 123 81 61 0.027850935
853 54 70 43 0.027470125
427 10 91 70 0.02630666
194 128 44 36 0.02572832
397 224 142 96 0.025060164
171 90 42 34 0.02494735
386 159 62 36 0.024429807
579 1 69 38 0.024244688
62 36 95 84 0.0231079
649 137 46 30 0.022879882
398 157 38 26 0.021465303
713 2 47 22 0.021116093
860 76 73 46 0.020622162
665 211 63 44 0.020427741
