12_Group_Team_Organized_Group_12_Group_Team_Organized_Group_12_759
28
445 301 104 100 0.8175777
698 301 87 91 0.73249197
202 304 88 116 0.6981757
649 359 39 36 0.53027165
535 363 36 33 0.30767977
630 332 30 27 0.22040433
651 329 36 35 0.10823168
668 297 143 118 0.10693664
466 315 50 64 0.10061638
949 447 10 10 0.0726115
698 323 45 50 0.06859282
940 446 16 13 0.063232526
723 523 44 37 0.048472717
693 336 28 24 0.04801647
167 567 124 96 0.043370973
177 48 43 38 0.0418627
118 241 147 140 0.030268252
594 360 34 34 0.027953753
195 289 169 140 0.027927525
219 338 91 86 0.026388453
207 585 75 61 0.024850167
205 412 75 68 0.024446126
451 478 32 30 0.023392368
509 249 38 37 0.023321752
218 326 59 69 0.021464927
663 419 69 74 0.021445097
512 379 57 53 0.020569803
-20 137 99 79 0.020131795
