12_Group_Group_12_Group_Group_12_227
91
184 262 34 34 0.7859804
806 259 35 40 0.7561837
237 276 36 36 0.74288774
837 193 31 35 0.7317536
554 132 32 39 0.72286445
371 117 42 49 0.72059244
477 273 38 38 0.7199653
602 220 36 37 0.7154431
235 174 42 45 0.7147443
464 118 43 47 0.7093453
635 154 32 35 0.70691967
508 226 35 40 0.70211107
388 240 45 47 0.6736492
312 213 52 53 0.66846174
730 268 42 47 0.66644406
546 281 40 43 0.66200143
298 260 33 39 0.6529031
644 273 36 44 0.6524434
588 279 49 52 0.64966726
389 179 43 46 0.6473285
389 305 35 42 0.6446798
729 184 34 38 0.6401224
737 197 17 18 0.62754554
650 282 23 26 0.6242653
563 184 33 44 0.6162164
401 189 20 24 0.6045026
701 224 24 25 0.60118705
390 248 32 31 0.59065646
380 128 25 29 0.58285487
303 180 27 38 0.56538165
475 129 19 23 0.56343496
647 203 35 38 0.5301598
343 162 17 20 0.5256335
325 223 28 28 0.4904319
453 158 16 22 0.46998963
487 202 24 29 0.44279343
434 224 27 31 0.4234692
650 166 5 8 0.40994725
222 267 62 57 0.34631786
349 168 3 6 0.30618826
309 194 7 11 0.30177757
484 138 3 5 0.27952248
250 285 14 22 0.26889914
386 134 13 17 0.26636046
451 163 44 49 0.23546574
436 238 9 10 0.23283172
475 195 50 52 0.2124245
519 238 17 19 0.18814738
657 288 10 16 0.17862889
402 257 9 13 0.17456743
242 588 42 40 0.14068027
149 616 31 34 0.1397918
723 150 19 25 0.13962314
666 489 19 20 0.13368681
496 210 8 14 0.1315509
323 169 33 34 0.12488299
401 320 6 14 0.12191389
669 204 44 46 0.116337225
251 188 12 15 0.11197328
715 139 37 44 0.10718454
820 273 8 14 0.094463184
250 192 8 11 0.08668209
698 163 50 59 0.08498602
617 234 9 12 0.08067757
534 254 154 125 0.078244895
708 232 5 8 0.07530454
718 156 19 21 0.07364717
71 414 16 17 0.07103164
177 612 32 32 0.06383922
661 217 5 10 0.062501036
455 163 7 12 0.05914107
79 381 25 25 0.054686937
196 274 7 12 0.04798382
617 131 52 56 0.047032844
307 259 18 24 0.045940064
436 237 13 21 0.039750807
489 285 11 17 0.03779101
558 289 21 29 0.034182444
536 633 12 13 0.033718403
741 199 11 10 0.033008415
432 236 8 9 0.032197304
617 201 27 28 0.030056546
410 171 22 26 0.026422257
77 400 10 12 0.02585618
405 254 6 11 0.024715636
707 155 63 61 0.023530481
476 626 24 25 0.023421817
709 216 17 30 0.022122312
531 627 18 22 0.02199778
61 420 9 9 0.021450443
452 151 13 17 0.021396777
