12_Group_Large_Group_12_Group_Large_Group_12_295
29
423 320 50 53 0.44819683
268 290 19 18 0.41731048
504 332 21 23 0.31460223
439 330 29 30 0.2760723
406 278 23 20 0.26710582
658 278 21 21 0.23643032
305 306 24 20 0.18375438
614 289 27 27 0.123667136
596 295 12 12 0.10527097
531 296 16 18 0.100455284
591 296 12 10 0.09724358
455 287 18 19 0.0873128
494 296 9 8 0.08512708
552 298 10 9 0.08480111
525 303 12 10 0.064190276
675 288 20 20 0.060662504
661 283 21 23 0.054217827
401 302 19 18 0.04415197
604 352 49 51 0.04263379
461 244 16 15 0.04100035
540 274 14 13 0.03899987
313 305 14 13 0.03735366
610 356 29 31 0.033928107
509 322 12 12 0.033728395
535 272 11 10 0.02958338
500 319 14 14 0.02924127
728 307 25 25 0.026824472
469 268 16 13 0.025849095
569 280 9 9 0.02346321
