12_Group_Team_Organized_Group_12_Group_Team_Organized_Group_12_927
95
661 290 42 36 0.7589605
660 372 37 31 0.7539532
507 286 36 32 0.7434741
556 211 27 24 0.7278467
735 423 31 27 0.715737
398 200 33 28 0.69911546
211 202 28 24 0.6990319
1001 200 25 27 0.6964958
593 209 41 31 0.67420554
774 315 40 33 0.6707471
158 178 50 38 0.6569815
119 193 30 28 0.61640674
575 276 41 32 0.61213225
800 195 16 15 0.5806334
904 148 44 37 0.57918966
845 173 20 17 0.5694131
733 156 44 34 0.56508696
856 340 34 27 0.5322546
967 167 32 27 0.5235937
348 186 25 22 0.5139197
280 170 48 33 0.48015273
562 215 20 16 0.46905744
730 341 25 23 0.4690391
268 159 69 55 0.46456003
630 160 28 27 0.461545
976 171 31 32 0.45104778
807 338 38 31 0.44975662
605 216 22 17 0.43126678
325 170 68 52 0.42827663
971 172 21 20 0.41938972
740 160 29 22 0.40867865
173 181 27 31 0.40847757
786 321 18 18 0.38796404
477 153 33 26 0.3876573
500 174 45 43 0.33395207
677 304 9 9 0.33332136
910 155 28 24 0.3179895
403 173 22 15 0.31595677
708 160 36 27 0.2910741
586 190 11 11 0.28207943
676 181 28 21 0.26915506
674 380 14 17 0.2572588
522 190 17 16 0.2453129
442 179 25 17 0.24329627
479 157 20 19 0.2359695
611 219 9 10 0.23560032
804 167 11 11 0.23512866
637 165 14 15 0.22255366
725 345 32 29 0.19895793
588 192 5 7 0.19777706
369 171 12 10 0.19300361
456 174 24 20 0.19099635
693 175 24 21 0.18844804
212 194 32 24 0.17748465
840 343 26 22 0.17712416
719 166 10 9 0.15202007
444 184 17 14 0.14876159
745 150 42 34 0.13704135
527 181 25 20 0.1365415
960 352 20 18 0.13017137
406 199 19 16 0.13014819
745 429 15 17 0.120672405
551 183 9 7 0.10802952
719 161 13 12 0.10459803
665 172 47 38 0.09962732
316 179 30 26 0.081700645
316 461 70 60 0.06964161
599 298 30 24 0.068172626
358 169 34 28 0.055574033
387 189 57 40 0.05472202
802 197 10 12 0.052203525
634 254 15 16 0.04864439
9 183 23 23 0.044047948
344 173 25 21 0.043769315
606 175 24 20 0.04080934
756 329 12 12 0.03938715
964 356 11 9 0.037086815
222 202 10 11 0.034943137
385 171 19 18 0.03340834
700 412 30 34 0.03234304
561 191 4 4 0.032252952
368 162 10 10 0.030550322
22 142 18 16 0.028680583
708 184 21 21 0.028551538
414 179 4 4 0.028078953
152 155 71 67 0.027220486
454 151 28 25 0.026078139
1006 208 10 11 0.025496619
803 162 12 11 0.024856033
293 185 15 13 0.02430071
530 179 8 9 0.024048606
621 317 11 10 0.023351574
529 189 16 16 0.022365252
624 424 115 88 0.022008609
367 190 16 19 0.021344505
