12_Group_Group_12_Group_Group_12_935
633
814 94 28 26 0.6474193
90 354 29 26 0.627927
630 608 22 21 0.6115327
954 562 30 30 0.6012735
608 62 28 26 0.598476
371 417 29 29 0.5977116
923 151 25 24 0.59400696
253 410 32 29 0.5913449
895 551 36 34 0.58861965
10 561 26 27 0.5879422
437 409 22 21 0.5869242
883 318 26 25 0.5851538
659 61 25 25 0.58289695
222 523 26 27 0.5818375
324 60 23 22 0.57611233
871 422 25 29 0.5698871
758 422 29 27 0.5683725
401 558 26 26 0.5531234
745 174 29 27 0.55216944
979 242 29 32 0.55131525
76 566 35 33 0.54940784
227 320 28 27 0.54571795
146 565 27 26 0.5438777
109 532 28 31 0.54338616
527 530 22 22 0.54062945
686 596 32 29 0.53071016
147 357 28 28 0.5304663
780 22 30 29 0.528126
32 348 34 36 0.52655566
109 482 27 30 0.52517563
672 0 32 30 0.5179593
833 527 33 29 0.51764596
168 431 33 31 0.5140211
229 660 26 30 0.51280767
292 154 29 25 0.51275307
891 635 24 25 0.50785136
842 551 28 31 0.50665647
142 80 23 25 0.50540006
625 2 21 18 0.50243795
42 189 31 32 0.4979435
252 632 23 23 0.49296924
808 428 29 29 0.4922044
760 125 32 30 0.48631045
432 463 21 20 0.48508748
781 564 17 19 0.48351243
41 201 23 24 0.48266435
774 557 27 31 0.47953296
156 355 21 20 0.47873253
734 453 28 30 0.47852027
730 230 23 25 0.47797093
842 220 27 26 0.4768388
109 188 21 20 0.47681847
112 676 21 21 0.4750443
47 25 34 35 0.4712841
214 64 21 22 0.4702765
46 672 24 26 0.4702677
953 354 31 25 0.46483284
814 181 19 19 0.45888573
464 159 27 26 0.45791334
848 22 27 26 0.45685804
653 312 25 25 0.4559314
251 624 30 27 0.4533616
293 189 27 30 0.45146304
336 560 23 26 0.44959432
522 170 22 21 0.4492062
214 388 23 22 0.4491129
785 289 15 16 0.4468857
998 462 23 29 0.445197
384 58 30 26 0.4427747
913 28 17 18 0.4417241
938 417 33 35 0.44018674
914 20 22 20 0.43825966
314 427 25 22 0.4377914
963 27 27 28 0.43351582
196 281 27 28 0.43295372
591 529 31 29 0.43270072
12 106 29 26 0.43262944
947 612 26 24 0.4311144
974 151 25 27 0.42958474
115 11 36 38 0.42861047
515 572 26 25 0.428383
302 286 18 19 0.42624983
985 192 28 28 0.4256246
342 388 16 20 0.4252075
550 258 30 24 0.4249718
881 664 29 30 0.4246655
436 464 11 13 0.42246675
362 121 24 23 0.42103535
886 625 32 28 0.41967285
715 352 22 22 0.41655037
18 610 22 23 0.41574767
86 83 30 29 0.41569588
122 631 22 24 0.41466042
39 405 20 20 0.41429856
761 608 32 32 0.4142776
239 452 28 25 0.41366073
371 650 27 30 0.41206354
470 328 31 29 0.4114575
217 158 24 22 0.4104848
923 245 22 23 0.40580705
718 563 18 17 0.40547925
971 507 26 25 0.4046126
418 100 25 24 0.40382576
591 350 24 23 0.40378076
623 660 25 29 0.40019113
684 458 27 25 0.3989172
445 576 25 23 0.39852378
628 201 22 20 0.398345
689 188 19 19 0.39816347
801 453 33 30 0.39410445
480 111 21 22 0.3918969
827 314 24 22 0.39135653
895 67 23 24 0.39135203
341 564 16 17 0.39128694
628 191 28 28 0.3897868
626 378 30 28 0.38947344
912 535 20 19 0.38762975
20 459 17 19 0.3874776
-1 152 34 39 0.38671878
244 459 28 25 0.38586667
383 638 21 24 0.38519412
810 659 21 22 0.38355824
10 465 20 24 0.37970662
280 568 15 15 0.3789962
556 418 27 30 0.37777716
286 318 36 34 0.37683216
764 386 16 18 0.3766833
526 352 35 34 0.37643477
856 484 21 23 0.37560174
696 391 29 29 0.3754683
438 -3 45 35 0.3745238
680 7 29 25 0.37303784
952 323 16 20 0.37252337
767 317 24 21 0.370977
124 275 36 36 0.37064388
824 366 32 29 0.36984244
823 616 22 20 0.36694455
72 327 11 13 0.36606336
438 646 31 31 0.36592856
105 527 28 26 0.36435544
603 93 20 23 0.36355922
748 664 22 24 0.36242238
981 199 25 26 0.36022523
513 175 34 28 0.3596424
880 118 25 26 0.35769066
34 387 33 37 0.35707164
353 280 17 15 0.35629687
652 94 39 32 0.35470155
511 383 40 45 0.35411224
454 4 23 19 0.35337818
207 292 9 12 0.35277143
741 2 19 17 0.35276216
411 356 15 15 0.35260007
519 608 28 26 0.3485589
656 540 27 23 0.34734717
610 270 28 24 0.34705064
528 124 23 23 0.34300247
911 518 26 25 0.34295884
217 573 17 20 0.34261996
566 221 24 27 0.34014678
545 71 31 34 0.33969736
908 219 27 25 0.3388224
463 532 20 18 0.3370644
51 633 32 30 0.33689117
904 492 49 45 0.3331353
110 281 31 32 0.33247942
837 320 16 20 0.3309602
290 496 23 25 0.32988888
73 604 19 18 0.32925367
366 645 41 41 0.32852522
50 680 13 14 0.3277907
580 564 28 23 0.32777482
437 57 28 25 0.32513294
931 376 33 27 0.32445475
927 464 35 38 0.3242743
731 503 29 24 0.31810862
399 391 14 14 0.31566656
365 478 23 25 0.31503022
689 279 33 30 0.31489387
154 529 25 24 0.31393123
148 604 13 18 0.31331933
999 120 27 31 0.31299827
195 644 15 13 0.3046922
34 422 33 32 0.30433705
34 219 23 25 0.30371353
973 527 23 24 0.3022448
-4 640 20 19 0.30024907
764 346 41 34 0.29956758
22 102 27 27 0.2989012
319 541 13 13 0.29788718
167 174 31 27 0.29760522
508 425 25 29 0.29740402
566 642 20 22 0.29486004
317 608 27 25 0.29477456
547 493 11 11 0.29309365
585 126 34 27 0.292906
179 314 19 16 0.29093647
219 342 34 31 0.289812
299 109 23 23 0.2890922
405 524 29 29 0.2861382
284 393 10 12 0.28521267
32 95 21 21 0.28297418
1002 87 17 20 0.28282887
765 366 26 25 0.28076926
698 154 21 18 0.2805885
882 112 23 21 0.28037533
969 20 27 25 0.2782661
700 293 26 24 0.27736828
507 629 26 26 0.27706787
318 430 15 13 0.2761331
802 235 9 12 0.27514088
967 220 31 36 0.2749938
946 107 18 20 0.27253395
168 539 15 16 0.27181083
452 200 17 16 0.26821074
667 355 25 28 0.2665946
554 289 23 21 0.2657648
68 285 29 28 0.2649629
378 627 19 21 0.26371172
958 362 22 23 0.26178595
918 220 29 27 0.26095188
902 62 17 19 0.26027787
573 471 6 7 0.25690985
838 287 21 20 0.25685254
597 110 24 22 0.2562341
367 490 14 15 0.2557457
13 618 30 34 0.2543347
129 161 12 16 0.2542555
26 268 22 23 0.2533955
840 280 23 20 0.25338018
872 466 17 17 0.25322875
-8 489 27 34 0.25300905
362 323 18 24 0.25117695
-1 49 18 21 0.25071654
622 430 15 15 0.25058496
212 608 8 9 0.2502753
260 102 24 23 0.24943753
50 529 15 18 0.24905923
583 398 13 16 0.24622488
777 530 23 24 0.24622263
351 152 25 25 0.24460542
514 4 14 12 0.24294111
374 611 25 26 0.23386423
676 493 22 27 0.23371814
749 265 11 13 0.23371089
486 296 17 17 0.23320568
32 262 25 24 0.23095152
1006 400 13 14 0.22948039
18 299 17 18 0.22821757
365 7 11 10 0.22582474
559 648 25 21 0.22537895
400 22 17 19 0.2239913
888 84 24 27 0.22220884
906 370 24 23 0.22212455
620 295 9 8 0.2206228
549 94 14 20 0.21906452
88 575 14 15 0.21817358
585 159 25 24 0.21769954
890 607 21 25 0.21703945
108 313 28 34 0.21467544
893 364 22 21 0.21453042
331 630 12 15 0.21432236
503 65 24 26 0.21420914
368 96 12 16 0.21291998
581 610 18 20 0.20923509
659 525 33 31 0.20848458
657 163 10 11 0.20777218
478 103 28 26 0.20711596
275 602 22 25 0.20677862
474 167 10 11 0.2066541
616 605 31 31 0.20520906
698 392 20 17 0.20518927
430 606 31 28 0.20405988
766 646 17 14 0.20399292
263 479 34 27 0.20333153
158 21 28 25 0.20181379
62 0 14 13 0.19443187
691 219 18 21 0.19160742
1002 330 16 17 0.1913103
830 612 14 14 0.19099
720 138 11 13 0.19086683
57 157 25 22 0.18997295
427 292 19 16 0.18824147
959 69 18 18 0.18805674
0 495 10 12 0.18677177
396 167 25 24 0.18635361
262 253 20 19 0.18631563
518 390 26 23 0.18544948
836 386 21 22 0.18356556
165 662 17 19 0.18348366
621 224 16 18 0.18303536
664 71 22 26 0.18273881
508 669 15 14 0.18252851
821 345 33 31 0.18204632
294 669 23 26 0.18135488
497 500 20 20 0.18065335
421 329 17 22 0.1776227
718 33 15 17 0.17580514
532 113 27 23 0.17522664
979 493 26 33 0.17407751
825 381 27 28 0.17221628
772 277 21 20 0.17169215
520 4 14 12 0.17124921
668 309 21 21 0.1678342
657 121 13 17 0.16733505
129 0 20 17 0.16606462
251 117 24 23 0.16604856
18 114 13 15 0.1652606
641 156 29 26 0.16514668
295 4 18 14 0.16447185
106 102 27 27 0.16434328
300 92 23 25 0.16355598
191 2 15 13 0.16301034
302 156 27 27 0.16248804
889 94 17 17 0.16243555
302 519 25 21 0.16000222
900 557 23 25 0.15810591
328 600 12 16 0.15529831
341 33 14 15 0.15435536
486 75 26 24 0.15387325
522 622 25 26 0.1537372
901 643 9 12 0.153603
469 356 22 21 0.15289938
181 434 24 23 0.15272026
129 120 26 26 0.15254003
479 350 16 17 0.15130441
614 495 20 23 0.15123743
309 132 15 15 0.15089011
460 522 25 23 0.14839855
1001 683 13 13 0.14834273
621 263 8 9 0.1481301
293 39 7 9 0.1475718
289 349 17 18 0.14696385
438 307 88 79 0.14528582
409 168 23 22 0.14366569
34 91 14 14 0.1380097
146 390 16 17 0.13676976
19 158 28 29 0.13630475
959 413 29 28 0.13617599
524 71 19 19 0.13611217
970 233 52 49 0.13405535
697 560 29 27 0.13334483
111 315 23 19 0.13182673
534 165 11 11 0.13182142
550 302 16 16 0.13151695
179 667 13 13 0.13090535
592 314 23 22 0.1304357
23 300 10 10 0.12608933
471 533 17 23 0.12608358
611 656 44 41 0.12549533
616 67 15 20 0.12379277
437 596 8 9 0.12355448
403 202 15 16 0.12276415
217 68 9 10 0.12110266
72 165 8 11 0.12105299
1007 388 15 18 0.12084351
24 613 10 13 0.12038503
154 573 15 16 0.12009485
698 652 13 16 0.119776204
228 194 26 24 0.118219875
935 4 9 11 0.114842966
329 259 10 11 0.11406451
82 301 9 9 0.11347661
308 596 32 27 0.11343157
216 0 19 18 0.112766705
825 228 17 19 0.112580076
600 162 22 19 0.112440184
388 205 18 18 0.112358354
974 295 16 20 0.11232458
868 1 7 9 0.112077594
370 126 8 11 0.11151256
279 339 37 40 0.11105807
17 507 22 24 0.110645674
248 140 9 9 0.10744013
436 298 11 14 0.10641441
405 564 14 17 0.10641086
10 60 19 24 0.10570247
544 468 26 26 0.10559054
299 677 24 18 0.10473102
365 363 7 8 0.10469721
-1 26 11 15 0.10431662
606 418 23 21 0.10384204
326 373 30 25 0.103675984
434 598 21 25 0.103361525
755 182 15 18 0.10053966
886 372 22 22 0.10028792
246 258 12 12 0.09969901
618 66 10 14 0.098343685
301 470 18 20 0.098310046
36 120 33 30 0.09756647
667 112 24 23 0.09736084
486 264 16 15 0.09692315
14 2 10 10 0.09608818
689 666 16 18 0.09344885
457 203 9 10 0.09320827
945 379 16 19 0.09320473
495 662 24 22 0.091583036
402 285 24 26 0.09127949
373 463 21 20 0.09015687
833 647 8 8 0.08962592
847 13 18 23 0.088871144
972 498 24 19 0.088585846
220 569 18 17 0.088228546
231 197 15 17 0.08776096
684 679 11 8 0.0868462
114 539 13 15 0.084221765
52 34 22 20 0.0841411
978 679 18 20 0.084035695
469 313 22 24 0.08385129
980 76 15 19 0.083251804
354 358 16 18 0.08257381
678 277 14 15 0.08174994
395 364 20 22 0.07985319
891 206 30 29 0.07948199
823 69 20 21 0.07916417
422 122 15 16 0.07886221
226 368 32 32 0.07837269
490 291 10 12 0.078064285
163 314 29 32 0.07772018
645 563 20 21 0.07730361
38 392 16 18 0.07554963
400 67 8 8 0.07489742
546 6 14 14 0.074837446
687 408 20 19 0.07480502
56 201 6 10 0.07428811
612 463 22 24 0.07414786
440 501 9 11 0.073918276
543 268 19 20 0.07346914
459 66 20 19 0.071851425
104 169 22 24 0.07055842
553 677 16 15 0.07036462
536 128 13 13 0.06985677
656 558 16 17 0.0696028
271 570 23 24 0.06705584
389 60 16 13 0.06656256
899 468 21 21 0.06613179
703 680 9 9 0.06598188
745 679 11 9 0.06583706
412 168 14 13 0.0657652
182 451 16 15 0.06524229
263 421 16 18 0.06521537
919 504 15 17 0.06513302
602 360 27 25 0.06404728
691 436 15 15 0.06364281
512 504 8 9 0.063336946
209 96 14 17 0.06266438
177 8 18 15 0.06236283
256 637 12 15 0.06158581
595 577 12 13 0.061530046
989 198 16 16 0.060304042
454 183 25 24 0.059712037
791 498 14 18 0.059709135
546 659 17 21 0.059473645
197 305 10 10 0.059154674
230 267 8 7 0.0585682
377 416 16 18 0.058128122
147 129 8 11 0.057700723
353 194 18 18 0.05732576
775 302 16 14 0.057263013
953 615 15 19 0.057097986
599 386 15 14 0.05704077
562 395 31 25 0.05693219
887 672 20 20 0.056527216
184 327 3 5 0.05641999
514 468 6 7 0.05632221
15 569 16 25 0.055896584
971 7 15 15 0.055818804
573 228 9 12 0.055606607
994 189 14 14 0.054723933
951 691 8 7 0.05457305
828 466 29 29 0.053751346
386 208 10 10 0.052899685
456 628 11 14 0.052840874
809 8 6 7 0.05270907
76 3 5 6 0.05203761
8 286 17 17 0.0519848
757 8 24 25 0.051514056
9 116 25 26 0.051457327
392 647 7 9 0.0513492
243 330 5 7 0.05081468
255 184 15 15 0.050472163
912 214 22 21 0.05025563
519 270 8 7 0.049930185
537 536 8 9 0.049211293
467 572 8 8 0.049199194
125 670 15 13 0.048681706
113 10 19 22 0.047968052
424 5 10 11 0.04691309
280 30 13 13 0.04650424
437 292 9 10 0.0464405
694 364 22 24 0.046410345
991 631 15 15 0.04626837
769 431 6 8 0.04578596
1012 6 10 10 0.045744468
967 320 21 18 0.045089763
869 465 11 12 0.04473474
107 192 24 24 0.04456796
817 305 19 17 0.044529248
949 121 9 13 0.04392919
510 62 21 20 0.043536093
936 157 10 10 0.042709347
273 345 32 29 0.04156621
84 612 23 24 0.040659834
63 642 12 15 0.039745238
961 65 12 11 0.03931554
790 2 15 15 0.039188012
894 312 14 20 0.03907618
633 183 17 20 0.039040294
309 463 15 14 0.038715426
73 493 15 16 0.03869375
366 509 18 16 0.0386057
39 12 19 23 0.038496926
151 685 19 16 0.038363107
201 584 16 14 0.037662927
753 512 21 21 0.03750966
116 680 11 12 0.037311077
607 70 21 23 0.037249442
244 566 24 23 0.036863666
559 600 37 34 0.036813147
684 163 19 20 0.036583122
520 312 40 44 0.035974078
73 499 12 15 0.03592651
551 670 19 17 0.03579305
885 124 9 12 0.03568867
828 103 3 4 0.035459604
74 647 7 9 0.035397653
975 108 14 18 0.035389718
239 10 15 13 0.035236012
708 584 9 11 0.034946978
524 69 68 56 0.034662563
283 571 8 11 0.03418985
472 571 12 13 0.03404764
727 516 11 16 0.03379749
594 487 46 45 0.033678018
53 177 14 20 0.033624668
58 330 15 17 0.033546023
663 437 12 10 0.033332646
450 418 2 3 0.033305746
544 91 24 26 0.03294559
359 281 15 20 0.032679908
681 8 12 15 0.032435067
929 427 31 24 0.032310456
191 452 9 9 0.032233555
634 645 14 11 0.03222746
160 191 38 34 0.032197356
300 329 6 9 0.03193382
752 383 22 21 0.031850215
844 317 9 10 0.03151747
448 148 41 42 0.031474683
478 272 13 16 0.031233406
826 376 37 41 0.031143278
145 0 16 14 0.031051608
774 611 7 8 0.030890498
315 259 7 8 0.030725665
748 429 21 20 0.030524665
723 359 6 7 0.030411962
610 287 14 15 0.030057788
144 509 16 18 0.030005118
656 575 15 15 0.029979475
784 577 10 10 0.029766008
526 410 29 28 0.029599523
403 393 6 9 0.029574504
515 272 14 15 0.029542435
789 414 56 63 0.02933662
222 579 8 9 0.028802887
425 110 18 17 0.028271884
521 195 6 7 0.028244883
183 158 22 24 0.028023113
55 649 18 23 0.027928464
547 329 17 17 0.027766367
118 196 3 4 0.027708784
299 193 11 12 0.027642606
215 97 18 20 0.0273594
108 365 9 11 0.027344396
165 110 19 21 0.027284399
344 321 29 25 0.026803067
562 266 5 8 0.026568156
595 632 73 59 0.026490558
684 672 11 9 0.026317008
80 610 4 6 0.026212411
933 464 16 19 0.02619048
132 508 11 10 0.026141126
365 311 12 11 0.026121624
981 525 22 27 0.02610574
203 73 21 21 0.026090814
757 70 28 31 0.025977101
306 622 36 30 0.025747355
348 404 11 10 0.02551329
738 153 10 12 0.02547455
524 571 10 10 0.025358561
476 684 29 25 0.025109127
35 298 18 18 0.024774319
371 315 85 63 0.024761597
41 358 13 12 0.024600651
382 425 10 15 0.024559626
760 674 6 7 0.024548063
330 72 15 14 0.024451293
682 457 15 16 0.024382852
227 167 4 6 0.02430514
5 160 18 21 0.024298504
324 276 20 19 0.024236413
517 199 8 10 0.02394772
835 356 16 19 0.023552561
-4 253 21 21 0.023390973
67 482 67 55 0.023320906
8 424 27 36 0.023122635
451 330 25 26 0.022993697
385 12 12 11 0.0229374
572 648 11 11 0.022811541
575 596 33 38 0.022547327
679 342 52 57 0.02240966
520 176 39 36 0.022408435
955 484 17 15 0.022265472
414 505 10 12 0.021860396
539 174 7 9 0.021775834
654 158 17 24 0.021766648
169 186 19 16 0.021702977
81 563 12 17 0.02123849
985 233 19 24 0.021114973
828 544 51 39 0.021042636
443 66 7 10 0.0209664
422 462 11 11 0.020943284
226 309 9 12 0.020769116
167 314 23 18 0.020605857
327 432 9 9 0.020588532
304 304 12 11 0.020552922
817 674 4 6 0.020517556
895 220 23 23 0.02041922
36 493 48 46 0.020409422
302 486 6 8 0.020390105
697 647 13 12 0.020376015
753 673 19 18 0.020214321
377 89 7 8 0.02002937
