12_Group_Large_Group_12_Group_Large_Group_12_849
19
211 217 21 23 0.520697
779 338 16 21 0.47580814
649 351 24 32 0.4638547
830 319 27 30 0.3968529
130 222 20 23 0.33517668
441 305 13 15 0.24797706
394 328 15 16 0.23221624
404 331 9 11 0.14964901
132 227 13 15 0.14044715
208 225 15 14 0.13280325
199 223 14 16 0.08126141
817 319 35 34 0.06716545
389 334 11 10 0.061935563
293 315 20 19 0.050373394
374 378 27 28 0.04267052
835 309 27 29 0.03720386
409 316 14 13 0.024109945
753 361 19 21 0.02229908
302 324 17 19 0.02142336
