12_Group_Large_Group_12_Group_Large_Group_12_607
18
369 339 27 25 0.5925945
610 355 27 24 0.5871188
536 341 25 21 0.5475887
332 344 33 28 0.5224182
567 177 25 24 0.42079845
573 179 17 16 0.39358366
448 330 24 20 0.31667227
493 370 22 22 0.12739022
456 333 12 12 0.123754576
464 209 29 24 0.10022802
576 180 27 26 0.081890225
332 355 24 22 0.065090194
604 348 29 25 0.04215715
326 337 45 45 0.039551277
499 377 12 11 0.030061154
-2 296 28 32 0.029519852
472 216 15 13 0.02442347
235 91 17 17 0.023412868
