12_Group_Team_Organized_Group_12_Group_Team_Organized_Group_12_461
49
38 301 32 32 0.6612065
104 306 26 25 0.46580976
626 295 35 35 0.39347705
475 297 37 35 0.38913232
909 424 21 21 0.37828526
181 319 16 17 0.32753715
363 313 13 15 0.28238982
223 263 81 71 0.2687752
912 327 16 13 0.2521973
407 290 23 22 0.23579969
328 415 32 30 0.23268436
114 313 11 13 0.22184815
903 423 42 38 0.20443948
903 329 16 14 0.20436019
295 434 30 28 0.2000251
236 290 27 24 0.19562592
266 293 25 25 0.18115169
303 305 14 12 0.16461834
250 294 24 22 0.1638814
307 311 15 14 0.1582908
152 306 15 12 0.13618357
858 436 18 18 0.11462277
166 312 21 19 0.1126564
408 279 26 21 0.11116492
876 433 18 18 0.105364315
32 359 21 24 0.10250903
921 329 12 12 0.09801851
863 435 19 15 0.09014595
952 442 18 18 0.07415725
897 435 14 16 0.07234556
847 421 19 17 0.060966473
366 308 12 12 0.06033585
112 311 10 9 0.05931728
514 292 25 25 0.05892558
310 316 11 10 0.052268684
376 307 15 15 0.047187064
18 293 67 54 0.043869413
1003 312 11 14 0.04280353
1008 323 13 13 0.03636744
652 288 31 35 0.03303479
367 242 93 88 0.029174943
335 330 9 8 0.02841031
604 289 23 25 0.027941123
418 248 138 128 0.027110657
338 166 30 26 0.026825733
956 420 16 15 0.024810048
290 400 62 53 0.022242047
40 368 14 13 0.02090934
883 420 20 18 0.020028861
