15_Stock_Market_Stock_Market_15_286
30
694 135 82 100 0.6690859
622 230 48 49 0.6611619
614 218 72 70 0.61830664
487 248 31 32 0.50706464
298 212 32 31 0.31510347
479 253 43 39 0.27194884
558 272 21 21 0.23897485
680 164 82 82 0.14521256
568 278 12 12 0.124860115
386 240 32 26 0.11483311
582 486 15 18 0.08672765
374 361 23 23 0.0736188
219 243 30 28 0.06253014
674 140 67 79 0.060293358
644 232 54 50 0.059309658
465 177 22 20 0.05386611
687 176 45 49 0.052251775
914 233 44 53 0.051659096
346 362 30 30 0.050752703
576 488 23 31 0.04236365
804 223 48 56 0.036800917
475 113 9 9 0.034904372
571 510 36 39 0.030163895
912 213 34 41 0.027608424
799 205 59 58 0.027326304
515 439 14 15 0.023717053
378 242 23 17 0.021953072
-35 470 128 123 0.021538083
457 202 30 26 0.020868069
568 518 22 23 0.020699063
