15_Stock_Market_Stock_Market_15_554
28
219 68 214 218 0.81260014
495 216 91 93 0.7833201
4 176 50 87 0.37778148
107 168 38 39 0.2877793
684 219 36 31 0.19877402
302 92 142 170 0.17411147
505 235 46 56 0.11538009
733 250 31 28 0.10334364
687 229 39 40 0.10291548
521 231 59 61 0.07586667
171 97 66 82 0.06636651
741 254 19 20 0.060267687
340 142 70 73 0.059702437
113 41 194 177 0.059270695
154 91 113 97 0.04827677
9 152 40 59 0.04642704
111 177 21 24 0.046146516
341 289 79 88 0.038916852
98 165 62 68 0.035636887
-71 102 201 150 0.034719776
104 -29 394 290 0.032505408
281 162 153 123 0.027321689
253 116 132 143 0.026464054
156 143 47 62 0.024141507
96 65 266 224 0.02379923
827 608 74 59 0.022669157
127 162 71 82 0.020981885
333 103 150 125 0.020829575
