31_Waiter_Waitress_Waiter_Waitress_31_788
28
443 -1 87 57 0.7625323
667 229 92 87 0.613137
894 121 22 15 0.4266632
142 413 37 25 0.13169925
900 125 10 8 0.10617121
207 6 34 18 0.10452204
435 -11 129 82 0.097528584
701 224 83 82 0.09349384
205 6 44 28 0.08682091
473 217 37 25 0.08392178
903 121 14 11 0.07940084
680 204 85 86 0.066155985
140 204 74 63 0.06436652
487 0 60 48 0.054057937
133 224 51 36 0.05113988
243 63 44 28 0.038819812
441 10 51 39 0.035707697
427 379 44 32 0.03524784
420 385 55 39 0.033421535
247 10 44 28 0.028340155
239 -12 83 52 0.026439201
68 216 176 125 0.025593612
132 362 81 52 0.024994183
693 250 49 42 0.023902755
691 357 245 155 0.021883223
656 220 166 98 0.021475367
568 216 76 61 0.021214793
669 262 74 50 0.020917088
