31_Waiter_Waitress_Waiter_Waitress_31_818
26
167 108 152 154 0.80143106
713 137 86 78 0.7079269
554 58 118 96 0.42925748
621 89 106 84 0.4137849
766 59 86 67 0.2763329
621 72 91 65 0.16371469
773 67 52 42 0.12350887
201 148 76 107 0.0896936
870 103 79 58 0.07721852
640 117 80 66 0.07267827
597 371 73 37 0.06856902
749 89 86 60 0.066562995
863 44 73 65 0.06289771
579 58 62 47 0.05430388
864 65 84 69 0.049261335
125 120 169 94 0.040470336
590 86 115 64 0.037973095
153 189 152 73 0.036553722
362 369 53 29 0.036514863
939 236 13 9 0.027151147
198 125 131 72 0.02401776
855 21 84 57 0.02204854
507 50 134 105 0.02188357
695 126 155 86 0.021450689
776 90 46 37 0.021138541
94 132 305 142 0.02020384
