31_Waiter_Waitress_Waiter_Waitress_31_351
21
300 167 142 182 0.78521675
870 80 45 53 0.5979921
138 147 41 44 0.43531993
841 53 99 109 0.25875458
726 186 23 31 0.23340279
18 176 30 34 0.16178548
340 186 129 137 0.12221388
780 199 20 26 0.07344389
789 158 21 25 0.06701481
533 176 17 18 0.06569112
525 175 26 25 0.06505073
181 154 37 36 0.05384192
856 154 15 16 0.048221286
47 411 103 103 0.04586877
833 145 30 29 0.04387766
275 192 131 129 0.032505985
508 355 111 87 0.02828413
819 154 29 28 0.027239516
24 186 18 23 0.02593022
843 159 15 17 0.024295734
217 59 315 282 0.02102678
