31_Waiter_Waitress_Waiter_Waitress_31_214
19
340 86 107 133 0.82553357
824 53 136 175 0.78345627
168 47 114 154 0.7439028
308 52 169 207 0.3623051
191 75 70 103 0.25040317
836 76 78 130 0.10552437
350 130 59 76 0.052308705
256 329 88 117 0.044511653
332 114 62 89 0.044171736
186 101 27 48 0.043451753
730 571 204 227 0.0394725
867 93 100 121 0.037443
838 88 38 75 0.031831365
256 -32 274 283 0.03126319
203 62 116 152 0.030298099
355 142 82 86 0.025025057
80 559 260 285 0.023608582
115 59 117 129 0.022272537
780 85 104 107 0.02164588
