31_Waiter_Waitress_Waiter_Waitress_31_358
30
311 287 57 61 0.79010016
495 288 77 85 0.7704556
803 172 84 75 0.7297862
163 312 60 67 0.58743024
683 364 27 23 0.4511871
129 254 28 27 0.30013457
999 317 29 40 0.26846603
558 362 38 36 0.25888973
143 257 29 27 0.23870437
484 263 113 124 0.16461763
582 363 23 23 0.122332245
311 267 78 93 0.1034079
83 297 53 47 0.100869365
574 371 15 13 0.085338585
612 414 24 27 0.072657526
609 400 21 22 0.06946476
-9 396 150 122 0.06150622
766 150 164 128 0.051702406
136 261 14 10 0.0497027
394 308 39 47 0.044736378
999 403 17 32 0.03507437
617 389 20 18 0.03038494
760 355 23 19 0.030111084
606 386 23 20 0.023964673
668 370 14 14 0.0222662
7 239 36 54 0.021991646
311 188 168 123 0.021640986
-4 522 356 259 0.020870108
-58 293 281 210 0.020823762
45 367 109 111 0.020460049
