31_Waiter_Waitress_Waiter_Waitress_31_420
71
35 215 29 30 0.64591163
463 183 31 29 0.62055945
912 214 39 38 0.5940505
407 225 27 27 0.56344366
646 214 38 44 0.5350777
585 218 26 26 0.52787733
689 244 27 27 0.5255967
374 302 25 26 0.5233836
328 302 33 30 0.51825154
875 314 20 19 0.49291906
362 299 40 36 0.48681447
240 317 17 18 0.44186586
124 302 21 18 0.4304767
321 305 28 28 0.39458442
148 258 29 27 0.35999608
901 210 34 34 0.3485991
345 218 22 23 0.330071
160 313 21 22 0.27935684
693 241 19 22 0.27179694
1002 298 21 31 0.26202843
539 216 21 21 0.20087679
693 203 32 28 0.19278501
282 323 14 10 0.18061142
1002 282 27 37 0.16796993
554 230 15 16 0.1590854
198 297 6 8 0.12740673
277 327 21 17 0.12614998
364 187 19 19 0.10902242
486 219 16 18 0.107039854
169 271 21 21 0.10090174
746 207 10 10 0.09781663
473 192 13 15 0.093720905
364 192 14 13 0.09222135
388 276 16 18 0.091366105
319 259 10 10 0.08740934
382 274 23 31 0.083488196
108 287 26 22 0.07885357
259 318 18 21 0.077361636
531 209 14 13 0.073944874
533 303 20 21 0.07381532
552 209 17 17 0.07365564
325 265 13 12 0.070039205
740 206 14 13 0.06900173
344 186 23 20 0.059237715
591 226 13 14 0.05092775
844 276 16 17 0.050425656
240 266 14 13 0.04966676
878 212 15 14 0.048964374
1008 233 23 25 0.04382263
671 217 10 8 0.042037398
235 114 18 17 0.033291668
247 324 4 7 0.032417502
204 332 9 10 0.0297303
417 213 16 20 0.028760945
455 183 21 24 0.027934264
292 319 14 14 0.027788157
488 227 11 12 0.02686091
833 314 11 12 0.025583496
5 278 19 22 0.025402877
158 267 7 10 0.02470097
701 250 6 7 0.024341142
917 219 25 28 0.024217514
287 325 17 20 0.024127636
339 310 11 12 0.023618933
443 298 34 29 0.023561455
456 305 22 21 0.023452455
328 339 19 21 0.02324726
417 297 25 28 0.022952842
681 224 18 17 0.022910498
625 204 80 80 0.022725755
57 371 11 15 0.021777987
