31_Waiter_Waitress_Waiter_Waitress_31_465
23
663 106 121 165 0.84702384
272 252 120 158 0.82862645
312 279 74 116 0.16691583
691 131 85 115 0.15699096
288 301 42 76 0.071537025
-29 388 152 195 0.05440642
286 296 78 107 0.053517565
648 114 84 126 0.052273255
644 56 186 204 0.05045612
645 355 192 258 0.047190085
164 140 56 74 0.043498103
83 271 113 133 0.03536635
219 234 134 172 0.034963094
-6 265 110 148 0.03140998
733 140 34 72 0.027213737
377 -89 211 271 0.026618581
202 167 233 274 0.0251272
-25 461 104 157 0.024000213
544 21 63 90 0.023456464
866 123 118 180 0.022785
620 80 137 154 0.022613334
670 348 145 163 0.021319438
-23 86 142 177 0.020854142
