31_Waiter_Waitress_Waiter_Waitress_31_572
23
314 62 141 208 0.80759555
654 96 161 237 0.5526555
701 125 101 184 0.11397197
658 128 103 180 0.09036884
373 110 61 119 0.07463313
326 133 39 77 0.0655471
314 287 162 265 0.06295242
644 -1 226 350 0.049883142
739 151 61 134 0.049634125
782 438 98 146 0.047016583
327 184 205 288 0.041517835
557 136 26 50 0.038832556
92 843 80 163 0.03490061
461 595 84 111 0.02904067
821 237 61 97 0.023929084
606 645 195 283 0.02369551
225 233 111 157 0.02347704
208 23 151 247 0.023300571
321 519 146 218 0.023263173
244 261 190 275 0.022902379
261 264 35 63 0.022114944
721 82 181 271 0.021559518
294 55 97 195 0.020043232
