53_Raid_policeraid_53_736
27
381 183 34 35 0.58706135
111 226 24 25 0.45127684
495 190 38 44 0.44853503
284 210 27 29 0.3456359
502 199 25 29 0.3355567
616 315 40 43 0.30460486
626 325 23 23 0.1418983
186 223 19 23 0.10541795
152 200 28 30 0.103295475
620 301 41 45 0.09111351
273 213 24 23 0.074496806
841 337 36 41 0.0694733
284 196 32 34 0.069399334
256 220 24 23 0.054341007
179 206 15 18 0.053949945
999 67 12 21 0.050182495
984 108 14 19 0.039960485
198 205 17 18 0.036237054
627 308 29 30 0.03580535
198 224 15 15 0.034002434
108 190 41 43 0.029386433
1005 61 15 16 0.027923869
314 233 80 71 0.02245024
685 193 16 18 0.02171799
459 224 35 36 0.02106666
276 203 24 23 0.020039177
839 339 52 53 0.020039162
