53_Raid_policeraid_53_674
29
843 66 38 34 0.6451749
289 61 50 43 0.63278127
68 60 29 26 0.59764886
278 52 77 63 0.58566576
504 67 43 43 0.56946456
829 57 62 52 0.54618603
635 90 31 30 0.53690493
512 86 30 27 0.22905988
337 105 18 17 0.20460682
893 98 13 12 0.1810762
350 107 17 12 0.14521228
162 99 19 18 0.11601787
899 102 8 8 0.10348866
465 45 112 84 0.102199264
1011 120 11 11 0.075955264
1009 112 15 21 0.06792074
165 103 13 13 0.05584926
117 94 13 10 0.055268053
248 36 117 98 0.050743114
337 113 11 10 0.05031508
648 92 27 27 0.040690683
834 93 12 13 0.038579516
351 87 46 44 0.03064234
73 64 15 19 0.029917464
661 105 15 15 0.02944278
124 98 11 9 0.027875263
478 103 20 19 0.025221491
230 94 19 18 0.024786597
374 102 13 14 0.022294786
