53_Raid_policeraid_53_256
26
570 120 76 64 0.631248
631 92 91 77 0.60184854
967 95 54 64 0.40401217
654 0 42 29 0.2502824
74 26 64 70 0.13226216
558 108 139 103 0.07983215
825 126 56 53 0.07432389
698 -3 37 28 0.07167348
454 110 67 59 0.06746013
343 172 22 18 0.058075882
967 104 32 31 0.056031916
95 31 35 44 0.036978558
566 438 45 40 0.035276003
329 391 127 105 0.035087142
450 264 140 99 0.033247776
454 92 55 47 0.03230833
954 105 51 48 0.032077897
730 121 85 63 0.03140549
578 142 44 34 0.03133173
312 362 233 170 0.027732
857 191 165 123 0.027611388
912 62 132 94 0.026625628
387 153 60 40 0.026031181
399 82 49 40 0.025171323
871 109 88 75 0.022204543
717 166 91 72 0.021443274
