53_Raid_policeraid_53_858
26
106 222 66 63 0.79124075
825 125 55 57 0.76116353
402 239 39 39 0.7138858
49 213 27 28 0.68076164
290 220 33 35 0.6264032
500 144 51 44 0.41426846
270 212 69 53 0.3173977
803 110 97 88 0.29517263
92 195 27 24 0.088036984
470 232 34 43 0.08204685
203 159 21 22 0.05652256
720 140 42 52 0.05412637
721 156 51 51 0.04142932
166 248 33 33 0.034732427
413 248 18 24 0.033723686
169 192 28 26 0.0331296
707 172 81 71 0.030815158
316 136 149 130 0.030224377
108 195 19 14 0.02884032
482 147 49 41 0.027397376
919 250 83 74 0.026032858
105 226 41 51 0.02545137
379 195 99 86 0.023508484
183 519 22 22 0.022912508
701 142 48 47 0.021586632
218 150 31 35 0.020048931
