53_Raid_policeraid_53_92
22
711 261 34 35 0.6684146
636 290 35 30 0.54179937
497 226 47 45 0.3972285
488 228 41 35 0.36056113
583 284 20 22 0.21496278
515 235 29 28 0.2137147
623 285 33 32 0.16005135
586 242 18 17 0.14693551
443 184 124 108 0.12990905
640 295 24 21 0.12975168
485 219 34 31 0.12585622
406 215 16 15 0.069711775
104 239 21 17 0.055122558
550 227 19 19 0.030816637
529 301 18 16 0.030648295
113 228 18 14 0.03031252
547 247 18 13 0.028224504
591 244 10 9 0.025686448
221 183 16 16 0.023047263
111 241 13 10 0.022168444
817 508 320 255 0.021887602
385 245 15 12 0.02171203
