53_Raid_policeraid_53_599
56
353 302 36 36 0.6558727
817 309 20 21 0.5598675
241 329 30 27 0.5161371
836 266 21 19 0.48844916
618 260 20 26 0.4367176
506 293 25 25 0.42491293
249 333 17 20 0.38553104
130 153 61 94 0.3699662
520 271 24 24 0.33026496
659 249 30 28 0.3227865
716 240 20 18 0.30953783
844 293 33 28 0.29969677
873 304 19 20 0.2533709
642 334 16 17 0.2495464
839 270 13 14 0.23376669
585 270 13 13 0.22916478
874 308 24 26 0.21092404
726 246 19 17 0.19601712
835 306 16 15 0.17765509
877 331 28 28 0.1757241
874 277 15 14 0.16485262
726 238 15 19 0.16386983
626 322 22 21 0.1529988
470 294 25 23 0.14423318
876 283 8 9 0.14153077
600 264 20 19 0.11531027
455 359 34 34 0.0946273
458 299 19 18 0.094506405
735 315 23 21 0.09419296
668 262 16 16 0.0860253
878 300 11 14 0.079700135
692 312 21 19 0.06770077
559 227 16 20 0.059646316
552 217 15 14 0.052901115
830 273 15 10 0.051423673
486 290 23 21 0.050189465
691 250 13 14 0.049607076
76 146 118 118 0.04928049
626 258 10 10 0.04342571
459 373 23 23 0.040763803
742 275 11 12 0.039730363
828 305 11 14 0.034590866
703 318 12 12 0.03392094
456 376 29 32 0.028603658
137 246 29 40 0.028177671
776 347 21 17 0.026224531
714 230 24 22 0.02359903
109 587 88 77 0.022957832
539 201 14 13 0.02282926
663 336 21 19 0.022096539
552 235 30 27 0.021730788
662 338 14 14 0.02172632
543 196 22 23 0.021557571
611 23 106 91 0.020228095
728 317 19 16 0.020113915
626 271 3 6 0.020011095
