53_Raid_policeraid_53_445
50
816 133 56 53 0.7575615
610 149 52 51 0.7389627
518 280 127 134 0.71672404
506 191 40 39 0.71532184
974 154 47 49 0.7150812
763 165 41 42 0.7095686
215 204 37 35 0.64996606
58 182 54 51 0.6491854
428 163 39 40 0.64165056
367 136 50 47 0.63523936
119 166 46 49 0.57163996
343 108 96 93 0.40969923
323 253 50 41 0.38692206
100 149 82 84 0.34537566
961 146 72 66 0.33103925
495 181 60 62 0.32591972
306 207 41 32 0.21026361
535 298 88 93 0.19216497
-1 398 99 143 0.18112174
403 243 50 53 0.15825418
389 187 32 30 0.14304176
-5 122 47 74 0.12508328
719 179 35 38 0.10554951
425 183 304 232 0.08230488
568 302 74 85 0.07409118
354 283 34 43 0.06660665
694 178 45 44 0.059828065
0 247 24 23 0.050615396
-11 428 85 84 0.049770966
838 111 28 31 0.047891125
314 216 18 19 0.046991125
413 160 41 46 0.045048743
931 109 129 115 0.04500921
327 267 92 83 0.040738612
537 319 52 53 0.038649794
842 107 17 16 0.038379766
798 113 79 84 0.035990138
103 620 48 34 0.035346817
810 577 49 46 0.028320031
113 628 26 19 0.027019849
752 252 51 48 0.026198898
577 290 96 112 0.02394197
557 317 96 106 0.023541395
1 52 57 54 0.023479829
44 322 221 173 0.021646762
359 291 24 28 0.021177456
721 147 112 98 0.020662222
631 504 40 40 0.020631209
478 271 128 129 0.020547898
67 581 103 97 0.020253059
