53_Raid_policeraid_53_827
24
855 191 52 48 0.59998196
955 193 52 55 0.59577173
560 181 44 38 0.35986966
663 175 37 30 0.29376766
637 176 25 24 0.27026758
619 171 45 37 0.23602179
70 424 181 193 0.22294028
846 172 70 83 0.20611076
582 258 44 39 0.14026982
661 180 58 48 0.09325765
977 192 33 36 0.068578355
570 174 40 33 0.061687242
566 187 31 27 0.050647188
634 283 96 91 0.036556046
491 179 199 142 0.03553693
428 424 353 295 0.031702902
821 456 100 78 0.029799748
377 307 18 17 0.026719816
105 461 105 86 0.025101291
930 214 85 69 0.024570452
931 161 91 81 0.02417937
687 181 18 18 0.024121998
891 156 146 138 0.023821097
521 391 35 37 0.022255806
