53_Raid_policeraid_53_619
23
229 330 60 69 0.8174741
707 319 84 97 0.7912857
757 119 57 69 0.7806537
439 120 55 65 0.73100954
425 106 84 98 0.5622432
377 426 32 41 0.23789153
333 386 124 119 0.21839555
183 605 164 182 0.1050249
233 351 42 39 0.09968028
723 99 134 126 0.06325962
232 471 32 34 0.06221263
733 98 91 89 0.04196821
718 353 54 59 0.03905858
692 317 68 91 0.031791307
757 326 74 88 0.031535942
613 81 150 175 0.03137914
261 308 79 95 0.03028073
707 670 173 171 0.028720357
770 718 91 100 0.023044413
116 72 186 165 0.022897745
252 308 56 77 0.021043971
103 495 136 131 0.020390183
674 716 103 105 0.020251138
