53_Raid_policeraid_53_770
24
386 89 70 71 0.7526838
195 60 60 72 0.71950555
805 170 12 14 0.09371275
830 233 41 41 0.08304386
851 122 19 20 0.06276844
807 165 12 11 0.06010987
810 163 13 14 0.059384104
142 178 61 64 0.053356852
97 150 151 111 0.044552423
9 258 23 26 0.044092353
842 151 15 14 0.042662777
29 328 35 34 0.038784157
737 165 15 12 0.03868058
875 241 21 25 0.038397945
751 170 11 11 0.034239333
162 59 132 111 0.033457115
779 198 17 15 0.029933887
198 70 37 46 0.028781174
739 176 9 8 0.027803047
821 220 24 22 0.027280929
777 174 10 9 0.025801476
71 257 30 32 0.024885863
883 486 83 86 0.023485482
347 155 14 14 0.02145653
