53_Raid_policeraid_53_212
36
617 98 59 58 0.73845565
486 95 57 54 0.7190056
277 313 59 53 0.70397884
875 98 61 57 0.70207167
221 92 46 43 0.36763707
811 172 36 35 0.33158645
342 121 31 32 0.30611402
731 129 33 34 0.24292023
489 103 39 37 0.19484945
644 340 55 42 0.15058176
708 116 31 37 0.12008041
917 558 100 81 0.100009546
347 128 22 20 0.09537577
726 122 31 26 0.08215515
809 158 47 44 0.07545174
870 86 95 82 0.05814645
865 108 50 50 0.054549295
855 85 72 76 0.05227752
863 486 41 33 0.05065621
873 407 73 63 0.042537775
233 83 62 53 0.03875216
643 320 60 52 0.036593307
720 127 16 13 0.030086502
802 50 132 123 0.029868174
741 492 148 126 0.028081475
900 95 42 40 0.026841866
632 327 81 64 0.026070029
964 520 31 26 0.025890775
254 312 66 63 0.023726346
646 364 52 38 0.023115037
679 130 55 49 0.022751695
620 289 163 137 0.022723384
630 112 39 38 0.022675185
650 177 38 39 0.022479769
617 336 67 54 0.0213936
975 529 13 12 0.02030183
