53_Raid_policeraid_53_208
26
886 60 62 65 0.78713286
694 64 54 60 0.7683418
445 86 53 55 0.7677701
578 47 47 52 0.76599085
92 99 50 52 0.75993764
303 89 45 43 0.7223972
351 78 55 51 0.568693
706 73 31 45 0.545361
323 58 106 94 0.52506775
386 74 60 60 0.5033461
372 77 52 54 0.35856158
287 77 76 63 0.317834
394 80 39 28 0.22399363
893 73 39 41 0.14559683
994 3 37 35 0.12770773
1000 218 25 30 0.10023885
397 87 33 33 0.07738944
363 83 31 23 0.05376093
996 207 32 47 0.039548207
585 62 30 29 0.035345804
867 13 144 141 0.032501508
1004 14 24 29 0.0299734
1004 407 19 19 0.029806508
444 63 66 94 0.025452962
897 85 28 33 0.020825155
420 85 60 65 0.020374265
