53_Raid_policeraid_53_805
28
396 178 58 53 0.7555259
188 218 31 29 0.7006192
418 196 17 19 0.1864351
324 219 23 25 0.18084243
582 165 23 23 0.1702967
333 224 18 19 0.13792658
195 223 21 21 0.1344536
38 65 32 32 0.12774521
899 188 20 16 0.11553775
681 187 38 35 0.10476456
478 175 34 41 0.083265804
408 190 36 35 0.070469834
802 171 19 17 0.05647823
748 398 15 20 0.054764822
778 171 20 16 0.05411229
654 371 30 31 0.04797375
568 167 23 21 0.0454837
1010 274 15 15 0.04480856
551 161 30 32 0.041934352
352 495 82 76 0.03979753
-5 20 32 32 0.038576793
1006 274 15 22 0.036588565
587 175 25 26 0.026801191
658 385 16 18 0.026419234
305 225 14 15 0.024875946
902 191 10 8 0.02453961
530 173 34 36 0.02232271
816 183 21 18 0.020830257
