53_Raid_policeraid_53_696
56
262 203 34 36 0.62092406
551 247 24 25 0.543391
368 233 35 32 0.45248458
114 219 38 33 0.40208277
174 195 58 53 0.38338634
337 198 26 32 0.35581198
412 217 29 29 0.24615963
661 269 20 19 0.23547888
423 219 24 22 0.20853373
57 264 18 21 0.1432397
657 273 16 15 0.13093145
344 205 12 13 0.117456965
919 255 40 41 0.11539645
969 257 36 41 0.11225225
749 261 24 20 0.10897474
455 244 21 20 0.103308216
899 270 24 25 0.09610033
501 249 8 9 0.086774
995 288 28 39 0.08675847
431 221 26 26 0.084544756
628 267 19 18 0.08034346
668 350 22 26 0.07652467
770 149 89 80 0.075027786
973 259 51 48 0.07425725
883 288 21 19 0.07051119
980 17 30 24 0.06389872
434 220 15 18 0.061603464
192 210 28 34 0.056070298
827 289 17 19 0.055315312
886 278 21 20 0.054998666
922 26 20 14 0.0524947
478 245 19 22 0.052000824
845 272 22 21 0.051875174
326 231 33 34 0.05049623
166 160 56 57 0.040283624
930 32 19 19 0.04016468
366 224 30 29 0.037276696
836 18 41 35 0.037233636
949 257 36 34 0.036645204
784 30 65 52 0.034917794
777 17 105 79 0.03176157
919 248 34 28 0.027731411
836 21 25 17 0.02760587
537 349 26 26 0.027020812
229 186 75 79 0.02538402
221 397 19 17 0.024312459
941 218 106 92 0.02379866
650 87 101 81 0.023365298
248 370 59 60 0.022674587
808 45 30 24 0.02259205
842 159 126 108 0.022157164
338 235 31 26 0.021198917
737 257 20 17 0.020758193
6 507 150 122 0.020709893
484 314 81 69 0.020542862
333 381 54 53 0.020483246
