13_Interview_Interview_2_People_Visible_13_743
23
146 0 75 62 0.76442754
524 13 71 67 0.5888801
849 49 64 56 0.55866385
485 201 65 50 0.31189594
842 60 41 29 0.2546644
660 71 18 16 0.24642748
941 62 28 27 0.20773084
201 152 130 100 0.078000255
356 331 150 139 0.06796707
463 186 113 75 0.047068518
138 131 184 142 0.045584366
714 141 16 16 0.043274764
124 330 168 141 0.040834535
669 78 18 16 0.032697424
113 -5 88 62 0.03230118
832 126 151 113 0.027652977
235 182 91 81 0.027377592
430 280 182 133 0.027295891
877 66 49 37 0.023296552
249 410 177 125 0.023078915
720 145 11 9 0.023054847
866 161 80 58 0.02091648
821 52 54 48 0.020314101
