13_Interview_Interview_On_Location_13_313
19
450 498 35 29 0.9965907335281372
115 349 21 19 0.9913216233253479
554 355 27 32 0.9865347743034363
317 345 23 26 0.9821955561637878
960 348 25 27 0.977371871471405
879 320 22 27 0.9772911667823792
179 365 24 27 0.9746702909469604
362 344 23 27 0.9699810147285461
759 337 21 22 0.9637879729270935
289 478 37 31 0.9588921666145325
809 320 24 28 0.940517246723175
622 349 25 27 0.9368845224380493
825 339 23 25 0.8580268621444702
595 480 24 22 0.8488802909851074
262 364 14 18 0.7063872218132019
223 451 17 20 0.6819605231285095
661 471 22 24 0.6559244990348816
927 350 20 22 0.6196130514144897
48 363 17 16 0.6079549789428711
