13_Interview_Interview_On_Location_13_401
35
209 89 64 52 0.79150385
477 65 49 39 0.781052
633 280 57 44 0.7783889
523 161 62 45 0.7739608
653 94 50 38 0.77105993
785 156 50 39 0.7580121
822 93 51 40 0.72194546
559 64 61 46 0.6999978
339 236 63 48 0.6802196
361 73 55 42 0.66942203
411 125 48 36 0.6437896
383 119 85 56 0.55471885
774 149 74 55 0.42227817
347 153 45 34 0.36986926
338 143 69 54 0.26943246
989 74 26 25 0.21416302
505 139 97 80 0.18255585
646 76 68 69 0.1308981
596 262 136 87 0.13065788
349 240 42 34 0.1118375
379 48 21 15 0.10247762
388 52 9 6 0.09140917
637 284 37 31 0.06714511
427 294 34 23 0.047077384
919 137 38 30 0.043795098
740 143 141 80 0.036835387
442 304 29 22 0.03616495
616 285 98 59 0.0330502
707 136 32 23 0.03205046
220 95 29 31 0.02953624
325 127 127 84 0.023788089
401 112 52 42 0.020935511
826 84 43 35 0.020781321
933 144 17 12 0.02075556
796 90 80 54 0.020583354
