13_Interview_Interview_Sequences_13_867
55
376 249 289 358 0.625055
290 404 32 42 0.5707962
173 415 24 28 0.5394467
873 416 41 50 0.48461187
117 68 36 48 0.3057358
878 321 30 33 0.3006042
18 449 17 24 0.2860916
998 361 21 27 0.23790613
216 454 21 27 0.20978557
239 417 19 25 0.20411938
922 469 17 25 0.18680248
653 12 56 53 0.1617619
990 351 27 35 0.1463176
957 377 22 26 0.12794943
958 306 27 36 0.115750305
968 380 12 18 0.10509713
878 434 27 31 0.10477953
241 430 8 10 0.10131362
107 55 53 70 0.09572322
879 475 9 12 0.09146231
348 806 91 128 0.08929582
382 196 208 288 0.080451466
7 264 111 128 0.0696083
917 261 115 126 0.066674314
256 426 13 16 0.06581076
170 423 13 16 0.056087583
638 -4 62 83 0.053871527
14 416 15 23 0.049731687
952 292 34 42 0.048764233
668 15 30 42 0.045961298
926 455 23 27 0.04593737
259 384 17 16 0.04510196
269 368 18 22 0.043934166
122 398 14 18 0.040516272
333 -5 117 125 0.040063716
6 422 15 17 0.039196074
220 470 17 20 0.039171938
386 855 19 26 0.037984658
823 461 10 12 0.036310617
70 490 17 19 0.030285
159 452 18 25 0.026606122
29 216 75 94 0.02561623
34 455 26 29 0.025546338
824 416 18 22 0.024769377
782 404 17 25 0.024743354
323 441 28 39 0.024207074
956 367 10 15 0.023748087
901 462 17 19 0.022910519
749 4 32 24 0.022415476
342 551 56 66 0.022408376
823 2 21 18 0.022116909
88 464 13 19 0.021515412
239 375 92 117 0.021444978
521 66 19 20 0.020985043
733 3 38 29 0.020447904
