13_Interview_Interview_On_Location_13_861
18
425 94 239 361 0.8471713
810 1045 237 293 0.5169345
868 625 148 277 0.4169965
67 752 39 74 0.1637514
484 155 215 356 0.088500746
833 773 164 328 0.08678173
911 1076 125 222 0.07360022
-19 724 59 198 0.05601216
343 530 60 140 0.053946797
876 661 64 148 0.045097064
291 274 199 393 0.041079752
551 287 233 366 0.040640492
544 145 125 273 0.028599055
829 423 297 519 0.026413357
893 821 125 253 0.024552414
753 924 305 588 0.022089472
352 541 44 84 0.02182505
-49 1180 158 347 0.021244995
