13_Interview_Interview_Sequences_13_7
35
250 205 45 44 0.77950495
101 242 31 31 0.7338686
635 195 40 41 0.72539735
468 242 39 38 0.6779498
376 260 32 31 0.66206443
449 230 77 66 0.42272675
623 186 63 60 0.3407197
106 249 19 22 0.30778903
864 246 14 15 0.29985437
774 272 21 19 0.28769794
767 297 14 14 0.24835902
910 255 17 18 0.18001536
921 261 14 15 0.13935477
556 287 24 19 0.09657175
945 246 24 24 0.088098675
950 251 15 16 0.07300266
922 257 13 12 0.07226677
863 227 20 20 0.0692392
387 270 13 13 0.06365712
622 251 24 24 0.056796264
667 257 19 20 0.05633565
423 321 153 119 0.04838057
877 242 21 18 0.033847075
867 233 13 12 0.02794108
733 389 158 133 0.027196335
567 404 50 52 0.026515307
350 468 119 94 0.025794294
862 266 85 63 0.02514826
757 337 15 15 0.025003016
270 361 23 29 0.021909611
815 -37 176 158 0.02122773
255 217 32 29 0.020832948
770 338 7 7 0.020739831
444 272 114 100 0.020316735
560 293 13 13 0.020054402
