13_Interview_Interview_Sequences_13_495
22
532 74 52 43 0.69489545
105 125 27 25 0.25048357
0 117 32 36 0.13860513
588 97 26 24 0.12771782
14 114 33 40 0.12024495
46 113 36 37 0.10576072
40 97 32 34 0.08809454
114 129 19 16 0.08244489
428 142 39 35 0.071370244
47 88 42 46 0.044636473
80 95 25 26 0.042985965
378 74 13 11 0.03691528
654 118 26 22 0.034137648
904 -21 112 76 0.033580437
505 122 29 26 0.029783377
146 381 63 48 0.029268853
404 129 84 60 0.029025055
378 90 24 21 0.028132161
173 129 24 22 0.023464251
335 130 26 24 0.021995632
367 68 30 23 0.02182418
323 133 72 54 0.02014965
