13_Interview_Interview_On_Location_13_33
21
781 60 90 100 0.8067172
396 94 90 98 0.6726996
102 71 96 122 0.6169097
788 81 61 56 0.10982152
549 91 104 116 0.104929246
771 87 58 43 0.07983175
86 94 77 71 0.06353073
134 98 68 65 0.060693633
797 104 45 48 0.05708447
808 74 70 66 0.054926954
93 112 93 71 0.052251387
384 121 66 56 0.041369587
31 76 140 106 0.031223372
337 89 113 102 0.025723917
492 61 206 155 0.024982974
77 149 86 64 0.024504894
412 135 47 43 0.022651609
383 63 154 155 0.022514304
744 94 145 109 0.022444397
82 229 44 30 0.0218468
780 85 38 28 0.020132672
