13_Interview_Interview_On_Location_13_238
19
643 133 91 91 0.5679482
650 144 49 58 0.1486269
923 449 113 83 0.08825091
999 394 17 15 0.086797185
786 342 91 82 0.06426485
646 497 122 101 0.061773572
660 167 61 45 0.058483098
152 435 77 66 0.04131297
992 390 26 22 0.04001924
306 354 56 58 0.03121476
538 248 188 157 0.03090068
11 590 34 30 0.029820701
17 194 162 132 0.029433114
1006 38 19 19 0.026199901
89 173 136 106 0.02235687
910 342 141 123 0.021101756
550 192 163 134 0.020859767
130 324 91 67 0.020439744
502 345 114 96 0.020199211
