13_Interview_Interview_On_Location_13_521
24
873 212 46 39 0.7542713
167 220 55 44 0.7250283
687 53 114 129 0.6564309
875 6 136 142 0.53290564
153 204 84 78 0.46143156
597 274 12 9 0.08956135
637 270 13 9 0.06409556
531 274 9 8 0.053782858
124 275 32 22 0.051602554
142 283 139 105 0.043058302
531 270 15 11 0.04034798
936 30 121 94 0.03912951
119 273 26 20 0.037524916
610 263 9 7 0.035940878
425 454 21 17 0.034860417
882 220 24 25 0.032635953
150 266 17 15 0.030863302
707 84 138 108 0.029804487
10 264 20 18 0.029563712
129 279 16 12 0.024709305
819 7 240 180 0.024488837
527 399 92 79 0.021810003
142 273 16 13 0.021379894
735 70 73 93 0.021048121
