13_Interview_Interview_Sequences_13_3
20
149 34 371 474 0.765606
860 403 20 19 0.267216
989 471 27 30 0.11885993
833 362 27 23 0.10066163
380 177 149 201 0.06465834
245 103 337 350 0.064102694
38 199 53 45 0.046212282
876 420 65 56 0.046126828
275 334 239 142 0.045359373
849 401 30 26 0.035107415
695 370 25 17 0.033762418
867 409 10 8 0.033699084
630 419 72 53 0.03213572
979 464 45 40 0.031266168
897 435 21 20 0.028917773
996 261 19 18 0.028570853
751 1 15 12 0.027235262
152 272 406 288 0.0248702
829 371 36 23 0.021074966
912 432 28 22 0.020992074
