13_Interview_Interview_On_Location_13_605
27
593 74 100 118 0.83122385
419 160 82 90 0.80215853
200 232 86 94 0.7736327
218 244 50 76 0.34255466
606 15 35 31 0.2017869
612 112 66 65 0.06333347
851 419 36 39 0.060586732
585 97 67 81 0.05644038
830 242 49 49 0.055235468
860 427 21 25 0.04704428
225 276 23 26 0.04480822
809 213 85 102 0.03263019
236 247 41 68 0.0308418
137 381 51 71 0.029893303
495 66 49 66 0.028256217
513 15 10 11 0.028249469
561 80 172 158 0.028150834
634 87 51 76 0.027866581
430 130 97 132 0.027182212
579 7 174 174 0.026666308
73 17 14 12 0.025252078
707 627 41 46 0.025037682
622 124 33 44 0.023977559
510 8 22 23 0.022372983
639 69 84 109 0.021980435
455 172 45 68 0.021203892
485 -59 293 278 0.020092724
