13_Interview_Interview_Sequences_13_859
30
470 115 47 38 0.7462329
818 136 43 35 0.7225588
221 199 41 40 0.61999094
701 201 35 32 0.6042747
120 113 45 38 0.5670398
548 190 49 41 0.5594659
616 183 31 27 0.55145776
712 149 32 31 0.5460818
716 156 25 19 0.5088868
519 372 29 23 0.379776
240 169 46 40 0.2726779
798 169 26 25 0.21911113
546 204 32 31 0.19048451
571 153 39 30 0.1698267
633 183 16 15 0.14517647
557 145 45 44 0.11768895
602 388 27 19 0.07481103
582 165 21 20 0.06394748
822 138 25 20 0.05536614
645 308 17 17 0.051823024
187 215 33 32 0.051720627
797 120 76 57 0.05043133
567 161 24 18 0.048391484
130 120 25 23 0.047708385
475 122 33 26 0.0472784
723 338 22 21 0.041157603
650 315 9 9 0.031060135
783 310 21 22 0.030831164
638 179 25 22 0.023023779
879 309 24 22 0.021588294
