13_Interview_Interview_Sequences_13_929
25
165 177 81 71 0.75652164
480 158 71 68 0.74157107
785 158 116 124 0.7370878
51 164 95 103 0.6315793
16 152 157 128 0.50311077
771 263 46 39 0.46369848
765 251 62 64 0.10752331
790 202 75 57 0.094831616
728 226 99 73 0.05008884
416 153 141 92 0.044121843
-20 51 129 96 0.043292694
791 211 53 37 0.04105364
-7 179 31 40 0.03792574
122 171 103 77 0.036563322
774 406 187 123 0.032419164
336 276 157 115 0.02438824
673 188 207 128 0.023719886
640 355 29 21 0.022898577
609 345 85 58 0.021954065
488 282 99 64 0.021751452
711 429 172 118 0.021427985
589 303 44 42 0.020954965
806 390 235 176 0.020525165
-1 360 32 36 0.020387264
821 157 123 123 0.020001391
