13_Interview_Interview_2_People_Visible_13_668
30
928 452 24 29 0.66450644
598 468 18 19 0.53939474
936 461 11 14 0.4539858
288 466 18 20 0.31619662
695 472 20 17 0.23192006
93 587 19 18 0.18596366
415 474 14 15 0.18078971
528 476 15 15 0.1606817
9 585 20 20 0.08106938
124 714 19 20 0.06769793
531 564 22 25 0.06253595
381 741 24 22 0.060459908
103 690 24 26 0.058910433
103 598 37 36 0.043929655
42 577 25 24 0.03986641
24 554 16 17 0.03929464
7 684 9 13 0.038129687
9 673 15 16 0.037911016
707 624 21 24 0.03618159
222 720 16 16 0.035216272
92 687 16 16 0.031468745
424 550 19 22 0.03144901
522 559 40 44 0.03137151
490 476 14 16 0.029514838
714 633 14 15 0.029511588
102 605 16 16 0.02661835
55 698 13 12 0.024431232
234 451 100 99 0.022961818
47 701 72 70 0.020094274
101 430 180 169 0.020054014
