13_Interview_Interview_Sequences_13_868
22
279 89 43 40 0.76302844
769 248 18 15 0.37036014
701 243 19 15 0.09958312
585 260 16 14 0.093946114
915 289 21 20 0.09172208
404 292 13 13 0.088846736
963 255 21 21 0.08700156
908 274 24 18 0.07559497
564 258 14 14 0.043387998
915 540 14 14 0.042606264
554 43 30 26 0.034668345
915 277 19 20 0.033877544
394 290 17 14 0.03187074
920 540 18 20 0.030635115
374 549 16 13 0.03057654
545 35 44 38 0.030164693
978 298 17 20 0.025829723
735 540 12 11 0.024561213
887 200 18 17 0.024142014
589 266 8 8 0.021443995
855 506 17 15 0.020822361
563 540 10 10 0.02042487
