13_Interview_Interview_2_People_Visible_13_189
54
924 249 36 51 0.7622939
571 181 40 56 0.75523627
812 251 44 53 0.7410095
752 236 42 56 0.6977739
679 247 41 47 0.663612
394 213 50 62 0.60766655
169 212 71 82 0.60232633
587 203 7 12 0.5657235
236 223 55 64 0.55966103
514 224 45 56 0.5419726
302 257 32 36 0.44679645
990 281 25 34 0.33438522
688 255 18 30 0.2913591
825 268 23 27 0.2868092
988 223 23 29 0.24424358
767 256 9 16 0.24097085
254 226 38 42 0.17883098
993 524 17 23 0.17091413
986 393 25 39 0.15486333
187 223 33 46 0.1499106
387 240 24 35 0.12514934
346 259 25 24 0.10792318
635 244 39 53 0.10008152
986 335 25 35 0.09568092
650 255 26 37 0.095027566
990 465 19 25 0.074630715
11 209 29 49 0.071310304
990 816 19 26 0.06978213
216 235 47 50 0.06955359
357 253 28 36 0.06307433
511 787 94 97 0.06247606
13 243 30 52 0.054126024
990 457 15 24 0.05103741
403 690 15 16 0.04343457
991 573 17 26 0.041635983
988 749 30 38 0.040389974
799 666 26 26 0.03932961
268 701 27 27 0.03930051
993 635 15 25 0.03830056
898 218 89 88 0.03722926
464 253 27 32 0.03508143
391 800 77 72 0.033991713
269 771 137 131 0.032191243
206 222 35 47 0.031139039
992 692 15 27 0.029253548
650 269 11 15 0.028838372
11 330 24 47 0.028103154
987 155 18 28 0.026668023
755 629 12 13 0.02612987
19 695 18 27 0.026059953
989 53 22 28 0.025895083
836 659 34 40 0.024284184
16 138 24 47 0.022363232
153 210 54 67 0.021891475
