13_Interview_Interview_2_People_Visible_13_409
17
289 51 393 583 0.78297246
475 862 87 132 0.58634573
423 788 192 282 0.4468766
71 241 15 33 0.073183894
286 193 105 184 0.062339645
459 818 126 187 0.044571742
356 195 106 189 0.035169538
72 235 24 44 0.03404452
713 1076 203 310 0.02900243
933 285 18 35 0.02610092
143 245 24 38 0.025821699
240 181 164 254 0.024422556
391 114 222 348 0.022095863
497 830 266 385 0.022075195
867 165 39 71 0.02182022
-48 659 225 361 0.021522997
555 225 187 258 0.020653326
