13_Interview_Interview_On_Location_13_921
25
928 382 29 34 0.66439086
658 387 28 32 0.65889513
752 394 28 30 0.65106165
197 387 24 30 0.6355293
639 366 18 18 0.10460345
589 385 11 13 0.0965315
165 356 16 17 0.09032822
832 381 16 16 0.08084282
962 330 17 20 0.07754877
210 401 3 4 0.07376738
763 401 29 28 0.06915416
85 364 14 13 0.057202123
184 357 10 15 0.056346267
765 400 15 18 0.05625442
647 374 7 7 0.047033142
759 403 13 13 0.036867335
123 365 10 8 0.033786867
100 362 11 13 0.033567555
58 381 13 14 0.03341448
82 382 10 10 0.032014627
697 352 21 23 0.028882848
844 383 4 5 0.026754651
80 384 6 6 0.025853766
52 370 18 19 0.02163162
164 459 93 80 0.020748364
