13_Interview_Interview_Sequences_13_373
27
487 194 79 80 0.77381766
625 222 38 37 0.3968776
632 230 20 22 0.2477167
875 558 20 20 0.2122923
507 204 39 51 0.12933108
558 454 28 31 0.0877009
450 147 145 112 0.07476462
804 361 55 49 0.066065215
886 293 13 11 0.058355354
847 540 21 16 0.049164705
491 199 37 59 0.04012919
921 559 22 20 0.036750715
491 161 126 129 0.03667857
627 490 47 41 0.03416606
458 160 96 84 0.03358403
648 495 28 30 0.03350258
329 53 16 13 0.03302391
547 446 47 43 0.027115216
640 497 28 23 0.026556944
502 221 43 49 0.025159033
593 234 42 41 0.024938188
711 111 21 22 0.024716126
727 98 22 25 0.022855151
354 392 49 42 0.022438308
883 553 21 20 0.022001581
531 475 49 38 0.021792315
1000 368 17 22 0.021662472
