13_Interview_Interview_2_People_Visible_13_223
43
817 110 40 27 0.65525925
286 376 37 30 0.6517003
652 326 38 27 0.6433005
453 378 32 24 0.63338053
572 111 34 26 0.61610496
278 110 36 27 0.61131084
698 71 46 36 0.6090727
110 320 58 42 0.5721384
408 57 54 32 0.3692468
868 330 39 26 0.33000764
802 336 27 19 0.30961227
738 357 19 15 0.23026896
554 96 72 55 0.18411444
620 307 99 66 0.18326783
541 356 23 16 0.14868808
397 30 93 78 0.13588235
425 360 89 61 0.1303071
122 58 38 33 0.112310745
271 103 51 40 0.10772017
272 365 65 52 0.09876007
112 63 35 23 0.08848121
228 335 21 17 0.07882599
88 20 127 97 0.069418564
84 287 132 104 0.065485865
509 70 34 25 0.06138515
136 326 35 30 0.055426188
806 101 59 45 0.054536454
550 355 18 17 0.05378554
459 111 43 30 0.05366498
771 86 26 20 0.051251426
256 344 117 96 0.050909385
540 344 23 16 0.048513606
828 299 117 82 0.043685403
677 53 88 69 0.041939136
115 53 36 23 0.03717965
697 105 30 24 0.030586911
735 342 26 17 0.029347636
269 372 29 23 0.024012528
252 413 33 25 0.022256806
831 117 30 24 0.022046907
951 337 58 37 0.021872034
908 326 108 60 0.021803195
461 376 36 31 0.020415472
