13_Interview_Interview_Sequences_13_35
23
614 495 59 67 0.76015747
542 475 58 67 0.75925475
355 278 55 58 0.5891755
466 76 55 57 0.5788049
415 497 127 125 0.4677282
507 411 61 63 0.4389984
576 420 46 51 0.24837679
821 725 77 44 0.16487767
367 433 191 205 0.102358975
454 88 49 58 0.09907068
522 416 32 39 0.098176956
817 556 23 25 0.079720385
466 391 114 105 0.056523893
335 252 86 91 0.05446712
440 64 97 98 0.04883385
598 494 95 85 0.041445114
299 627 155 132 0.03788735
357 402 289 282 0.036532618
846 740 26 20 0.03604279
554 402 89 84 0.02743335
306 645 101 96 0.024337951
416 444 142 134 0.023138117
291 50 77 77 0.020414377
