13_Interview_Interview_2_People_Visible_13_325
28
289 119 41 53 0.76752454
364 640 38 41 0.49208972
226 520 17 20 0.27921653
219 515 25 30 0.2329911
426 564 13 16 0.22940463
428 570 9 12 0.22160248
493 584 17 17 0.21650423
456 574 8 10 0.17673881
73 489 31 35 0.1108113
61 489 14 18 0.08634986
298 132 23 31 0.083554
293 552 8 9 0.07570344
474 575 11 15 0.06747537
175 527 9 10 0.048884243
188 531 10 10 0.044188447
98 508 12 15 0.03872365
275 550 13 13 0.03708135
483 607 21 23 0.03305891
64 469 25 35 0.030280568
522 25 145 150 0.029489983
399 229 134 138 0.029051436
124 523 4 6 0.028178532
467 624 13 17 0.028091265
446 630 21 21 0.022609334
59 477 21 22 0.022409908
161 528 6 6 0.021684755
673 276 207 197 0.021083927
809 480 87 66 0.020346316
