13_Interview_Interview_2_People_Visible_13_252
46
619 36 61 66 0.80319786
322 560 51 53 0.7999262
105 555 52 54 0.78165704
28 32 54 55 0.77436024
867 14 70 81 0.7364208
866 527 31 33 0.6787417
577 513 34 32 0.6757352
223 18 34 32 0.6448928
808 280 29 32 0.6345499
435 12 30 28 0.5856527
81 286 32 33 0.5624945
599 18 106 106 0.4564308
306 550 77 73 0.26365092
18 264 27 26 0.2584039
27 332 22 21 0.22252825
998 327 17 22 0.2168884
155 105 34 33 0.113479644
33 340 15 14 0.0978798
263 264 24 24 0.08577165
309 365 17 16 0.082866855
119 3 25 24 0.08284406
23 508 222 174 0.07795006
4 7 39 41 0.07191207
87 340 22 22 0.062075134
305 8 17 14 0.058620095
274 270 12 13 0.049605206
514 291 14 14 0.046374567
160 21 20 20 0.042619273
84 347 16 17 0.041358385
115 61 21 25 0.04046741
627 314 13 11 0.04031032
378 10 22 17 0.040086348
332 307 25 26 0.038050193
5 16 109 98 0.036431562
240 380 19 18 0.03528905
873 17 40 63 0.032456998
217 134 25 25 0.029163359
319 643 105 92 0.026769063
22 337 19 20 0.026188293
221 149 17 18 0.025119875
315 313 20 18 0.023438731
911 365 16 15 0.022997893
91 352 22 20 0.022509113
765 619 31 33 0.022150256
896 334 25 22 0.020974124
165 359 15 13 0.020386921
