3_Riot_Riot_3_184
44
113 158 43 41 0.6600029
909 155 47 46 0.6586384
692 168 25 23 0.58218807
167 137 39 36 0.5063201
969 174 32 34 0.49076468
49 43 82 91 0.43085164
608 179 19 18 0.28470337
212 111 31 35 0.21251315
746 173 17 18 0.16789529
108 125 29 24 0.15742493
765 167 20 21 0.15702547
210 93 45 51 0.1357084
168 112 40 38 0.12293021
737 179 13 11 0.12265456
156 579 27 28 0.1185036
92 114 25 30 0.10605287
611 183 10 9 0.10319842
2 579 23 23 0.102474116
985 559 31 29 0.10119063
0 436 22 27 0.099507846
181 73 66 67 0.091271944
82 116 21 19 0.07657337
12 151 26 27 0.063639686
-1 455 39 46 0.060246438
45 581 36 28 0.058575287
986 179 24 22 0.051984705
17 577 28 28 0.051010832
621 184 6 7 0.050967712
605 194 18 18 0.0429231
79 90 28 33 0.040919535
878 130 94 73 0.039390218
267 511 22 22 0.038713437
922 134 114 87 0.03490254
973 553 50 45 0.031377494
170 54 111 99 0.030447684
763 157 19 21 0.028916646
207 78 49 31 0.026677636
961 161 60 59 0.026151052
149 123 29 22 0.02527386
984 183 33 29 0.025130281
573 440 226 178 0.024750035
155 127 67 68 0.023957167
455 250 55 51 0.021719156
469 281 59 39 0.020571886
