3_Riot_Riot_3_273
24
241 323 33 29 0.68370664
166 96 55 44 0.65727246
98 417 56 52 0.60353804
369 315 29 28 0.56362927
298 234 40 35 0.41959497
176 102 32 33 0.36784703
401 105 36 35 0.2308136
80 404 80 78 0.19105832
340 336 27 25 0.15504597
233 313 51 50 0.09592882
595 114 368 360 0.085666314
59 165 36 35 0.081698895
94 316 39 33 0.07970685
240 172 46 44 0.058641892
280 123 32 32 0.051901624
360 161 136 113 0.029030507
356 281 34 31 0.02854501
304 235 107 77 0.02704636
209 303 83 57 0.02602981
386 110 50 56 0.024568424
331 267 29 27 0.023618137
209 390 49 58 0.02281984
276 209 85 63 0.021439865
248 125 53 49 0.021175416
