3_Riot_Riot_3_123
25
309 395 27 26 0.44391212
593 465 74 79 0.39345762
603 476 49 47 0.3869018
231 399 27 24 0.17641976
889 355 37 40 0.158623
602 489 24 28 0.1427903
266 429 24 25 0.07912455
596 484 29 25 0.075235866
193 -75 291 271 0.06430232
318 388 36 38 0.050345417
901 338 29 30 0.045737088
691 474 23 23 0.04367394
983 317 27 38 0.04234898
612 489 31 33 0.040653408
93 173 43 35 0.039490644
88 165 64 56 0.03360553
288 430 31 33 0.03172081
670 471 34 29 0.031667944
999 298 12 18 0.028751085
1002 312 15 21 0.026931705
951 123 54 60 0.024905205
273 436 29 32 0.023417387
920 272 11 12 0.022408338
142 93 177 170 0.021900661
726 470 22 24 0.020045605
