3_Riot_Riot_3_354
28
394 160 36 24 0.53440344
488 181 35 22 0.465396
905 105 31 22 0.4210468
230 145 36 22 0.41759765
611 101 23 17 0.35017192
615 97 22 15 0.28969708
541 125 26 16 0.1549738
619 98 13 11 0.12202573
553 130 22 19 0.09359268
541 94 25 18 0.09144187
966 147 33 23 0.08472765
1005 111 16 15 0.08288335
539 98 18 12 0.078716464
810 109 21 15 0.07134499
548 140 25 19 0.052045148
780 119 21 15 0.050195027
501 177 36 26 0.047530677
464 118 17 12 0.04477033
421 123 16 12 0.039493967
387 348 57 46 0.03797606
809 106 18 12 0.027504675
653 175 42 29 0.026669014
608 178 45 32 0.02585723
693 106 26 17 0.025816519
372 333 79 76 0.025699083
97 293 22 20 0.022340642
682 89 12 7 0.021323478
527 99 20 13 0.020556737
