3_Riot_Riot_3_790
38
785 251 18 20 0.613815
198 275 29 30 0.516974
811 270 20 22 0.5127392
778 245 28 29 0.39861625
327 267 19 22 0.3744244
920 269 27 23 0.3356301
843 254 26 26 0.32823175
219 276 21 22 0.32127923
986 273 17 19 0.29940438
245 249 19 18 0.2317715
487 261 14 15 0.22316319
425 272 13 14 0.22294393
258 244 16 17 0.19970773
319 299 32 39 0.18012926
482 262 13 13 0.13124837
233 254 21 19 0.12771763
515 280 13 15 0.124729045
51 312 19 18 0.12262075
321 274 16 18 0.10499477
305 293 15 19 0.1047403
428 276 10 10 0.09196535
438 279 18 18 0.08162746
998 255 13 16 0.07759129
215 280 15 21 0.07553995
209 283 13 16 0.05965796
326 262 16 16 0.052979838
510 259 19 20 0.039353594
200 253 22 21 0.03376933
331 266 7 9 0.033078555
518 261 15 14 0.0313737
207 257 12 14 0.03069727
115 301 18 16 0.02963765
421 273 50 46 0.027727641
456 279 11 12 0.02686123
926 298 21 19 0.024052812
340 411 67 63 0.02344841
935 265 86 81 0.02056382
126 344 135 120 0.020359702
