3_Riot_Riot_3_506
21
443 259 34 41 0.61731446
198 188 76 76 0.4116912
387 306 30 27 0.3192215
186 562 51 47 0.16387421
161 162 143 125 0.09903195
39 38 85 74 0.05340342
371 294 36 35 0.04883517
5 2 118 118 0.048545323
544 221 33 35 0.042692225
301 575 22 27 0.041400716
443 137 73 67 0.038686864
97 111 189 177 0.038068857
384 300 53 46 0.036978774
387 311 36 41 0.034901462
899 168 53 58 0.029809179
631 488 109 108 0.02885761
590 430 224 194 0.025990793
-26 652 179 163 0.02425556
194 380 35 44 0.022249844
875 455 56 64 0.020678826
164 349 101 110 0.02000455
