3_Riot_Riot_3_1037
42
59 496 47 66 0.7474843
969 204 34 49 0.71495
299 153 25 36 0.7095627
599 175 31 43 0.66596377
679 417 37 49 0.6463027
680 140 32 46 0.61943865
769 168 33 45 0.57802546
526 200 53 71 0.5191823
21 704 51 75 0.43951732
79 159 47 52 0.30372366
724 149 24 35 0.264107
292 443 23 30 0.22128555
755 165 27 37 0.1656393
747 565 62 82 0.14700797
7 705 47 66 0.11664056
135 361 80 106 0.10215578
32 112 132 153 0.088770576
447 439 15 22 0.0802187
21 700 37 53 0.075871035
17 710 26 35 0.07113499
375 458 16 20 0.069682494
66 710 19 30 0.067626804
275 440 25 35 0.0649481
376 454 24 31 0.062162798
301 791 77 116 0.057282515
9 685 72 83 0.044631824
63 704 28 43 0.03807985
84 152 63 79 0.031107372
655 391 70 84 0.030482275
391 673 259 284 0.029267851
278 424 38 52 0.028659299
278 440 45 53 0.028325181
730 399 31 35 0.02683714
989 161 18 28 0.024184633
671 411 31 36 0.023471352
399 476 35 40 0.021854743
412 148 183 235 0.02177365
372 466 21 27 0.021739503
451 169 13 18 0.021422997
111 388 95 119 0.02101234
65 716 34 56 0.020852035
70 150 49 49 0.02031067
