3_Riot_Riot_3_101
33
644 132 65 57 0.6193789
717 336 65 65 0.47591072
769 49 88 72 0.2575059
736 34 56 58 0.2254825
155 43 83 74 0.21282625
629 112 95 86 0.20130299
726 28 48 51 0.14771093
527 227 66 48 0.138941
513 237 54 39 0.12927671
698 14 44 42 0.0761777
57 497 22 21 0.07399325
566 229 50 50 0.0696764
694 23 57 51 0.0582848
954 114 56 72 0.052567326
551 231 46 33 0.048955582
21 263 46 49 0.045154825
860 189 85 52 0.04483687
621 137 54 52 0.03907345
747 508 164 136 0.031354677
196 35 61 78 0.030210977
64 498 27 20 0.029567646
708 30 28 24 0.028911505
714 4 64 55 0.02593989
731 374 126 109 0.025680883
103 485 31 27 0.025087805
197 458 95 75 0.025009627
632 527 32 27 0.024784083
11 52 89 117 0.021875354
43 179 116 87 0.021443034
811 113 39 37 0.021380449
889 1 40 31 0.021249365
646 12 188 148 0.02013051
711 242 280 211 0.02010723
