3_Riot_Riot_3_318
20
193 179 157 171 0.8268987
712 70 157 180 0.80750334
74 313 122 145 0.661931
400 72 113 109 0.64272493
745 91 101 113 0.22799408
928 126 76 87 0.12254006
703 86 116 124 0.09097027
723 113 75 88 0.04677435
204 253 123 118 0.044208784
912 129 119 225 0.041216288
728 121 38 55 0.040903207
191 193 86 115 0.038529925
758 65 176 166 0.038143694
789 119 76 78 0.037547704
218 282 65 60 0.034398444
402 99 67 69 0.031268526
689 107 75 82 0.026677871
627 -25 297 244 0.025810342
689 38 144 145 0.023896396
121 89 321 274 0.023398252
