3_Riot_Riot_3_480
22
751 243 75 89 0.82283604
495 149 109 138 0.74415874
160 73 110 142 0.7101541
164 97 61 76 0.09702005
489 172 73 91 0.08386746
159 132 78 80 0.08350133
396 46 37 44 0.07355132
133 32 185 205 0.05590903
527 167 85 101 0.05572024
763 275 42 42 0.049518056
383 33 57 72 0.047394495
467 6 26 29 0.04616739
455 6 43 41 0.044928093
697 24 39 42 0.04038139
734 257 59 59 0.038925983
719 224 86 102 0.032486405
462 103 184 205 0.03178349
687 24 61 71 0.028538598
233 667 24 30 0.024384633
503 200 81 81 0.023637526
190 116 69 83 0.021193821
714 165 82 72 0.020044819
