3_Riot_Riot_3_263
50
541 174 19 16 0.3760206
381 165 20 19 0.37403187
883 155 31 32 0.34008646
860 215 44 42 0.3306654
473 160 35 33 0.31810835
441 168 11 13 0.30742532
842 206 48 45 0.30543718
254 141 30 26 0.23567313
266 143 21 21 0.17898552
639 165 92 86 0.17355572
917 194 30 34 0.17322797
892 200 42 41 0.16015464
655 157 45 46 0.15965086
347 149 17 19 0.15261102
757 159 49 43 0.1151539
891 158 20 20 0.11214736
592 170 33 28 0.10886973
198 146 22 22 0.10727101
8 131 34 39 0.102115065
845 162 36 35 0.09578663
12 119 26 32 0.06770052
923 210 19 22 0.06702576
206 148 17 17 0.06643787
474 156 23 21 0.05586265
861 223 27 28 0.05553873
352 145 7 10 0.055300266
913 156 98 101 0.046869174
511 292 51 52 0.046565287
342 128 23 23 0.046128802
535 179 12 10 0.04433078
739 173 81 71 0.042505614
177 107 26 26 0.04149119
449 163 8 7 0.04049731
259 114 26 28 0.034296136
546 335 32 26 0.030545253
96 0 30 21 0.030342378
455 167 15 15 0.028771259
17 551 200 155 0.028328583
664 133 112 97 0.02768008
525 321 60 65 0.025325714
220 4 37 31 0.02339234
381 160 10 12 0.023311561
807 454 159 128 0.02324748
160 2 21 18 0.022283506
588 178 17 15 0.022211127
109 1 25 19 0.020716494
977 154 37 42 0.020648815
38 3 17 16 0.020515313
776 448 75 64 0.020489182
658 232 63 53 0.02005599
