3_Riot_Riot_3_186
23
382 50 55 49 0.74497664
211 37 66 62 0.73322374
546 60 34 30 0.5805275
779 141 29 29 0.53545517
605 2 39 29 0.4066362
393 264 134 104 0.10277939
667 93 35 40 0.063085094
186 270 119 99 0.061071698
746 111 31 33 0.05189461
660 64 43 41 0.03294077
411 5 13 11 0.032569766
581 45 37 42 0.03186828
127 209 122 104 0.031484473
402 2 25 18 0.030809093
391 53 37 31 0.029095734
358 255 182 179 0.027825681
534 38 71 73 0.026329814
614 524 105 79 0.026250862
-3 280 36 32 0.025629545
450 150 71 60 0.02407781
384 23 86 85 0.02196069
234 172 30 36 0.021076886
219 48 31 36 0.020442495
