3_Riot_Riot_3_725
64
813 247 30 31 0.6705981
728 260 26 32 0.59523404
516 284 28 30 0.53505725
384 279 25 27 0.5329572
733 230 19 19 0.47488478
639 223 32 33 0.45468986
385 231 27 24 0.43109962
464 247 20 20 0.42989156
296 248 27 22 0.4225128
251 248 23 21 0.36879247
682 248 26 23 0.36198586
260 243 24 24 0.34150848
464 242 34 33 0.32001778
947 151 14 16 0.2673869
765 245 19 21 0.264687
308 224 19 18 0.25500023
734 270 12 14 0.2457836
269 215 23 22 0.24096243
891 151 22 21 0.21576841
479 299 23 24 0.19916372
387 272 29 27 0.18753825
514 271 36 32 0.17522535
461 249 17 15 0.17214954
776 288 23 22 0.16754167
863 150 12 12 0.14466348
842 135 18 17 0.13593793
708 304 20 21 0.119272694
907 151 16 17 0.107547775
940 155 12 11 0.095123835
284 224 7 7 0.08675609
440 226 20 19 0.08513549
786 293 9 10 0.08330419
408 235 14 11 0.07296059
496 268 59 49 0.068488
482 165 116 102 0.06716794
532 123 23 20 0.066663206
665 245 21 17 0.059658524
858 153 10 12 0.05963504
559 618 69 58 0.05919265
633 246 31 29 0.057433873
747 259 22 18 0.05602253
543 121 21 20 0.054928962
306 45 79 71 0.046129778
390 240 16 17 0.04495683
832 133 12 14 0.04287907
900 73 18 14 0.0420134
402 240 15 18 0.03972997
265 248 14 13 0.03439076
327 245 10 11 0.034138296
836 227 21 19 0.0336582
417 279 12 14 0.033043385
750 250 7 6 0.03300766
146 614 131 115 0.032770414
466 21 103 95 0.027837357
996 206 18 22 0.026735842
718 249 43 39 0.026530223
826 348 26 25 0.024183383
369 99 160 157 0.0240152
896 394 79 76 0.023436576
845 176 22 20 0.022700565
711 311 24 23 0.021746015
779 281 14 15 0.021705275
710 234 14 15 0.021505523
377 265 36 27 0.020535085
