3_Riot_Riot_3_415
58
285 240 29 27 0.52298295
905 217 21 17 0.5085816
137 203 21 20 0.4997055
390 266 27 26 0.4989342
832 415 40 36 0.463686
709 236 28 25 0.43384463
438 230 26 24 0.42422172
796 236 27 25 0.42104146
508 266 31 24 0.35836926
965 356 34 33 0.35792598
397 270 17 17 0.30651712
654 247 15 16 0.30295292
548 259 29 24 0.24938805
807 243 22 21 0.2360343
639 242 28 27 0.19697894
830 250 27 30 0.19265738
646 246 19 18 0.17859504
849 387 32 30 0.17408328
525 265 22 22 0.13051908
1004 280 16 19 0.11352965
869 390 29 29 0.09007675
515 275 17 19 0.08600251
229 262 19 18 0.078415826
690 239 21 23 0.065901846
750 266 18 18 0.06460851
276 186 22 19 0.062741145
900 246 17 19 0.058142144
763 255 20 19 0.05581338
384 277 16 16 0.055680767
141 205 13 13 0.053443685
303 279 29 29 0.050829563
441 225 18 19 0.04915826
213 262 29 26 0.047830574
979 372 21 24 0.046156116
735 335 31 33 0.045853958
270 236 31 31 0.04533352
724 322 45 43 0.03775187
180 263 18 15 0.036698315
793 245 15 15 0.03511606
673 343 21 23 0.03406494
230 280 20 19 0.03148414
311 283 19 18 0.031072998
920 422 23 22 0.0304609
434 218 31 32 0.028461773
267 247 33 36 0.02760853
827 257 17 14 0.02752205
880 293 19 18 0.027297605
128 192 43 46 0.025605079
412 239 30 26 0.024364648
861 392 17 13 0.024196748
885 336 14 14 0.023195343
281 189 10 12 0.022050513
373 276 22 20 0.022027988
671 353 16 16 0.021616792
441 233 16 16 0.021329476
515 247 20 17 0.02092253
802 388 95 64 0.020843366
284 184 24 24 0.020583132
