3_Riot_Riot_3_958
76
565 107 65 72 0.6347783
516 42 41 42 0.5833774
920 78 28 26 0.5273538
399 25 41 40 0.5222128
233 15 29 27 0.48652074
713 35 21 22 0.47772205
870 21 32 34 0.47503415
220 9 47 44 0.46975687
107 31 33 31 0.45311242
908 62 44 48 0.4509021
497 34 17 21 0.44780934
767 47 28 29 0.4280655
1 8 48 49 0.40566275
46 17 34 39 0.3970787
823 50 20 19 0.3963461
665 55 24 24 0.37562475
145 15 11 11 0.3547559
956 55 25 26 0.34509155
378 39 19 20 0.3301759
781 43 23 30 0.30393055
962 20 25 25 0.30303144
827 54 14 12 0.20619872
1006 52 19 20 0.1863502
502 37 9 10 0.1837543
768 125 26 28 0.18024065
312 29 22 22 0.17843133
618 52 30 32 0.17537494
26 17 34 31 0.17497805
631 55 26 26 0.16995901
467 44 24 26 0.16874956
77 13 13 11 0.16828033
976 51 20 26 0.1570507
242 20 15 17 0.15686291
411 32 23 30 0.15532109
115 39 13 14 0.15076134
331 42 14 15 0.1482132
389 33 28 24 0.12198178
193 29 12 11 0.12153855
308 4 15 15 0.121364735
311 43 10 12 0.09954933
319 47 14 16 0.09588721
147 17 4 7 0.08693291
853 25 32 34 0.08422448
784 42 15 17 0.08224387
850 31 25 24 0.07993031
91 16 29 28 0.07226175
877 56 22 25 0.06956375
57 27 22 19 0.06936359
547 98 68 70 0.06304503
926 56 19 23 0.06029475
832 43 36 35 0.05704314
227 5 24 24 0.053987466
562 90 97 98 0.052048564
759 32 20 18 0.049280044
290 539 105 107 0.048667837
554 57 155 141 0.047702916
533 19 24 24 0.044905603
699 52 19 17 0.04349625
331 46 16 18 0.04233064
617 69 37 36 0.036971614
163 38 38 38 0.03689839
15 12 14 15 0.03460825
170 18 20 20 0.034011118
507 33 21 27 0.03384898
311 445 127 106 0.03373869
96 36 39 39 0.03315374
50 7 20 18 0.030245105
599 53 20 19 0.029881611
194 15 9 12 0.029312598
388 44 24 23 0.026886132
479 54 5 7 0.02416398
555 67 39 51 0.021596253
505 41 6 6 0.021432016
413 39 10 14 0.021424431
132 11 5 6 0.020930165
954 2 26 26 0.02085313
