3_Riot_Riot_3_393
34
437 130 39 40 0.7095944
544 121 31 28 0.51305836
629 135 43 39 0.4791529
337 149 20 21 0.46642894
783 152 20 20 0.45269027
223 134 17 17 0.4166157
325 143 45 36 0.41019037
321 127 25 18 0.3819981
727 175 14 15 0.35357833
124 143 17 15 0.329923
425 116 70 70 0.2514704
220 139 18 17 0.21494842
648 143 27 27 0.17854919
662 151 26 25 0.08449532
849 174 22 24 0.07939671
175 151 14 14 0.07679362
169 159 13 11 0.06330975
188 148 17 15 0.05400166
654 107 20 24 0.05219468
632 117 30 32 0.04806365
857 200 12 17 0.045246962
220 106 12 14 0.044902626
149 111 14 14 0.04482768
146 112 10 10 0.035337463
720 178 14 13 0.032821007
101 126 12 11 0.029894056
851 196 16 19 0.028369004
760 159 21 22 0.02741633
618 387 131 118 0.026212681
319 129 11 11 0.022739347
548 134 32 30 0.022734398
603 308 123 101 0.021474915
635 420 72 70 0.021383466
657 122 20 25 0.020686217
