3_Riot_Riot_3_604
20
235 83 129 166 0.815951
700 88 111 150 0.81373423
494 279 190 280 0.56024814
82 144 119 139 0.515957
245 120 90 102 0.21842358
710 140 74 87 0.08833745
93 197 82 72 0.058840998
264 143 52 77 0.0482255
731 118 77 83 0.046503328
703 108 51 82 0.04576541
71 128 55 61 0.039153922
57 111 226 195 0.03665958
651 98 111 122 0.03421513
96 122 123 101 0.03237283
711 136 36 46 0.029759832
728 142 40 54 0.029604102
280 139 66 84 0.02344367
260 56 189 205 0.02310218
300 306 193 164 0.023032457
640 24 268 220 0.021242667
