3_Riot_Riot_3_26
27
297 50 27 29 0.994297206401825
231 358 42 39 0.9887397885322571
667 232 24 26 0.9823591113090515
820 13 21 22 0.9808357954025269
544 233 34 33 0.9777942299842834
330 364 31 28 0.9747387766838074
259 227 23 27 0.9707829356193542
18 103 22 24 0.9584312438964844
655 56 31 33 0.9537038207054138
253 90 35 32 0.9523463845252991
55 198 19 25 0.9285762310028076
912 156 49 37 0.9233960509300232
983 182 30 31 0.9139034152030945
361 71 23 28 0.9109084606170654
441 217 39 32 0.8403862118721008
366 225 26 24 0.8382753729820251
830 49 23 27 0.7826031446456909
947 3 22 19 0.7679550051689148
725 408 24 18 0.7662571668624878
202 209 26 26 0.7239891886711121
795 223 27 23 0.718817412853241
680 360 22 23 0.6642965078353882
767 48 25 23 0.6236183047294617
654 0 16 15 0.6206051707267761
210 211 27 27 0.591127336025238
195 46 21 27 0.5154820084571838
939 162 31 31 0.5100780725479126
