3_Riot_Riot_3_199
120
978 334 34 34 0.619466
74 154 36 31 0.58526874
477 282 31 21 0.5292178
850 258 30 25 0.52808183
58 297 50 47 0.42798138
904 270 26 20 0.3881962
324 181 29 22 0.38769665
848 206 21 19 0.37248436
110 121 17 16 0.33361775
394 197 25 22 0.33221325
58 105 17 16 0.32436508
316 180 21 16 0.30187458
118 287 27 24 0.30064574
188 225 42 35 0.26985705
529 188 20 18 0.2676667
544 293 26 21 0.26410243
814 191 17 14 0.2592961
166 179 11 9 0.2563444
429 329 30 25 0.2516029
532 181 21 18 0.23839276
604 171 15 12 0.23484424
973 200 19 16 0.20879482
958 186 19 13 0.19732617
200 172 20 16 0.18946934
1001 191 14 13 0.17320055
663 173 13 12 0.17091638
97 123 17 14 0.16621712
548 298 17 14 0.16277711
772 188 12 9 0.15773706
718 186 11 9 0.1463566
969 202 16 12 0.14448977
88 288 46 40 0.14327496
201 144 14 12 0.13215773
777 225 22 16 0.1318779
895 194 12 9 0.12989487
27 282 75 66 0.12306543
162 245 35 35 0.11630953
96 93 7 7 0.11585886
200 234 22 20 0.11567201
183 174 18 17 0.11432491
409 267 28 23 0.113818385
478 151 14 11 0.11373194
634 559 12 9 0.10831655
604 174 10 7 0.10474571
900 185 21 17 0.10315092
765 179 16 14 0.10272357
81 131 11 8 0.09880078
101 90 15 11 0.084910914
780 229 23 20 0.08008222
194 137 15 13 0.0787462
199 178 24 19 0.077488795
413 317 67 52 0.07074147
301 177 27 20 0.06833719
837 284 29 22 0.06773976
842 287 16 13 0.067279965
21 57 8 6 0.06625878
315 217 17 16 0.063827366
520 205 17 15 0.061391708
385 113 11 8 0.059516277
369 156 9 7 0.059293766
926 198 10 8 0.058563262
548 321 39 31 0.056737576
898 225 11 10 0.056597494
924 202 11 11 0.0557274
369 219 22 20 0.05570796
444 215 28 27 0.055180635
329 212 20 16 0.054706935
538 294 44 36 0.05309313
333 187 11 10 0.053046674
62 112 13 11 0.050981857
145 86 13 10 0.050518427
825 182 16 13 0.049851224
714 172 15 10 0.04801507
349 222 14 13 0.047832984
850 180 6 4 0.047561426
26 255 40 37 0.04740071
439 269 26 22 0.047066186
23 58 12 11 0.04380828
903 211 16 13 0.04345969
407 161 16 15 0.03960589
466 145 15 10 0.039405312
226 173 12 11 0.038541377
978 184 18 16 0.038518324
409 154 14 11 0.038197286
812 175 14 10 0.037453577
853 255 17 17 0.036682338
414 324 39 37 0.03650232
984 331 26 24 0.036392286
447 128 13 9 0.03589921
795 175 7 5 0.035564978
147 263 31 26 0.035196587
391 114 11 7 0.035040915
854 185 6 6 0.034980435
390 172 16 14 0.03306568
445 224 17 17 0.03207465
191 114 8 6 0.029541144
64 280 52 45 0.029392473
386 151 13 10 0.028677953
627 557 23 16 0.026561385
162 180 16 13 0.025948847
265 136 9 10 0.025464237
980 321 37 29 0.025410334
102 303 37 26 0.024698235
330 281 43 35 0.02435063
462 439 191 141 0.023636151
536 167 14 13 0.023475088
547 144 11 8 0.022877887
345 219 23 21 0.02285766
52 118 20 20 0.022604808
684 206 18 15 0.022329101
18 323 55 59 0.022206891
126 85 6 5 0.022129146
678 348 199 137 0.022078536
223 173 8 8 0.021810886
615 145 13 9 0.021498328
263 71 15 12 0.021073444
610 337 22 21 0.0210703
164 100 14 11 0.020706693
460 175 13 13 0.020497983
139 271 46 43 0.02032589
