3_Riot_Riot_3_306
47
736 86 83 81 0.78940433
280 245 45 52 0.6409759
472 196 58 56 0.60820305
269 146 58 54 0.6047168
227 187 42 39 0.55074173
320 126 30 29 0.5398373
654 175 67 71 0.45383763
912 58 92 97 0.43152797
325 131 20 19 0.42942658
142 152 27 23 0.3696908
472 135 37 35 0.35152763
402 133 44 42 0.21781391
658 151 62 71 0.16287452
82 154 26 22 0.14702632
189 149 16 17 0.1260052
481 132 20 20 0.12459111
925 76 43 60 0.12084662
223 87 13 13 0.10066208
669 203 38 42 0.0971531
464 301 26 24 0.09414508
477 193 38 46 0.08954031
906 46 78 76 0.08639659
294 117 48 46 0.08574619
411 140 24 23 0.08555415
522 80 15 16 0.0657696
523 77 12 13 0.06421021
740 104 49 50 0.06393719
165 151 16 19 0.053472556
23 163 17 19 0.049407616
267 158 40 33 0.04776604
589 175 62 64 0.041507684
258 156 30 30 0.038642716
264 144 37 35 0.038304046
28 42 44 48 0.036261786
88 157 12 13 0.035984207
23 28 64 73 0.03427995
865 522 81 70 0.03018764
615 105 22 18 0.027839305
607 122 127 112 0.024557905
402 121 24 23 0.024167674
262 252 46 47 0.024113068
978 73 35 39 0.022238523
-5 0 130 115 0.021556828
331 136 9 9 0.021377046
-12 322 193 173 0.020630289
974 636 55 56 0.020174561
196 128 22 20 0.02014204
