3_Riot_Riot_3_522
26
111 159 36 36 0.71086353
406 212 32 31 0.67320657
625 210 32 29 0.5935733
218 210 26 25 0.5366063
881 200 29 29 0.5160038
178 198 38 33 0.44064164
490 156 16 15 0.2997147
447 156 17 15 0.23960666
412 154 16 13 0.18614206
127 171 9 14 0.126612
367 155 10 11 0.12616386
0 152 20 28 0.09404674
187 210 35 24 0.068708375
22 135 123 110 0.05137605
190 167 22 25 0.04867645
330 236 25 22 0.048425082
413 215 21 23 0.039897095
676 197 24 22 0.0390926
389 153 15 15 0.03706625
473 155 13 15 0.03682042
156 79 16 15 0.034187388
468 190 19 22 0.032923687
666 192 22 18 0.026008641
513 244 26 26 0.023564106
307 226 23 19 0.022800324
92 186 27 28 0.020489037
