3_Riot_Riot_3_716
19
354 153 87 100 0.782085
729 86 92 128 0.7192118
91 78 104 121 0.53201693
730 100 70 82 0.16328397
106 104 72 71 0.13087428
362 160 68 62 0.1252289
313 156 188 132 0.0949543
750 111 75 78 0.06141301
396 162 52 57 0.054155566
697 90 93 102 0.052789975
131 104 71 69 0.04808257
701 119 145 107 0.04282719
1 226 49 54 0.037736643
33 51 175 154 0.036130294
210 401 105 85 0.028472116
111 135 61 56 0.022510821
581 291 71 67 0.021887215
135 128 63 67 0.021007989
302 146 113 106 0.020442089
