3_Riot_Riot_3_542
84
445 399 38 36 0.5826473
192 330 38 46 0.47726282
306 266 26 28 0.43675798
73 268 21 24 0.35810494
113 255 19 20 0.3444304
229 258 14 14 0.27683076
170 266 18 20 0.24751918
253 271 17 19 0.23804809
-3 260 25 36 0.21853866
693 270 20 24 0.21677247
686 273 11 12 0.18387559
956 135 18 18 0.1663037
841 270 15 18 0.16603598
731 269 34 34 0.16332366
947 268 15 20 0.15061769
116 260 12 11 0.13237505
296 254 14 12 0.12909691
263 277 5 8 0.119399965
73 182 10 11 0.110914946
936 266 21 22 0.10669018
236 251 14 20 0.10328799
886 248 21 23 0.102330804
403 271 14 15 0.10183145
403 379 53 46 0.10172653
420 390 23 25 0.09590963
20 268 18 26 0.09510875
41 267 47 41 0.09410953
855 254 17 16 0.08629537
166 256 15 18 0.08573492
162 266 7 8 0.085182816
181 270 10 14 0.08324362
809 276 10 11 0.08008611
411 273 9 9 0.07768173
365 492 18 19 0.07615071
1 257 24 26 0.07538358
896 271 8 11 0.07105729
753 273 12 13 0.07038092
11 249 20 24 0.0693288
441 393 34 31 0.068038486
452 257 12 11 0.06613718
776 265 9 8 0.06227535
487 507 32 37 0.057661474
719 260 6 7 0.056667514
418 452 67 69 0.05611354
941 263 12 11 0.055645682
950 257 13 16 0.050452914
204 333 37 44 0.049925607
74 182 14 14 0.049797967
172 272 7 7 0.049185675
1001 272 16 18 0.048921227
189 317 70 65 0.04806784
967 269 15 20 0.048003867
915 269 15 16 0.04766844
827 267 6 5 0.046122078
865 158 5 6 0.044823773
933 322 20 21 0.044503026
705 257 14 14 0.043909684
376 257 8 8 0.043745525
564 250 11 10 0.04354035
1001 257 15 17 0.0416967
89 257 18 18 0.039914448
904 256 12 14 0.038181078
743 257 10 9 0.03814366
631 263 13 12 0.03701521
68 189 20 22 0.03693999
417 253 7 7 0.035341784
764 261 9 10 0.035013676
611 279 12 13 0.030372512
471 253 10 10 0.030238518
397 253 12 12 0.028969966
11 289 101 91 0.028554533
521 255 7 6 0.028448578
843 259 10 10 0.027911756
495 513 18 24 0.026435565
551 371 48 50 0.026234968
824 273 9 11 0.025777541
274 261 4 5 0.023354918
620 254 12 12 0.022912044
857 152 18 16 0.022230709
444 403 47 54 0.021908272
196 261 7 7 0.021868153
973 256 14 16 0.021470224
348 236 6 6 0.020491546
338 254 5 4 0.020005498
