3_Riot_Riot_3_438
34
836 209 43 42 0.65068936
446 151 24 21 0.47183588
195 160 30 26 0.4494059
567 171 20 18 0.32352918
654 143 18 21 0.2616857
254 208 49 41 0.16799851
261 220 35 32 0.13429302
569 176 13 12 0.13206553
289 192 15 17 0.09194908
395 149 23 16 0.06910533
206 361 105 122 0.06162025
664 151 18 17 0.04980623
200 161 18 16 0.049091693
754 199 26 24 0.045163885
891 202 48 48 0.04236791
524 241 27 23 0.03941946
2 266 24 32 0.03726356
129 199 64 57 0.03661226
665 239 23 20 0.033765897
218 169 13 13 0.03054343
180 346 186 166 0.02836023
672 214 17 17 0.027186738
630 158 14 15 0.026760878
722 576 59 47 0.026495485
843 221 26 27 0.026305437
404 153 11 10 0.026291206
745 190 16 17 0.025615823
0 277 35 43 0.024398789
224 166 21 22 0.02413164
264 232 29 29 0.023753775
707 154 21 15 0.022385633
738 156 16 12 0.022343148
646 147 18 14 0.020939255
263 188 37 29 0.020331023
