45_Balloonist_Balloonist_45_1028
57
466 157 100 106 0.44359285
994 543 18 23 0.29497012
464 572 40 32 0.27094662
766 531 18 17 0.25145227
778 40 38 38 0.18503815
840 520 28 24 0.17081822
363 545 30 26 0.1657568
379 621 24 23 0.14122568
827 521 26 23 0.13758188
2 604 16 15 0.12284722
807 535 17 15 0.12178294
708 522 19 16 0.113673896
802 539 23 22 0.113218
588 610 14 13 0.112411015
749 527 18 17 0.110488914
847 507 24 24 0.10239711
320 646 23 21 0.08766007
328 642 22 24 0.084264696
159 649 18 18 0.07320892
520 601 27 24 0.072721995
384 629 14 14 0.07127635
192 558 20 20 0.06830316
92 659 21 18 0.06448229
591 612 15 15 0.060839318
155 633 18 18 0.056904163
535 658 37 31 0.052441675
806 542 12 17 0.048652288
156 625 14 15 0.04615517
763 670 39 25 0.045490947
888 529 16 15 0.040738255
684 605 23 21 0.040541183
622 565 19 19 0.040193588
93 661 10 10 0.036719967
730 524 13 13 0.03667254
218 617 18 19 0.035644565
593 623 19 17 0.035184637
507 65 32 26 0.03477968
804 659 59 38 0.034273747
557 622 24 19 0.033799447
10 615 10 15 0.03300206
0 573 15 13 0.031343933
990 532 22 24 0.03124705
614 644 20 18 0.029669223
92 235 218 290 0.029269667
139 642 66 54 0.028135711
24 646 17 18 0.028119653
546 615 13 14 0.028079746
880 520 22 21 0.027914273
464 623 22 20 0.027834848
456 567 53 51 0.025384922
466 645 30 26 0.023983903
14 636 11 11 0.022909995
763 542 26 21 0.022365177
322 627 24 21 0.022056
311 647 18 16 0.021130651
718 511 19 18 0.020707203
13 568 12 15 0.020038955
