45_Balloonist_Balloonist_45_434
24
392 307 38 33 0.50943
577 81 177 218 0.4661658
510 299 166 120 0.12017402
22 411 155 130 0.0705396
577 158 136 148 0.0632347
402 314 21 21 0.055815928
159 313 252 185 0.04625559
889 272 177 129 0.04209087
478 292 28 23 0.038749214
843 258 90 68 0.038694218
468 285 41 33 0.03722831
-12 338 192 157 0.037122346
72 314 131 115 0.03191918
146 409 165 156 0.029069573
918 303 122 92 0.029060382
955 272 52 40 0.02545376
-41 480 138 131 0.025325913
176 260 141 85 0.024131674
139 332 61 58 0.023359824
143 342 44 37 0.023345614
637 87 144 175 0.022737175
820 252 132 101 0.021781163
3 309 163 124 0.020498998
705 340 182 132 0.020164836
