45_Balloonist_Balloonist_45_692
37
823 741 22 23 0.52974147
823 732 26 26 0.45266557
458 733 23 23 0.18738453
813 732 40 39 0.13019653
955 722 16 14 0.11929546
40 723 13 11 0.07784495
461 741 10 12 0.07294842
78 722 19 15 0.06881358
189 723 15 12 0.06725109
897 725 10 10 0.065742634
391 723 15 16 0.06364896
700 723 12 11 0.061075896
931 719 6 6 0.057078388
385 725 11 10 0.056138776
173 723 19 18 0.05416983
158 723 24 19 0.053215645
342 721 13 12 0.051254258
609 729 14 14 0.045786668
966 724 12 17 0.04495647
5 727 6 6 0.03517719
321 721 12 13 0.034228355
421 151 63 64 0.033974603
1008 728 10 12 0.033573218
827 748 12 15 0.031985976
748 714 16 15 0.031896606
681 726 14 15 0.031041421
91 726 14 15 0.030506397
909 720 10 13 0.026812932
608 158 30 30 0.025773672
760 717 12 12 0.02567528
970 738 17 15 0.024977157
227 731 14 10 0.024776911
244 727 15 17 0.023735182
277 728 7 6 0.02323528
497 250 156 169 0.021804132
308 728 9 8 0.02153134
670 746 13 12 0.020850524
