45_Balloonist_Balloonist_45_518
23
409 105 82 87 0.8097818
430 364 67 57 0.7797439
494 81 89 94 0.77545625
983 163 37 37 0.67487085
618 182 71 58 0.6418268
379 81 142 120 0.28806087
970 157 65 48 0.20365654
788 175 40 38 0.1888308
821 56 28 22 0.17127676
-15 73 53 46 0.11236573
472 -4 93 37 0.10216008
411 106 51 69 0.10186415
757 340 137 118 0.08523506
407 345 147 99 0.07617829
55 65 67 62 0.06763828
60 50 50 51 0.040053263
427 376 53 36 0.034165327
600 158 125 107 0.032441366
-7 221 24 22 0.031448185
209 35 58 44 0.031242909
462 35 183 148 0.029687751
383 43 199 172 0.021953737
3 46 55 60 0.020518284
