45_Balloonist_Balloonist_45_273
56
713 308 130 154 0.78526086
102 318 82 77 0.777479
457 160 53 46 0.77549595
619 207 56 48 0.7396458
711 213 62 60 0.73347753
424 41 37 34 0.7187212
113 169 84 75 0.6999893
364 151 45 40 0.56922996
734 100 23 20 0.5595904
867 103 26 22 0.5211692
199 116 27 23 0.46472222
671 190 140 112 0.38920212
609 187 81 81 0.33426678
84 163 148 100 0.2874339
122 328 51 57 0.2704238
813 117 22 20 0.2540977
125 195 101 78 0.1804497
760 159 28 24 0.17059182
769 165 34 28 0.12146649
820 129 22 20 0.119939774
817 128 13 12 0.11627866
161 215 49 40 0.108453706
957 199 22 22 0.09036576
566 136 16 14 0.08171637
850 137 18 16 0.076417394
829 116 15 14 0.07606013
770 163 22 18 0.06882022
402 397 59 49 0.062493443
663 156 20 19 0.05971403
567 140 11 9 0.05943446
640 155 236 181 0.05902052
805 221 42 37 0.04700135
984 140 13 13 0.04469165
664 161 13 12 0.04341453
655 166 31 28 0.04163583
299 439 166 122 0.041286528
598 312 32 31 0.040645633
373 157 28 31 0.040009648
107 -28 130 114 0.038677346
973 215 26 27 0.035375975
530 207 37 30 0.033977732
756 110 80 54 0.0333089
696 222 36 41 0.030786056
-60 216 177 127 0.03052032
151 150 34 27 0.029597886
175 212 52 35 0.029438453
698 337 90 87 0.027592644
659 171 21 16 0.027061507
861 144 42 33 0.026854655
179 138 20 18 0.026238086
605 314 19 17 0.02554867
844 141 44 33 0.02501831
111 188 64 48 0.02375137
820 171 25 23 0.021659566
145 178 92 72 0.02156905
271 258 64 47 0.021538429
