45_Balloonist_Balloonist_45_416
19
417 600 52 84 0.62717235
90 1353 23 37 0.06412942
109 1340 19 34 0.06013964
54 1387 18 33 0.050625075
610 920 122 159 0.040192254
355 797 79 165 0.038830027
44 1376 26 43 0.036835447
625 975 84 155 0.03675741
490 1343 22 36 0.035869323
61 8 136 152 0.032065183
405 753 86 148 0.031516004
94 1352 16 23 0.028072063
174 370 219 356 0.026962275
523 670 37 55 0.026371228
570 830 193 307 0.024466384
373 643 152 269 0.021197995
171 424 150 248 0.021039473
399 667 94 169 0.02099065
92 1379 14 23 0.02033576
