45_Balloonist_Balloonist_45_508
23
658 276 66 71 0.8106293
717 372 75 90 0.8091541
465 271 83 84 0.7283629
281 226 82 88 0.690159
532 239 91 87 0.62415713
483 282 48 61 0.34527087
160 348 22 25 0.26877484
732 406 43 39 0.21315913
565 248 42 66 0.14726344
292 241 34 58 0.092497535
314 242 31 55 0.085478954
451 206 175 149 0.08133529
166 351 30 29 0.059573185
857 545 80 91 0.05663855
192 361 37 35 0.050892003
742 420 13 14 0.045546334
520 356 65 66 0.034289557
243 225 150 128 0.033929374
402 251 127 116 0.030492423
560 222 138 142 0.027378134
534 232 57 78 0.025598615
584 237 95 90 0.02447641
192 297 44 45 0.021182923
