18_Concerts_Concerts_18_402
20
318 254 355 537 0.5954859
304 545 37 78 0.19434808
841 474 61 96 0.082177736
323 242 124 163 0.07960109
851 494 37 62 0.07613186
36 1205 51 78 0.073431835
321 250 67 132 0.06921777
838 762 59 92 0.05914688
56 1203 58 73 0.04685048
290 538 64 97 0.045902714
225 917 34 52 0.039448194
-13 887 86 149 0.038344704
234 925 20 33 0.036581136
336 343 84 129 0.028170591
305 756 92 99 0.026682744
-31 950 121 194 0.026248034
125 688 131 174 0.022549236
251 127 244 370 0.02246897
354 380 58 82 0.022130547
335 267 44 82 0.02120525
