18_Concerts_Concerts_18_60
19
499 399 28 27 0.50469047
248 388 21 18 0.2734002
683 549 25 22 0.112659976
252 382 21 22 0.111829
858 601 12 12 0.041095566
862 600 11 11 0.03604183
366 451 18 17 0.03260418
876 516 62 54 0.02977042
1002 635 15 15 0.029469
997 636 16 19 0.026090704
454 495 31 31 0.025592925
689 554 22 22 0.025439428
253 457 18 16 0.022947231
526 655 42 24 0.022881465
691 615 96 73 0.02283223
91 582 26 25 0.022258602
184 418 22 19 0.021878492
143 382 99 80 0.021499809
290 656 19 15 0.020711577
