18_Concerts_Concerts_18_1038
31
286 633 103 147 0.8148057
636 143 73 99 0.7934642
91 675 103 141 0.73771524
476 613 78 114 0.73091245
276 174 88 100 0.72186697
537 92 66 94 0.7122579
639 577 69 93 0.6823964
459 156 73 115 0.6282698
613 111 114 166 0.43492067
122 695 56 97 0.17010605
477 204 28 34 0.1256495
474 170 42 90 0.107642226
510 627 42 81 0.09860437
746 606 32 43 0.0940809
287 195 43 61 0.079561196
638 154 37 82 0.07286267
306 686 42 65 0.071664006
601 529 137 171 0.058712948
272 648 72 112 0.05429737
458 611 65 112 0.053149484
414 597 148 171 0.052022386
315 664 68 104 0.046786685
296 552 36 45 0.045711923
242 641 128 156 0.03469607
138 709 58 91 0.033167474
656 734 110 122 0.024841808
596 592 72 89 0.024216138
128 909 129 172 0.024108628
313 595 155 220 0.021790918
244 392 78 110 0.021223493
621 281 96 115 0.020528153
