18_Concerts_Concerts_18_670
19
292 171 32 35 0.60706764
773 110 25 27 0.4477051
812 304 32 36 0.35371032
319 313 322 400 0.1797438
144 178 29 28 0.13191678
890 298 19 21 0.111635886
54 200 25 26 0.0654063
810 316 32 32 0.05701975
739 235 25 30 0.04643043
888 284 24 26 0.029459959
282 300 248 341 0.028094396
753 283 35 33 0.02754709
683 129 16 17 0.025047986
327 447 242 220 0.024572745
336 654 78 77 0.02342601
138 165 40 45 0.021844946
409 502 298 272 0.021473628
399 602 140 127 0.02102241
244 370 118 129 0.020708608
