18_Concerts_Concerts_18_602
137
287 532 47 52 0.64344424
247 523 51 58 0.6395911
933 374 52 52 0.62931895
555 387 34 39 0.6235876
446 486 38 41 0.61862725
304 385 33 36 0.5675863
327 509 39 44 0.5584355
187 361 24 27 0.5241094
892 483 39 46 0.5022213
24 333 26 31 0.5013464
477 404 29 34 0.4993479
737 369 21 25 0.4831224
371 396 32 35 0.47238952
771 332 19 21 0.4637456
409 398 18 18 0.39126965
845 337 15 18 0.379433
849 470 34 35 0.35616645
239 443 36 38 0.3356481
241 301 17 22 0.32879314
311 496 46 51 0.3064733
705 331 24 27 0.30630514
298 252 22 22 0.29583004
251 303 16 22 0.29304332
563 333 22 25 0.28887355
118 399 24 29 0.28438884
46 262 16 21 0.27480823
78 420 23 23 0.27454266
341 329 15 17 0.26882726
152 402 35 39 0.267473
773 336 13 14 0.2642691
337 324 22 25 0.26388043
149 399 25 28 0.2607528
520 336 13 14 0.2573094
189 261 19 23 0.24916866
878 364 16 21 0.24904226
317 383 30 34 0.24522208
994 335 17 21 0.23477972
389 321 22 24 0.2329068
458 496 23 28 0.23281716
467 261 18 18 0.23038507
164 409 27 35 0.22479793
87 416 19 24 0.22217472
109 257 14 17 0.21843454
606 338 17 19 0.21670374
484 403 21 23 0.21416494
-1 257 10 13 0.2113751
175 370 28 33 0.20562306
478 263 7 8 0.19919646
393 392 26 27 0.18994884
701 338 15 18 0.18845174
607 269 12 14 0.18159336
474 363 20 20 0.17590597
120 406 16 16 0.16639224
239 304 12 12 0.16289821
45 256 20 21 0.16237186
847 343 9 9 0.1595516
447 335 11 15 0.15726365
118 262 8 9 0.14954549
880 369 10 12 0.14944604
621 272 8 11 0.14322959
541 389 29 30 0.14178911
869 472 31 34 0.13960543
517 400 17 22 0.13877495
282 520 71 79 0.13792193
344 383 29 33 0.13762002
0 417 14 20 0.13333853
262 268 10 13 0.13203362
222 274 16 16 0.1298474
145 260 9 12 0.1292274
291 501 31 37 0.12153821
-3 277 14 20 0.11948843
50 378 28 41 0.11854273
567 266 10 13 0.11739257
873 458 24 26 0.11724414
671 356 12 17 0.11519994
86 720 25 31 0.106480196
236 451 23 25 0.10641933
921 337 11 12 0.106305644
299 483 26 30 0.10603422
244 265 17 19 0.08587507
117 415 11 13 0.08335843
262 260 14 15 0.08259067
883 344 9 9 0.08233751
315 262 15 16 0.07793623
465 377 22 26 0.073776715
144 387 56 59 0.072629094
669 346 13 14 0.07134441
252 450 25 27 0.0643195
370 277 12 13 0.06381959
314 392 17 19 0.060880568
393 330 11 10 0.058282237
781 659 37 43 0.058020957
337 276 14 12 0.054837566
407 332 5 6 0.052926335
625 355 16 20 0.05165824
640 358 13 12 0.050354194
37 386 15 20 0.05021183
178 262 12 16 0.048847098
382 277 11 14 0.046362232
99 259 12 14 0.04632021
900 335 14 19 0.04158664
315 404 37 44 0.036531016
578 264 7 7 0.034841474
120 266 8 9 0.034804206
418 560 29 31 0.034554176
748 592 128 153 0.033354633
839 366 12 16 0.033085026
557 362 10 12 0.032081734
537 330 19 24 0.032003395
452 364 8 8 0.031181341
811 422 28 31 0.03024113
563 275 5 6 0.029731648
309 482 65 77 0.029562468
930 331 97 102 0.029377505
322 518 49 50 0.029113716
454 394 14 18 0.0281189
-2 403 15 20 0.026314797
737 379 21 24 0.025811873
41 351 25 26 0.02537492
21 262 12 17 0.025263958
255 502 40 45 0.025125474
413 286 11 11 0.024894362
805 369 14 15 0.024729526
190 442 26 30 0.024687314
197 428 23 25 0.024309073
229 252 24 26 0.024106601
136 392 31 43 0.023722844
180 307 21 25 0.022943627
862 372 8 8 0.022743788
748 623 99 90 0.02262477
406 365 7 9 0.02246811
481 266 7 10 0.0222316
151 265 13 15 0.021863425
752 654 85 78 0.021856096
847 443 29 32 0.021775452
832 439 16 20 0.021752926
922 363 10 11 0.021448096
