18_Concerts_Concerts_18_853
19
743 202 70 67 0.72098404
597 236 50 47 0.68853486
98 376 28 25 0.63805526
176 377 29 27 0.6181407
312 378 25 25 0.611255
734 123 57 58 0.6083945
243 376 25 23 0.5671053
103 381 17 18 0.48639005
896 217 73 70 0.4322924
582 388 60 51 0.31372336
913 228 45 47 0.23451075
779 396 32 35 0.18612486
750 134 39 35 0.05154104
497 300 20 21 0.04247421
361 -36 208 185 0.035439022
780 290 252 204 0.027795892
729 191 100 96 0.021561503
311 389 22 22 0.021353502
587 217 55 57 0.021349894
