18_Concerts_Concerts_18_38
110
754 392 41 43 0.6811848
283 534 57 73 0.6436225
526 267 24 26 0.6097937
64 421 39 42 0.5970086
633 188 24 25 0.52752185
806 280 19 20 0.48239535
901 341 52 53 0.47669598
549 348 35 37 0.4390905
624 187 23 25 0.328835
373 496 50 63 0.3259519
397 439 58 53 0.31915727
276 191 13 15 0.29832837
521 259 36 44 0.28814986
428 523 52 88 0.2363099
625 174 42 50 0.22749612
363 187 13 17 0.22144304
375 485 88 88 0.21898137
1010 226 16 18 0.20803352
314 458 41 43 0.20439819
508 471 116 138 0.20248163
599 305 16 17 0.20029096
569 200 12 14 0.19877677
533 488 62 91 0.18623634
629 274 26 29 0.16658793
407 435 42 42 0.16437274
523 404 34 39 0.15756914
536 222 12 14 0.15568267
355 398 32 39 0.15330042
734 291 15 17 0.13532753
728 326 16 17 0.13292228
302 200 19 20 0.13079068
674 375 20 23 0.1296918
73 415 32 31 0.12070083
309 197 13 15 0.11758252
548 219 17 21 0.11566538
224 413 28 29 0.11277468
517 200 11 12 0.11193699
218 292 18 19 0.11011859
522 417 19 22 0.1073052
1 393 13 18 0.104592085
469 377 25 28 0.103782766
427 200 10 11 0.10144614
526 511 66 97 0.099330656
453 196 12 14 0.09786092
532 224 9 10 0.0893884
991 272 19 24 0.08909147
614 296 14 16 0.088968955
417 485 66 93 0.08189784
673 364 22 25 0.08155072
923 253 13 13 0.07927441
253 445 29 31 0.0733309
93 398 21 23 0.07135074
428 569 57 79 0.07069642
681 274 14 14 0.06590749
224 297 15 17 0.065146
339 274 13 13 0.06318875
405 530 52 66 0.062212218
129 330 21 27 0.062058255
677 356 24 26 0.0612484
84 387 27 25 0.060580038
123 349 17 20 0.0600345
349 482 70 66 0.05733397
881 238 6 6 0.05711434
738 290 8 10 0.05706244
207 715 99 58 0.05641395
763 392 23 33 0.053333063
611 357 27 29 0.05155554
16 388 12 19 0.050786257
891 283 20 20 0.050248656
139 331 24 23 0.048905574
695 250 15 16 0.048450764
994 345 26 41 0.04776578
455 231 9 11 0.04604142
731 328 7 9 0.044716902
356 404 25 26 0.044669148
551 375 42 37 0.044273823
893 250 7 7 0.039798696
152 333 19 20 0.039510578
702 262 13 12 0.039331947
904 372 33 47 0.037899997
43 381 17 16 0.037765615
857 605 71 66 0.036430668
987 228 12 18 0.03612185
620 376 22 24 0.035291247
323 466 25 26 0.032972094
-5 352 27 28 0.031373385
176 392 25 28 0.031125713
894 281 11 12 0.030270334
69 464 103 100 0.030205192
11 360 16 20 0.029974645
679 274 7 8 0.029776318
276 180 13 13 0.027711008
842 593 55 60 0.026808847
910 631 36 37 0.026593015
834 241 13 14 0.025962511
527 417 45 53 0.025582807
427 439 43 54 0.02549145
368 181 10 10 0.024878168
849 253 6 7 0.02448891
828 325 22 21 0.024265373
115 386 17 19 0.023742782
111 406 16 19 0.023098117
87 200 11 13 0.022932319
573 170 13 14 0.022151556
124 306 59 65 0.022001483
325 491 46 45 0.021413423
226 337 19 22 0.021005778
965 231 7 7 0.02018864
114 504 24 36 0.020126756
900 243 12 14 0.020009859
