18_Concerts_Concerts_18_127
60
137 268 96 95 0.7831448
521 223 70 62 0.7480462
432 238 62 65 0.72423697
229 131 59 54 0.70760036
171 168 55 48 0.6932871
941 202 49 41 0.6906601
352 237 70 67 0.6781526
269 238 60 67 0.6287256
721 191 78 68 0.61231464
660 175 56 52 0.6048347
293 174 56 51 0.5923996
442 176 52 46 0.56271034
36 175 54 48 0.5033733
832 200 53 39 0.5002814
801 197 54 41 0.49724683
750 163 43 35 0.31252825
219 118 85 79 0.27659982
430 179 71 65 0.26221144
262 157 118 88 0.23074162
787 191 84 56 0.22770719
26 196 39 43 0.22048144
763 168 19 14 0.20281376
569 187 55 49 0.19574334
736 203 48 53 0.18342324
1 215 53 40 0.17197806
162 156 85 70 0.12741952
539 199 60 63 0.12679054
234 146 44 49 0.10828739
904 206 41 35 0.10213519
906 186 111 71 0.08092027
62 176 45 43 0.07687709
63 183 32 29 0.06608884
501 211 111 85 0.065429695
178 199 36 38 0.06107485
312 188 47 41 0.04821657
333 211 114 84 0.046958428
924 203 34 30 0.045757134
576 199 31 25 0.044959728
915 213 48 35 0.044398103
3 204 80 61 0.041557156
679 181 38 36 0.041190226
368 203 64 51 0.039536282
759 201 44 38 0.034092102
415 228 101 85 0.032660287
531 167 122 84 0.031681426
675 186 66 55 0.0303244
191 112 143 110 0.0300611
730 175 53 43 0.030012466
18 228 44 47 0.026880194
7 265 85 104 0.026187113
862 177 125 89 0.025646733
277 257 63 78 0.025107702
289 351 135 89 0.024715533
-15 178 118 82 0.024414582
476 381 184 123 0.023684068
582 180 49 44 0.02277708
745 226 50 46 0.02250639
853 215 30 25 0.021012578
451 246 58 51 0.020838344
738 307 120 77 0.020207541
