18_Concerts_Concerts_18_133
35
315 401 74 100 0.63543093
151 1008 25 46 0.6138878
465 962 25 45 0.49114537
662 339 53 94 0.41873688
646 906 30 55 0.37613153
634 459 24 43 0.3727503
639 913 25 48 0.32127684
512 343 24 43 0.2265151
666 385 31 54 0.22188464
362 1001 43 71 0.13510521
519 501 20 35 0.13493726
350 414 58 84 0.11335578
516 345 15 32 0.11225123
643 329 118 140 0.11130508
460 620 15 28 0.10918042
295 366 120 183 0.08677122
187 1135 23 40 0.08032236
653 460 16 37 0.056115407
633 472 21 43 0.056093153
166 408 22 34 0.046479963
353 951 64 103 0.03568418
303 936 18 31 0.03227012
554 949 10 18 0.030218955
410 956 18 32 0.029331211
551 952 14 21 0.028878242
129 507 94 139 0.027053466
465 625 8 16 0.026057588
125 468 134 215 0.024404913
641 476 16 33 0.024275595
612 985 14 27 0.023721155
727 1131 35 68 0.022654127
530 415 21 39 0.022543041
474 963 16 28 0.02179083
315 978 25 41 0.020677516
171 1108 52 103 0.020114586
