18_Concerts_Concerts_18_66
81
620 245 51 49 0.7658632
885 356 55 47 0.75709957
433 260 47 39 0.7379426
566 314 56 57 0.73195034
71 318 66 51 0.7253065
427 360 89 101 0.6999017
477 202 26 21 0.6858984
187 247 49 42 0.679795
801 263 54 46 0.67705494
483 324 85 86 0.67460823
921 295 44 42 0.6284294
619 418 94 77 0.55561924
225 203 28 21 0.53981405
634 253 24 29 0.50562286
748 335 64 55 0.50505203
197 313 84 76 0.503826
179 318 57 50 0.49691164
392 223 30 26 0.4961664
280 459 80 68 0.42252165
214 171 28 22 0.41449854
398 216 25 21 0.36982188
859 345 100 70 0.34969172
1005 187 17 17 0.26216826
928 303 29 29 0.23813516
284 160 26 24 0.23091376
506 184 24 23 0.22645618
408 203 20 17 0.21089002
946 468 81 85 0.20859146
766 344 33 41 0.20155674
9 257 51 54 0.1759758
182 77 37 31 0.1405009
103 258 40 33 0.13634865
998 181 23 26 0.13288741
395 340 172 127 0.13055643
511 180 24 21 0.1277542
457 171 24 18 0.11533423
722 297 37 32 0.1127971
48 311 107 74 0.093202926
-13 511 130 88 0.09315115
459 311 122 121 0.08660719
592 232 111 83 0.08476625
458 169 14 13 0.076860696
811 277 41 41 0.06680842
160 202 28 23 0.06407516
886 171 27 21 0.06295112
774 252 30 27 0.058570765
290 160 10 8 0.05655573
486 207 10 11 0.05560729
267 149 31 24 0.05453266
11 277 37 40 0.05031017
862 18 200 140 0.050135113
623 439 58 48 0.047769655
985 82 34 29 0.04671972
642 187 11 11 0.04453332
-51 504 194 133 0.041506518
294 155 20 15 0.041440558
7 204 39 50 0.038593914
761 214 31 27 0.038579613
934 56 57 43 0.036918603
996 326 35 40 0.03416848
327 64 46 32 0.033110447
711 70 29 16 0.03297663
206 250 37 35 0.032749325
444 403 68 58 0.029085558
980 209 21 23 0.028884472
888 42 104 69 0.028876053
406 192 19 14 0.028820714
491 195 15 15 0.028799921
339 80 18 13 0.026161352
592 172 17 12 0.025759373
271 275 94 70 0.025665144
659 445 41 35 0.02522159
314 304 39 39 0.024263885
617 178 19 16 0.023822375
186 171 23 21 0.023622494
277 164 15 13 0.02273866
581 306 96 68 0.02206263
165 59 86 75 0.021981537
325 324 41 38 0.021950113
72 295 89 70 0.021213643
198 5 174 126 0.021014467
