18_Concerts_Concerts_18_920
46
614 602 13 14 0.49409834
276 500 21 27 0.45692584
281 508 14 13 0.4133207
620 605 7 11 0.29667273
759 568 8 8 0.28642085
843 496 26 26 0.24198698
619 565 12 13 0.19276352
660 564 11 11 0.15555236
847 506 14 13 0.149184
751 615 12 11 0.12838547
853 559 11 11 0.09996507
224 623 52 53 0.090087526
902 508 13 11 0.08838752
901 619 14 13 0.08757085
609 567 10 10 0.0867746
768 563 9 11 0.08573927
746 607 14 14 0.07747382
904 495 8 9 0.07649712
286 503 19 24 0.06902963
988 587 8 9 0.06707216
897 560 11 10 0.06119358
826 577 5 6 0.057564054
898 484 15 15 0.056881372
905 566 15 13 0.055505697
205 511 9 10 0.04854064
155 504 14 13 0.048063166
970 581 10 13 0.046371795
664 568 6 6 0.04421795
901 520 15 15 0.038050327
41 468 12 13 0.036834847
755 572 9 11 0.036167093
178 507 14 17 0.034956742
776 537 14 13 0.034022268
792 555 4 4 0.033050284
1000 519 11 11 0.032494195
220 641 58 52 0.031853475
390 6 37 28 0.031043833
842 566 10 12 0.030899178
957 585 12 9 0.030845588
913 630 9 10 0.02815552
977 517 13 14 0.026930468
766 619 6 9 0.023286365
952 526 7 7 0.022443773
284 511 6 8 0.02224903
663 574 5 7 0.022044005
772 541 10 9 0.020644268
