18_Concerts_Concerts_18_258
28
84 57 38 30 0.6723915
889 77 52 40 0.65587795
760 338 124 93 0.47360262
793 37 29 24 0.26540422
993 127 28 27 0.14337651
1002 135 18 15 0.096413516
741 436 90 91 0.07872392
796 365 111 75 0.05820465
165 76 24 16 0.050857525
778 38 35 24 0.041805085
888 63 63 46 0.039959196
19 56 14 14 0.039894648
768 219 13 9 0.03954087
59 298 137 148 0.03725865
501 344 91 84 0.035527118
776 373 44 30 0.031431496
373 206 41 33 0.030656854
959 156 27 24 0.027417542
92 216 211 216 0.027405398
1010 86 18 14 0.027102707
356 193 72 61 0.025026789
169 76 13 11 0.024131091
101 332 187 149 0.023907611
700 274 43 31 0.022640709
534 391 50 34 0.022453913
942 85 73 58 0.022273201
37 51 10 7 0.02131604
102 332 66 66 0.020286372
