34_Baseball_Baseball_34_356
23
562 215 152 207 0.80454624
528 168 209 340 0.08027091
529 -5 62 81 0.056457154
499 256 81 139 0.049492188
482 596 69 132 0.04730159
326 1183 144 123 0.044324204
372 823 48 88 0.0401328
735 16 191 340 0.032952745
2 156 91 159 0.03222014
-13 688 157 257 0.029668726
837 402 172 280 0.029642086
904 416 109 199 0.028685087
535 15 147 199 0.027951732
623 196 113 240 0.027150502
16 642 98 151 0.024394838
-13 625 88 186 0.023534458
152 518 79 144 0.022624249
39 335 87 158 0.02202337
77 645 81 146 0.021914475
75 683 90 174 0.0216647
825 586 160 262 0.021186886
282 1122 141 232 0.020770406
166 528 85 177 0.020566175
