52_Photographers_taketouristphotos_52_288
28
838 207 43 32 0.779805
694 304 52 38 0.77750087
976 73 46 40 0.7193359
818 390 54 39 0.7183094
763 17 36 24 0.6752538
870 32 41 30 0.652484
999 313 29 27 0.57883877
158 196 26 19 0.37922093
885 78 21 16 0.2549763
722 32 26 21 0.24672957
254 214 32 29 0.23911315
46 199 41 29 0.20597802
165 200 17 12 0.19870053
775 252 24 19 0.14510182
59 207 19 14 0.13669896
64 200 36 25 0.11670633
1006 322 12 10 0.0968269
70 206 18 14 0.07968435
246 199 40 32 0.078948595
264 216 20 20 0.074889995
965 55 68 46 0.04064078
727 21 25 24 0.03866171
879 39 25 21 0.035450682
713 37 27 21 0.03056107
810 0 21 14 0.02466919
34 190 66 48 0.023566421
798 273 21 16 0.022750568
590 104 25 18 0.02109673
