52_Photographers_photographertakingphoto_52_263
35
624 263 29 31 0.7035063
27 276 31 30 0.67031556
677 247 37 36 0.6000517
343 302 25 24 0.54995483
756 289 24 26 0.536471
22 270 43 44 0.515892
800 288 30 31 0.4777141
404 293 25 26 0.45228863
469 304 16 16 0.3107025
687 251 21 26 0.283289
396 294 36 37 0.26756006
178 306 16 24 0.21818657
138 295 22 24 0.21412967
121 287 37 37 0.21399853
360 299 26 29 0.14400738
271 299 15 17 0.13686655
163 306 14 15 0.1307621
390 301 19 22 0.12728709
143 301 23 23 0.124560036
265 301 13 13 0.11058727
267 305 13 13 0.09148264
648 353 81 82 0.08568791
97 305 17 18 0.081081405
78 312 13 15 0.06332419
67 387 26 27 0.056586523
805 298 25 28 0.05236639
664 374 47 46 0.05094023
34 280 17 24 0.0379431
646 319 78 75 0.028532034
631 310 18 20 0.02618332
635 274 7 11 0.022074532
750 293 37 39 0.021468572
462 309 15 14 0.021091128
16 313 21 27 0.021061735
49 455 32 38 0.020098334
