52_Photographers_photographertakingphoto_52_315
28
692 86 100 142 0.78199667
153 168 111 125 0.76972306
465 168 77 69 0.7479909
231 132 66 75 0.60710794
554 186 31 34 0.13516507
188 179 66 102 0.11544057
285 183 31 37 0.10733244
291 192 18 17 0.086785436
-2 232 25 41 0.08515757
657 100 102 108 0.07726417
320 138 58 65 0.07454583
566 193 13 12 0.069132626
608 190 33 29 0.06899548
228 140 43 48 0.042275403
128 197 166 125 0.041367155
657 58 168 167 0.039421804
819 270 179 156 0.030199705
544 220 66 64 0.029924974
496 180 46 43 0.028833078
-2 219 30 36 0.027257027
341 138 37 47 0.026066035
214 84 97 90 0.024201168
464 182 46 58 0.022474756
515 176 48 52 0.021474587
447 32 218 167 0.021426981
197 167 88 98 0.020885358
256 178 20 22 0.020856744
211 160 64 44 0.020833943
