52_Photographers_photographertakingphoto_52_219
25
177 277 57 57 0.8041385
761 225 52 51 0.7941785
703 432 46 42 0.77037996
658 285 48 49 0.7690143
296 350 55 50 0.75005984
416 398 48 43 0.6688267
566 357 40 44 0.49397877
653 274 62 76 0.46772334
283 339 78 73 0.42973694
858 512 26 26 0.3279437
430 405 22 30 0.23341723
862 518 16 18 0.17631836
978 509 17 17 0.1703297
987 510 14 16 0.14255635
613 268 141 104 0.08034741
810 431 24 27 0.06153079
541 508 27 25 0.055683363
546 339 70 74 0.055158038
431 164 110 102 0.041093998
425 187 121 136 0.03398228
765 434 31 31 0.03232667
773 438 29 23 0.027831627
802 415 50 41 0.027552122
150 269 115 100 0.023543844
916 513 16 15 0.02265681
