52_Photographers_photographertakingphoto_52_695
20
595 121 172 251 0.82527274
178 178 54 86 0.50191736
191 185 33 66 0.2913456
466 211 55 100 0.1403166
975 196 11 21 0.12562266
235 701 207 360 0.06854961
976 182 21 40 0.06621605
588 137 97 229 0.06434738
1005 212 19 32 0.056512974
848 189 33 59 0.052384455
621 185 120 158 0.032960936
991 179 27 43 0.0314703
556 146 157 309 0.030933468
734 351 157 277 0.02823168
893 166 32 62 0.026161125
808 789 155 289 0.026081014
606 515 88 150 0.023194173
987 204 17 33 0.022843275
856 182 22 42 0.022466006
371 149 24 49 0.020305198
