52_Photographers_taketouristphotos_52_15
18
770 427 129 182 0.8259254
234 312 126 205 0.76996905
953 318 61 218 0.32259756
807 457 77 140 0.2744706
252 348 69 139 0.13411453
277 367 75 128 0.1259035
976 1160 47 104 0.0775265
838 460 44 106 0.06529186
850 444 58 140 0.05068001
751 451 99 165 0.04825067
512 649 118 188 0.040349297
949 1279 26 44 0.027907947
945 1250 45 87 0.026360989
699 326 194 328 0.025786512
83 505 162 355 0.023389885
814 360 178 303 0.023062509
212 357 82 160 0.021252686
274 267 156 301 0.020986518
