25_Soldier_Patrol_Soldier_Patrol_25_374
23
226 283 53 56 0.7793089
49 285 57 69 0.7307328
496 76 46 58 0.66907454
66 301 21 40 0.46749622
367 289 29 36 0.23327748
901 269 55 52 0.22284387
379 296 16 20 0.08957553
352 264 73 82 0.07041228
118 463 79 68 0.06815165
143 487 31 32 0.057757933
171 665 15 17 0.057034854
286 689 21 19 0.0460235
6 680 13 24 0.03747854
167 665 26 22 0.03727949
687 363 62 57 0.03548972
872 275 67 64 0.03223206
241 293 32 41 0.031650238
655 312 135 122 0.030249
28 288 54 56 0.029024191
221 461 30 29 0.028896479
453 12 142 128 0.027689803
557 195 12 14 0.026967855
279 688 33 36 0.02302496
