25_Soldier_Patrol_Soldier_Patrol_25_325
34
418 126 67 63 0.7898705
278 199 44 43 0.776891
670 208 42 43 0.7601311
91 208 62 56 0.70226306
529 199 48 42 0.6961167
470 218 33 30 0.46719596
763 272 42 45 0.4633734
891 329 21 21 0.3891252
763 286 27 25 0.32266092
5 384 25 25 0.31571642
827 308 16 15 0.19599685
855 313 17 16 0.15826198
841 308 20 18 0.13106082
479 226 16 14 0.11066132
834 306 8 6 0.10940152
305 314 20 23 0.079680584
718 264 41 32 0.07946132
639 342 20 21 0.07588458
782 386 16 18 0.06992486
882 322 20 20 0.06757577
749 350 26 25 0.05465446
752 307 11 13 0.03989746
653 344 18 23 0.034349
649 350 26 28 0.033074357
645 352 19 20 0.030121516
760 121 33 29 0.026038993
689 486 104 93 0.02313531
621 256 92 70 0.023109065
691 417 65 63 0.022978967
527 211 27 25 0.022710819
645 402 87 72 0.022452606
863 314 12 11 0.021873366
776 266 19 21 0.021024564
686 255 27 25 0.02029579
