25_Soldier_Patrol_Soldier_Patrol_25_700
28
538 375 30 37 0.450451
80 433 21 27 0.4305264
534 363 42 54 0.3361055
591 413 18 25 0.24581517
229 411 12 19 0.23624408
110 401 19 24 0.21595989
881 379 22 33 0.20795268
343 285 24 28 0.17962222
177 399 20 25 0.13890588
160 398 20 24 0.11140479
116 406 12 17 0.08496833
402 433 15 19 0.08166699
50 407 17 25 0.07036002
880 386 27 41 0.06927827
482 416 13 20 0.061012972
415 418 16 20 0.05231636
192 407 12 16 0.051599372
358 286 18 27 0.051167674
464 418 11 16 0.03976871
375 -26 142 177 0.037050314
343 279 34 42 0.03163022
37 435 17 25 0.029854713
345 296 11 13 0.026394174
846 319 107 153 0.02508
59 417 9 13 0.023244156
872 372 37 47 0.021970382
108 426 25 35 0.021192096
619 404 28 39 0.02074406
