25_Soldier_Patrol_Soldier_Patrol_25_883
22
259 119 123 164 0.63519377
527 62 68 78 0.5928068
148 504 40 41 0.2141253
16 285 130 99 0.05088839
835 288 137 115 0.044327747
489 43 106 101 0.04081047
394 448 72 62 0.031796828
184 84 109 86 0.030931802
375 336 71 73 0.03046418
511 73 63 60 0.027042052
272 85 135 108 0.026945574
551 466 57 52 0.026019428
281 161 143 128 0.025300056
425 302 115 87 0.024912642
65 303 67 61 0.02424058
278 515 18 19 0.023444986
467 182 139 108 0.023113394
565 484 208 167 0.022163844
762 292 62 64 0.021712495
541 71 42 46 0.02170289
654 122 47 55 0.0212033
804 255 200 137 0.020987507
