25_Soldier_Patrol_Soldier_Patrol_25_1026
21
633 128 18 19 0.53824526
203 229 41 38 0.5216205
378 222 29 32 0.51801515
396 237 29 29 0.36974373
195 211 66 64 0.3424535
580 237 25 23 0.33660698
532 137 14 15 0.2055412
525 144 15 13 0.1587004
167 206 115 87 0.12965633
657 312 13 14 0.10210154
363 207 97 89 0.066083394
568 225 45 47 0.06322092
371 233 47 35 0.05863985
10 195 19 22 0.051686596
541 323 23 22 0.0412205
5 179 15 16 0.040519092
77 177 19 15 0.034157597
96 201 11 10 0.027044961
559 225 106 102 0.02702608
80 183 14 13 0.026841622
567 236 28 30 0.023644842
