25_Soldier_Patrol_Soldier_Patrol_25_761
27
688 93 41 45 0.7940521
309 64 53 56 0.7517392
165 63 49 50 0.6803722
485 98 49 53 0.59523535
809 98 36 46 0.5923163
665 76 86 81 0.54370904
149 52 82 75 0.28854838
495 113 30 31 0.1470277
323 182 26 26 0.11520186
332 192 16 19 0.09652755
443 330 11 13 0.091957934
811 84 34 42 0.09173237
986 103 33 49 0.08813692
168 75 24 26 0.08001581
-41 126 141 148 0.0796962
145 134 35 44 0.07046064
373 529 13 16 0.069291644
391 339 15 16 0.059544817
151 151 34 39 0.045729775
983 157 35 46 0.03959936
250 202 44 46 0.038145605
745 243 13 15 0.03753624
305 599 36 33 0.033561245
757 514 118 112 0.029601391
773 191 24 27 0.026508402
467 571 205 147 0.025504414
440 327 18 20 0.025238654
