25_Soldier_Patrol_Soldier_Patrol_25_869
25
648 152 177 197 0.637698
315 245 34 30 0.6299757
215 227 25 22 0.5168819
153 216 20 19 0.4284847
28 217 23 22 0.4002618
304 237 61 46 0.28474754
129 150 22 21 0.15734845
3 195 79 63 0.06935834
146 205 31 28 0.05929969
604 358 122 92 0.0565132
673 199 104 138 0.053912822
265 208 109 85 0.053748984
11 207 42 39 0.044047464
316 257 26 26 0.043889947
143 202 51 47 0.03709002
140 154 17 17 0.034331404
212 233 32 27 0.033325087
706 195 141 108 0.030208265
246 249 80 67 0.0270294
137 156 9 10 0.026495975
593 407 112 86 0.026151272
988 396 33 51 0.024812263
-14 11 85 80 0.023450518
975 386 72 59 0.022000894
149 271 15 15 0.020330217
