25_Soldier_Patrol_Soldier_Patrol_25_734
29
31 437 27 32 0.6384756
537 231 28 29 0.47936842
544 387 33 38 0.45710468
152 440 24 26 0.44111314
157 431 25 28 0.27047116
686 558 30 29 0.13735496
291 391 21 24 0.123630084
347 417 18 19 0.090415835
181 408 23 25 0.08321551
174 301 14 15 0.06503585
714 239 15 15 0.060284242
608 249 20 19 0.055361286
679 551 46 47 0.05429437
322 410 18 23 0.0534401
276 410 17 18 0.053408466
298 402 23 24 0.046009306
674 256 21 22 0.04486575
734 235 12 14 0.043520626
693 240 16 18 0.03895627
273 391 25 26 0.03821901
378 405 23 25 0.038208116
704 225 38 37 0.037877504
180 303 12 14 0.031303097
22 431 43 51 0.029043479
158 405 32 38 0.027289037
3 491 15 23 0.021690141
619 252 15 14 0.020857532
392 261 17 19 0.020247024
169 303 19 24 0.02016052
