25_Soldier_Patrol_Soldier_Patrol_25_873
33
409 145 37 32 0.67289245
233 193 20 18 0.6145834
479 133 60 50 0.5276382
740 110 33 30 0.51772493
324 185 26 17 0.28650302
93 208 13 12 0.20249757
108 210 10 9 0.1777536
51 220 12 10 0.16171417
225 200 21 16 0.12930413
572 143 38 30 0.10116285
296 130 20 15 0.09374515
408 153 28 28 0.07773109
64 217 11 8 0.074178874
41 228 19 13 0.0579958
-2 444 127 85 0.05417885
546 142 42 30 0.05035752
699 236 123 95 0.048623946
239 198 8 10 0.045533396
305 132 13 11 0.039644152
435 194 61 52 0.038602073
491 152 35 28 0.03854062
102 468 252 162 0.031146254
966 121 65 55 0.031079417
59 462 67 84 0.030348271
443 210 31 23 0.029380871
852 333 213 147 0.02453068
853 458 211 142 0.024528231
807 227 378 276 0.022593582
658 438 198 142 0.022498986
71 223 17 12 0.022216236
801 120 70 64 0.021379463
155 207 15 12 0.021311007
125 296 16 12 0.021144275
