25_Soldier_Patrol_Soldier_Patrol_25_9
27
696 177 126 133 0.38596463
735 144 172 170 0.12689309
248 344 23 20 0.11514146
535 413 27 28 0.11298509
254 351 17 19 0.110908195
543 402 286 216 0.09333249
570 445 112 107 0.090925254
697 427 181 122 0.05920895
724 217 52 67 0.049668536
161 313 14 15 0.047675703
568 418 58 63 0.04529119
375 346 13 13 0.043747786
581 474 124 120 0.03770227
592 286 36 38 0.035318427
242 350 43 37 0.034366902
549 381 27 31 0.031904027
152 312 18 15 0.03094823
379 345 15 13 0.03035437
143 293 54 51 0.029942853
331 330 11 12 0.028839324
323 656 104 87 0.023969892
740 399 166 121 0.02391498
579 435 33 35 0.022634938
351 338 10 10 0.02244085
580 469 60 63 0.02151833
851 306 218 181 0.021377938
339 325 12 10 0.020002745
