59_peopledrivingcar_peopledrivingcar_59_659
19
182 252 31 34 0.65955013
289 274 30 32 0.64252603
786 325 29 29 0.6421234
247 242 35 36 0.5528037
507 242 27 28 0.46205497
585 259 19 22 0.37777576
252 250 22 25 0.2360749
171 242 52 56 0.1936313
622 641 49 53 0.06745037
666 322 22 22 0.055870835
231 241 41 42 0.045450836
667 313 25 25 0.036800005
180 265 22 26 0.032064777
494 244 27 30 0.031477414
693 602 16 18 0.031050283
465 255 14 15 0.026049476
187 264 21 22 0.02513663
807 318 124 121 0.023880752
443 271 15 16 0.02010421
