59_peopledrivingcar_peopledrivingcar_59_532
49
230 58 25 26 0.5958235
220 48 44 42 0.5533472
0 72 24 29 0.5206095
292 75 21 23 0.40652204
392 88 17 18 0.34663975
63 85 31 31 0.31907427
128 57 24 22 0.2555619
91 58 23 24 0.24966179
6 72 27 31 0.24597375
384 94 16 18 0.24406478
767 103 41 49 0.2286078
260 127 9 12 0.20324726
198 103 17 21 0.1980535
245 116 16 19 0.19603644
584 82 22 22 0.17379728
201 109 20 19 0.17353491
165 86 23 20 0.17014635
373 175 24 25 0.1560228
172 97 16 14 0.13135315
401 82 13 16 0.1296228
741 115 25 28 0.12007527
535 85 18 17 0.08872498
131 48 35 38 0.08805209
374 107 17 17 0.08710883
-1 65 23 26 0.08392922
482 84 16 16 0.082130276
757 116 19 21 0.077009454
180 91 16 19 0.07692453
346 30 23 24 0.06832324
57 86 26 34 0.05909613
299 72 14 16 0.055770133
101 66 19 25 0.053410802
215 109 20 22 0.0528053
885 84 12 14 0.04155821
675 109 9 9 0.040366184
9 82 6 8 0.03634033
497 91 11 11 0.03467591
284 69 36 34 0.033068903
552 90 14 10 0.031523895
310 -2 96 99 0.030185804
527 217 34 33 0.028552454
355 454 45 48 0.026975287
685 94 15 14 0.026724452
542 219 18 24 0.024725562
254 125 22 26 0.02435004
755 88 20 19 0.020765338
697 116 12 16 0.020317296
620 189 26 24 0.02023882
845 117 10 10 0.020049779
