59_peopledrivingcar_peopledrivingcar_59_172
20
644 215 22 19 0.48176745
771 192 29 21 0.18692608
648 218 15 12 0.17683318
844 221 17 13 0.16488898
766 199 21 16 0.13584335
855 225 8 7 0.11340076
752 122 16 16 0.09127773
881 227 13 9 0.08567489
390 -1 83 54 0.07187533
657 416 89 59 0.047568556
899 226 13 10 0.04127309
923 230 11 8 0.041057263
321 306 26 18 0.040039934
331 331 21 15 0.032463655
714 513 63 50 0.031338453
727 523 42 27 0.030383112
650 220 20 17 0.028254164
782 483 29 28 0.024923885
955 229 8 6 0.024427101
180 462 68 53 0.021471612
