48_Parachutist_Paratrooper_Parachutist_Paratrooper_48_678
18
641 302 71 85 0.72147673
318 321 63 68 0.6952011
337 328 38 54 0.17812489
571 245 83 80 0.10340699
218 289 113 120 0.07241243
618 516 173 161 0.07111192
654 113 247 227 0.0674599
660 317 40 44 0.05176311
171 169 117 118 0.046878524
143 132 204 220 0.037648793
236 271 88 102 0.033133827
345 344 25 29 0.027904376
625 579 119 114 0.025498547
372 335 54 63 0.022510713
278 271 56 99 0.022431616
282 317 54 61 0.022299033
696 139 161 152 0.021291459
32 631 244 207 0.020469978
