48_Parachutist_Paratrooper_Parachutist_Paratrooper_48_122
25
405 153 117 171 0.81585854
147 950 175 295 0.32727918
414 189 45 109 0.13233498
220 1279 23 51 0.12868012
209 1269 39 74 0.09408674
789 5 73 72 0.07364833
348 14 63 86 0.06616147
652 600 98 183 0.051851317
464 169 65 145 0.045426425
991 977 12 24 0.043690313
125 1382 14 29 0.033709943
579 1179 41 67 0.032061875
797 480 100 186 0.03087029
108 1361 37 60 0.030785961
564 1155 64 116 0.030520298
0 921 61 115 0.028750952
98 415 73 135 0.028081607
184 1339 51 100 0.027725386
391 59 184 270 0.023504298
781 -18 68 115 0.023369208
27 657 44 91 0.022796325
435 186 35 78 0.02244858
404 720 193 319 0.022009317
667 1007 81 155 0.020407852
341 662 285 432 0.0203421
