48_Parachutist_Paratrooper_Parachutist_Paratrooper_48_72
64
173 293 32 30 0.6387768
328 278 34 36 0.54672647
329 285 24 23 0.4775331
615 331 22 23 0.4639959
97 331 26 24 0.46265048
43 315 44 36 0.44817844
16 313 19 21 0.39846793
478 297 26 25 0.35717767
711 282 17 19 0.3374454
102 320 33 31 0.3371893
265 287 24 23 0.28394172
450 308 24 24 0.27747703
406 287 29 31 0.2328933
770 302 13 13 0.21291995
257 278 24 23 0.19351034
335 278 23 26 0.18820323
401 295 21 20 0.18155476
226 293 29 27 0.17553423
119 327 18 22 0.17002408
107 335 17 17 0.15612914
177 393 26 25 0.15567759
707 288 14 14 0.15446873
468 301 21 21 0.14526477
570 293 11 11 0.13412416
89 326 32 22 0.12782252
611 309 22 21 0.12456361
63 330 7 7 0.108078904
246 293 21 21 0.09545735
778 307 7 6 0.083714895
932 300 11 8 0.082150646
33 315 24 23 0.081831485
455 305 19 18 0.071986936
551 291 12 14 0.06899749
857 303 9 7 0.06574727
566 278 11 12 0.061450027
958 305 16 12 0.060657926
813 301 8 7 0.058728002
370 318 18 17 0.054282144
181 300 13 18 0.052370884
697 293 9 10 0.0517324
186 399 13 13 0.04922805
782 176 31 27 0.0470198
916 300 11 12 0.046524033
327 85 127 142 0.04420619
970 303 12 13 0.042877935
531 297 11 11 0.042767406
678 300 18 17 0.04273325
626 291 13 14 0.038765512
261 370 156 127 0.033379845
921 325 11 9 0.031020947
235 277 25 23 0.030416846
394 277 13 11 0.029286321
565 272 15 14 0.029109597
819 323 10 9 0.028345564
896 305 8 7 0.027929055
613 283 12 12 0.026344372
662 314 17 18 0.025293507
601 4 21 17 0.025025997
1006 306 11 9 0.024592
484 303 13 14 0.023609526
99 332 17 15 0.022096632
225 321 18 17 0.020553747
603 291 11 10 0.020524323
500 364 82 68 0.02039841
