48_Parachutist_Paratrooper_Parachutist_Paratrooper_48_439
21
617 133 156 210 0.85731876
143 54 58 57 0.6808908
949 84 26 24 0.12996306
995 222 25 25 0.11019962
781 43 21 18 0.08277587
992 100 31 30 0.078127936
541 155 144 114 0.07414558
996 231 22 21 0.07332424
51 509 56 54 0.07245124
637 251 124 92 0.0629299
894 99 31 24 0.04924717
968 88 27 30 0.041127045
370 550 115 80 0.036749203
496 294 88 74 0.034287814
977 221 35 34 0.033947937
567 205 242 184 0.029697875
946 239 19 16 0.025377827
871 213 21 18 0.02407433
502 187 41 29 0.024022913
659 146 195 154 0.022171492
771 39 28 24 0.021598393
