8_Election_Campain_Election_Campaign_8_218
50
838 252 111 118 0.76517206
598 341 48 46 0.72560465
532 340 57 54 0.68305665
287 337 69 70 0.6806171
692 336 44 50 0.6501409
669 559 63 62 0.6396147
389 331 50 49 0.6356436
432 329 65 61 0.6341445
418 306 96 107 0.5677615
171 376 106 98 0.5581096
157 343 37 35 0.5455076
94 355 48 44 0.41480434
103 298 55 56 0.2514592
780 258 84 82 0.2430784
235 337 26 26 0.23381281
139 306 31 33 0.2197954
684 321 70 80 0.20256932
242 340 11 9 0.18424425
469 336 47 45 0.17487025
238 319 27 25 0.15243141
791 264 51 50 0.12547417
286 299 41 39 0.09701416
598 353 35 30 0.0930114
114 335 36 37 0.08103688
427 351 74 60 0.07902489
118 315 31 24 0.070985995
432 549 18 19 0.06476463
-3 331 38 50 0.06426473
13 299 27 36 0.06038651
169 349 18 22 0.058309764
244 329 11 12 0.051211182
777 244 149 109 0.050147623
292 350 33 45 0.047667746
554 352 29 34 0.046621136
405 346 18 18 0.045065142
215 356 53 44 0.04307817
280 358 53 44 0.04257351
178 394 41 56 0.04119109
591 643 53 38 0.035222113
261 330 115 101 0.034343798
200 394 87 71 0.0323345
664 299 86 75 0.031583965
152 323 66 75 0.03132225
829 265 86 82 0.02758523
150 328 50 44 0.025135286
239 268 162 137 0.022779496
356 194 30 32 0.022544667
181 414 61 54 0.022238914
810 326 46 54 0.02220539
504 329 78 82 0.022146815
