8_Election_Campain_Election_Campaign_8_498
83
63 117 102 116 0.8062159
681 48 129 119 0.7699809
922 252 108 170 0.7682342
203 183 56 57 0.70559126
477 180 53 55 0.65938365
387 152 63 53 0.63101995
782 145 65 61 0.5906342
569 146 75 64 0.58670205
251 131 113 101 0.5640839
874 204 64 49 0.56114966
651 145 35 37 0.52476764
971 179 39 41 0.47167522
845 178 126 103 0.47022432
533 161 53 43 0.46080416
349 158 68 69 0.34066015
512 147 97 76 0.32749408
307 143 132 94 0.32330307
282 155 70 77 0.31485218
527 174 39 40 0.2909336
224 132 46 47 0.28425083
541 140 21 21 0.26503634
896 172 23 20 0.25492218
533 150 33 32 0.23085557
544 134 109 92 0.22325495
877 164 42 34 0.22313341
488 194 35 35 0.21658763
757 147 62 60 0.20559815
910 173 21 17 0.20069934
660 151 19 18 0.17433093
543 174 36 30 0.15968688
458 165 94 87 0.14750972
87 158 39 46 0.12990357
235 137 21 24 0.123926856
211 134 113 97 0.10155246
364 140 95 83 0.09282316
990 155 23 25 0.08759665
244 105 122 92 0.08716094
755 129 89 94 0.08123326
183 158 91 100 0.07961189
652 50 112 100 0.07906623
-2 389 24 34 0.07502249
37 141 97 80 0.073418014
833 190 36 40 0.07029428
955 309 86 69 0.06986298
0 -2 28 24 0.06872899
668 170 55 50 0.06181773
752 167 75 63 0.058007408
458 163 29 32 0.05537146
106 155 48 51 0.055138778
728 70 86 80 0.05511414
655 7 171 116 0.052910354
94 132 72 79 0.052043434
221 148 47 52 0.045858085
403 176 32 27 0.044855118
161 152 43 47 0.04457169
509 157 37 33 0.041167673
496 178 51 46 0.040036608
265 113 86 47 0.038664058
178 186 53 56 0.036879398
666 157 7 6 0.035753224
244 122 56 52 0.034360755
840 270 166 129 0.032577474
417 538 147 120 0.03230495
993 144 29 27 0.03161457
289 93 135 108 0.03082757
200 94 131 105 0.02831412
455 190 63 51 0.028246596
455 167 21 23 0.028238347
883 206 74 66 0.028200926
258 178 86 79 0.028167186
500 140 77 61 0.026241694
839 200 55 49 0.025780715
-14 356 49 67 0.025012745
841 200 277 223 0.024640165
576 108 147 123 0.024393944
940 138 106 88 0.023776902
596 154 57 52 0.023263542
805 199 104 92 0.022948625
893 213 169 146 0.022450155
479 141 36 29 0.022345461
708 88 72 65 0.022078589
970 220 49 77 0.021861667
753 103 153 136 0.020373635
