8_Election_Campain_Election_Campaign_8_412
370
960 533 49 50 0.66657823
789 534 48 47 0.6638849
724 501 48 47 0.6278522
760 592 70 64 0.6198658
827 628 53 43 0.6197099
366 590 54 48 0.60162437
801 135 47 44 0.59351164
766 436 37 38 0.59247804
427 424 35 43 0.5918818
293 570 55 54 0.5819607
246 168 31 36 0.5601422
326 402 44 43 0.55324745
467 251 52 46 0.5511942
696 462 33 31 0.54425526
628 424 52 52 0.5395234
906 599 47 48 0.5263596
241 530 42 39 0.5237905
616 389 48 43 0.5188147
893 358 31 29 0.50161475
979 427 39 48 0.49016792
166 250 33 29 0.48968306
989 324 25 25 0.4776098
278 557 84 78 0.4751015
496 217 22 25 0.4613431
363 404 43 38 0.4524016
545 147 30 24 0.44919226
548 579 39 41 0.44606683
144 554 50 45 0.4407958
354 488 55 53 0.4339905
549 380 37 40 0.4306384
800 422 47 47 0.42875084
221 277 15 14 0.42293757
772 603 43 45 0.4163818
477 580 38 39 0.41067126
660 274 23 19 0.4089932
625 297 27 27 0.4064699
622 528 39 36 0.3965288
99 351 45 42 0.3964979
855 453 56 55 0.39647993
501 225 14 12 0.39604685
803 238 27 26 0.3902492
247 166 26 22 0.38931838
376 602 32 29 0.38730735
6 268 26 24 0.3846994
21 521 34 38 0.37712523
844 316 28 26 0.37118503
491 590 22 21 0.3693054
899 355 36 39 0.36289343
116 495 32 31 0.36000565
269 264 27 23 0.3565738
399 371 33 32 0.34574512
963 214 27 24 0.34459776
863 461 37 39 0.337745
173 388 36 35 0.33134523
376 398 41 40 0.3306919
334 166 32 28 0.3252257
985 273 16 19 0.31741318
471 402 38 34 0.31627202
576 556 42 37 0.31590003
263 485 38 39 0.3067675
616 253 26 26 0.2939642
513 182 25 21 0.2820002
816 434 42 40 0.27530265
735 3 24 18 0.27213547
102 349 24 22 0.2705411
275 542 52 53 0.2669457
370 68 19 18 0.26593396
90 539 30 31 0.2658831
676 246 16 16 0.26441512
931 322 24 22 0.2640793
982 268 19 19 0.2624948
816 148 33 31 0.25890636
141 307 26 30 0.25387484
240 127 19 18 0.24513048
562 218 30 32 0.24019822
15 261 21 25 0.2388044
920 310 24 22 0.23049198
341 187 26 27 0.2289493
172 552 33 32 0.22742891
867 277 12 12 0.22532141
313 487 48 48 0.21787854
496 143 14 12 0.21769801
14 509 36 42 0.21688464
870 583 25 24 0.21220466
533 159 34 30 0.20657639
331 273 24 22 0.20345595
368 148 18 16 0.20211686
361 240 25 28 0.20148087
576 454 29 33 0.19981802
105 555 24 28 0.19812836
599 533 50 51 0.19809735
850 580 43 35 0.19456382
271 20 18 16 0.18793073
904 501 47 45 0.18397187
624 145 26 22 0.18099204
539 551 41 34 0.18071999
504 486 29 29 0.17918353
668 578 38 35 0.17456298
298 173 28 28 0.17382097
96 344 20 18 0.1719307
838 575 63 57 0.16817766
406 68 26 21 0.16605121
417 239 31 27 0.15770468
652 321 23 23 0.15756635
192 548 29 30 0.15461017
917 303 15 16 0.15297337
272 219 19 20 0.1499296
80 127 24 24 0.14363243
608 582 37 41 0.14294776
805 365 23 24 0.14280844
853 341 30 31 0.14276534
321 384 75 74 0.14056976
719 274 10 10 0.1388488
648 431 27 34 0.13473068
370 503 32 32 0.12945056
883 226 21 22 0.12859832
84 530 24 26 0.12801513
543 261 27 24 0.12689805
227 441 30 32 0.12415592
459 368 32 32 0.12348701
341 492 33 32 0.121168226
321 162 73 59 0.11773936
632 260 7 8 0.11649144
326 287 15 16 0.11628858
996 64 23 24 0.11615549
516 189 15 15 0.11600743
627 402 28 32 0.11593227
747 325 22 20 0.115805455
14 505 22 26 0.11552167
103 338 29 29 0.115473315
482 170 23 22 0.114744164
561 185 28 25 0.11252262
280 494 30 25 0.11210923
0 483 17 16 0.11147439
660 318 32 27 0.11111799
923 515 24 25 0.11016444
471 375 19 19 0.10903775
746 213 25 21 0.10856231
562 241 21 23 0.10754903
86 437 29 26 0.10684969
448 256 39 33 0.10639614
511 490 17 20 0.10527877
234 72 14 15 0.10519885
-17 486 120 109 0.10510867
457 578 23 27 0.1037615
591 143 14 14 0.10262141
696 28 11 14 0.102595836
14 395 13 15 0.10057007
1001 383 21 21 0.09879101
992 53 18 26 0.098691784
787 267 17 18 0.097589366
775 135 11 12 0.09714302
812 413 34 33 0.09631185
281 222 11 11 0.094785556
810 614 81 72 0.09415591
78 193 23 20 0.09271731
850 64 38 34 0.09068969
123 410 19 21 0.09064088
220 367 19 21 0.09008448
383 242 27 29 0.090073474
600 137 11 10 0.089510895
818 146 14 19 0.08861615
426 415 43 38 0.08749346
335 135 11 8 0.086997844
468 89 25 26 0.08692793
624 265 12 12 0.08417149
255 521 91 91 0.083886646
148 316 17 18 0.07962775
303 68 25 23 0.07956468
152 574 35 42 0.07830082
317 167 26 22 0.07803008
4 306 17 21 0.07779311
28 457 35 34 0.077478096
560 116 17 18 0.07660772
508 222 11 14 0.07642205
538 432 29 29 0.07546364
870 187 11 11 0.07532044
422 431 29 28 0.07482706
973 652 27 29 0.07420695
2 151 14 19 0.07389156
949 331 28 28 0.073863514
534 138 51 48 0.07317541
446 292 21 24 0.07238119
598 501 45 39 0.07206138
305 573 35 40 0.07195475
378 533 55 47 0.071704395
981 356 19 24 0.07130374
696 524 32 34 0.07128142
7 522 41 41 0.07058382
779 156 15 18 0.06938315
41 243 19 18 0.06909487
82 459 26 24 0.06882163
994 372 13 15 0.06855058
306 147 13 13 0.0669497
493 134 20 20 0.06652593
704 218 13 14 0.065726295
335 289 14 14 0.0645417
954 398 20 20 0.0626299
25 348 19 19 0.06110721
968 393 21 33 0.06099727
785 156 13 14 0.060590442
753 217 41 31 0.060191367
226 371 17 17 0.058695573
158 354 33 33 0.058403254
257 154 16 13 0.0577478
378 409 21 27 0.057279434
643 318 22 20 0.057187583
149 627 28 30 0.056851335
823 354 26 29 0.05683447
546 599 29 30 0.05682384
237 118 20 20 0.0567864
744 222 25 22 0.055286415
992 327 15 18 0.055221647
523 33 14 12 0.054179985
545 277 16 17 0.053996634
966 144 15 11 0.053845286
398 214 39 32 0.052319765
164 239 42 48 0.05227087
704 498 25 34 0.05149647
454 554 36 34 0.051439922
546 112 18 17 0.051429503
17 462 27 32 0.05121195
309 13 16 12 0.051170003
264 555 39 35 0.051107533
666 216 14 14 0.05051353
477 394 25 28 0.049892638
676 195 10 10 0.049841613
392 210 30 26 0.049811713
703 205 22 20 0.049241006
807 624 48 42 0.048912562
529 517 128 125 0.048710506
688 439 61 64 0.04863719
681 204 22 20 0.048612773
900 177 23 19 0.04820991
416 415 19 18 0.047604293
8 127 17 16 0.047491327
579 569 47 41 0.04747017
157 202 22 18 0.047127794
645 177 9 9 0.046875767
330 147 12 10 0.046764214
192 446 24 26 0.046431325
298 450 120 114 0.046363246
234 528 32 34 0.046156388
675 389 31 32 0.045977388
864 186 19 21 0.045649543
381 155 18 17 0.04459075
897 645 38 30 0.042954072
461 35 7 7 0.04276222
109 360 25 19 0.0415886
887 100 11 10 0.04137513
437 250 19 18 0.041025583
463 224 80 81 0.040782593
266 250 17 19 0.04037638
323 127 17 15 0.040032066
660 110 11 9 0.04000391
939 330 10 12 0.039968465
82 203 15 14 0.03810252
489 489 34 40 0.03787164
412 424 36 41 0.037470043
532 422 60 47 0.037224654
959 582 36 54 0.037204016
914 181 12 10 0.037178814
813 494 26 24 0.0370951
92 262 20 17 0.037041068
622 395 25 27 0.036022104
676 170 23 19 0.035848297
640 374 51 45 0.035821304
733 126 9 8 0.035409812
611 110 19 17 0.035353843
765 344 18 19 0.03522375
332 393 33 35 0.03509608
385 115 15 13 0.034512
785 612 22 28 0.03445984
691 77 20 16 0.03439969
597 266 27 26 0.034361843
15 593 23 26 0.03426869
413 407 62 76 0.034208048
447 104 11 7 0.03418195
813 248 7 7 0.034177966
825 254 20 18 0.034011837
456 541 95 79 0.03393299
451 174 9 9 0.033806182
999 667 15 14 0.03379506
173 255 13 15 0.032845534
180 256 13 12 0.032816943
43 349 12 10 0.032486502
403 122 8 8 0.032451525
232 403 19 21 0.032261293
375 50 7 6 0.032255642
544 363 33 34 0.032208316
679 260 23 21 0.031940266
915 523 48 44 0.03188376
622 513 35 34 0.031767055
888 265 17 17 0.031067193
533 120 16 13 0.030984454
759 624 46 44 0.03070459
93 652 31 27 0.030517694
773 526 46 45 0.03001983
666 180 17 16 0.029917054
946 324 24 24 0.029662795
157 201 14 13 0.0296035
1 290 29 24 0.029167645
600 244 22 19 0.02914685
708 128 10 8 0.028896673
911 402 20 23 0.028777229
201 172 9 10 0.028188497
600 396 97 73 0.028142558
693 478 32 26 0.02799826
457 238 50 55 0.027719654
610 106 10 8 0.02770899
860 79 13 10 0.027697051
562 177 17 14 0.02761201
266 572 36 39 0.027417606
372 588 37 34 0.027240576
173 162 20 18 0.02655105
966 424 28 40 0.026526265
372 127 7 5 0.026080025
271 10 13 12 0.025944762
165 261 23 23 0.025891522
649 372 31 25 0.02588004
95 437 10 12 0.025840439
856 195 19 18 0.025794616
897 216 19 20 0.025742399
937 203 7 8 0.02562042
244 272 17 18 0.025566325
768 615 27 26 0.02515245
369 385 42 40 0.02512017
669 353 30 29 0.025043996
977 273 9 9 0.025006304
753 331 10 10 0.02492582
697 87 10 9 0.02478141
201 9 15 12 0.024522046
556 374 22 24 0.02427703
262 248 38 35 0.02413898
478 153 16 20 0.024088401
635 307 40 34 0.024048235
849 470 42 40 0.024014952
492 244 22 23 0.02367231
328 156 48 42 0.023566524
125 313 17 19 0.023475526
967 154 16 14 0.023181317
153 173 19 15 0.023124803
223 412 29 24 0.022923736
286 26 35 28 0.022890627
578 481 33 28 0.022822523
506 134 40 36 0.022544358
803 271 12 12 0.022486664
959 491 24 34 0.022469152
933 627 54 51 0.022439197
913 273 20 19 0.022271592
619 154 15 16 0.022123268
315 291 15 15 0.022019293
640 79 11 10 0.021737177
786 600 97 102 0.021662047
316 429 31 33 0.02152412
441 247 93 72 0.021501353
633 10 11 10 0.021447651
735 192 28 22 0.021351121
417 173 10 8 0.021191739
234 63 21 19 0.021125946
792 364 44 37 0.020976067
604 84 8 7 0.02081067
651 410 107 95 0.02063433
534 558 15 16 0.020411748
950 195 18 17 0.020332545
687 23 22 16 0.02027651
259 127 22 22 0.020174358
371 266 17 19 0.020169085
294 270 30 26 0.020131482
959 417 20 24 0.020037469
