8_Election_Campain_Election_Campaign_8_157
51
163 429 38 34 0.7192467
264 439 30 29 0.56824535
0 470 22 29 0.5614014
325 464 27 25 0.4322643
221 461 12 14 0.42367652
726 412 20 24 0.41026258
400 459 23 20 0.2645356
-6 473 35 32 0.21987674
908 237 42 41 0.20755345
582 447 15 17 0.1464282
442 459 33 27 0.13816258
459 456 24 22 0.10822532
814 462 8 9 0.09124973
648 447 8 8 0.089590706
908 449 13 11 0.0887417
676 448 16 15 0.08633049
334 439 14 16 0.085334785
999 337 20 26 0.07604599
956 461 10 10 0.07186041
860 454 11 9 0.05977754
694 452 15 14 0.058060225
966 454 11 11 0.052530203
855 461 10 10 0.051047467
668 446 14 12 0.04908851
398 621 33 35 0.04614672
3 481 11 11 0.046102025
630 426 15 14 0.042101216
345 258 32 31 0.039606724
940 238 31 36 0.03834072
919 450 14 10 0.037476674
695 461 11 12 0.036263026
487 452 18 15 0.03531556
242 450 21 21 0.03512873
222 453 10 14 0.034265187
540 450 18 18 0.03292475
914 262 30 23 0.032132547
300 461 34 33 0.03186794
622 422 17 14 0.030178862
604 465 16 16 0.029637525
396 412 19 17 0.028532267
456 402 16 14 0.028427294
384 461 26 24 0.02746563
903 214 50 47 0.026460603
834 455 12 12 0.025405694
775 450 14 14 0.025250858
706 417 19 15 0.023805346
381 627 60 47 0.023776537
610 448 16 18 0.022364764
905 456 5 4 0.020756315
521 447 13 12 0.020622717
479 459 19 18 0.020348439
