8_Election_Campain_Election_Campaign_8_148
20
584 182 49 59 0.989518940448761
6 208 66 91 0.988437831401825
809 282 74 82 0.9832533001899719
318 275 82 84 0.9796164035797119
431 300 80 88 0.9788053035736084
702 450 137 123 0.9729084968566895
674 252 83 78 0.9548759460449219
510 214 45 63 0.9475967884063721
117 78 34 42 0.9445875287055969
617 358 98 109 0.9414240717887878
962 295 71 77 0.8936429023742676
572 315 74 91 0.8884528279304504
371 120 16 20 0.871918797492981
834 487 149 196 0.8490336537361145
434 216 57 75 0.7922361493110657
-1 360 79 139 0.7566438913345337
238 357 116 151 0.670534610748291
93 200 53 61 0.6432805061340332
701 243 91 95 0.5487053394317627
889 424 61 66 0.5235901474952698
