8_Election_Campain_Election_Campaign_8_84
75
121 544 44 50 0.69734114
919 609 46 50 0.6908092
875 504 27 32 0.6553327
981 486 25 31 0.60716873
297 498 26 29 0.5962807
535 515 24 25 0.58117455
772 488 28 33 0.55257624
206 504 33 44 0.46251792
482 188 26 25 0.44484615
633 204 18 24 0.4280325
445 185 15 22 0.42740256
40 531 26 28 0.3788749
127 491 15 15 0.3722041
257 434 14 17 0.3695918
108 535 71 71 0.30339247
525 178 18 20 0.29830554
192 508 25 27 0.24506614
6 529 22 22 0.22266027
662 237 31 33 0.22158055
561 179 18 19 0.21799363
84 510 23 26 0.19730885
197 519 22 18 0.19181815
86 464 23 30 0.17897652
78 507 25 23 0.17249471
162 469 15 15 0.1683252
290 426 15 14 0.16828002
134 544 49 52 0.16632468
831 463 25 25 0.16284779
23 528 24 26 0.15918763
70 498 56 52 0.15639932
877 722 53 42 0.15134114
542 180 20 23 0.13216935
289 499 25 30 0.13075796
305 493 33 36 0.11914384
972 445 19 20 0.116174504
443 532 19 18 0.10754853
674 245 13 16 0.09777759
561 189 13 14 0.09693716
619 212 13 19 0.08803979
988 492 12 17 0.085470565
104 498 22 24 0.08539179
43 493 15 19 0.08510438
773 468 30 32 0.08344792
193 498 8 9 0.07710548
239 442 12 13 0.07617928
168 459 19 18 0.074448295
465 187 20 21 0.06562782
198 467 12 11 0.0645907
104 471 21 21 0.06263039
220 470 10 11 0.06085801
182 549 23 21 0.058661766
291 430 21 25 0.054982327
260 428 14 14 0.05161435
989 434 16 19 0.049877856
128 483 11 13 0.047542334
296 479 51 50 0.046437092
150 445 25 24 0.04540424
606 214 16 18 0.04433186
528 188 15 15 0.04304232
124 417 16 17 0.041248165
227 445 14 10 0.0406025
172 385 10 10 0.035800535
844 476 15 16 0.03380816
256 521 30 30 0.03292712
249 426 18 18 0.032510635
36 463 24 26 0.030255064
840 489 16 19 0.02979253
52 477 20 18 0.029559964
825 461 19 24 0.028159682
970 464 9 11 0.025571926
23 414 11 13 0.024583323
924 453 18 18 0.023493843
443 550 12 12 0.02344967
455 184 8 10 0.02318865
181 570 17 18 0.021742294
