8_Election_Campain_Election_Campaign_8_244
47
501 125 138 168 0.8466327
100 69 144 161 0.8326383
842 144 100 103 0.8087131
252 157 90 97 0.7746963
781 124 72 72 0.7609581
640 74 110 109 0.70571035
945 91 87 139 0.6144339
380 98 124 148 0.61381274
734 147 50 51 0.59477806
0 168 53 85 0.49953574
33 144 54 58 0.3536413
38 155 39 35 0.26284483
750 141 61 56 0.23621982
764 109 128 105 0.21152608
957 154 56 91 0.2063161
746 169 30 29 0.16467579
361 130 109 89 0.14788118
406 120 108 90 0.12393361
795 137 113 101 0.117929734
10 155 77 65 0.11419615
317 121 49 39 0.10948248
500 162 124 94 0.1076093
396 156 94 80 0.099517375
181 142 132 113 0.08085649
594 81 115 98 0.079581425
275 173 80 68 0.072710484
905 136 132 108 0.06516578
618 38 242 184 0.060513988
197 173 99 71 0.054984882
92 32 199 150 0.054448016
860 126 95 95 0.047391128
851 175 74 61 0.04702874
921 176 100 74 0.04471628
614 110 151 104 0.043151762
795 93 145 120 0.038365934
668 61 67 74 0.038033426
-91 467 235 162 0.037267853
698 124 91 83 0.037168674
665 103 65 71 0.033735353
993 213 29 32 0.029861743
899 152 84 89 0.029739268
892 168 51 55 0.029003806
978 222 34 45 0.02863545
363 521 207 165 0.026407186
833 181 83 78 0.0263378
832 211 114 86 0.026076134
149 96 115 111 0.020810455
