8_Election_Campain_Election_Campaign_8_236
28
149 359 77 79 0.7927398
552 134 84 89 0.7923936
311 343 83 86 0.75186694
401 359 54 48 0.5720984
40 610 102 45 0.25108564
390 346 81 70 0.2405331
775 361 31 32 0.14271028
68 623 42 23 0.13529374
5 601 102 58 0.12958257
355 361 44 52 0.08219961
579 149 51 60 0.079094574
867 251 29 26 0.06588172
745 335 92 84 0.065479636
563 152 41 57 0.057565592
83 345 149 112 0.048402432
835 246 41 34 0.036772896
527 149 131 99 0.036733933
819 366 26 23 0.03595447
870 242 36 32 0.035594787
823 210 120 105 0.033007797
288 312 140 135 0.029310195
836 370 17 16 0.02930222
813 248 70 78 0.026108237
766 196 201 176 0.023843523
295 386 58 52 0.02284269
524 148 73 64 0.020953653
84 618 66 35 0.020451114
484 595 29 33 0.020016985
