8_Election_Campain_Election_Campaign_8_86
39
574 241 58 56 0.7736035
474 277 41 39 0.71842945
212 235 37 35 0.69239104
118 180 60 63 0.6645907
203 227 53 53 0.6474539
375 228 44 43 0.5778182
342 267 28 27 0.5576559
13 163 51 54 0.54849005
754 263 35 31 0.21544425
75 173 20 22 0.196572
75 180 9 8 0.15622306
89 187 43 42 0.14015026
450 269 27 25 0.092087865
121 191 46 41 0.07986127
8 181 30 33 0.0781145
370 214 71 55 0.077066265
440 272 18 19 0.0697453
413 601 35 46 0.068973735
197 613 29 34 0.051830746
527 397 131 120 0.042660102
249 657 33 28 0.041177385
331 203 92 92 0.03875273
270 666 19 19 0.03757022
78 199 15 16 0.037512444
372 637 50 40 0.03286916
140 578 20 20 0.03238076
682 607 117 89 0.03208859
356 268 29 31 0.029011436
88 409 134 122 0.0281637
475 270 23 29 0.02796831
-12 165 91 65 0.026867349
201 32 58 56 0.022657529
96 159 54 42 0.022175442
615 246 249 180 0.022064548
134 566 35 28 0.021972958
764 271 20 20 0.021818763
342 247 23 32 0.02100864
556 232 87 78 0.020583594
480 643 30 29 0.020291982
