8_Election_Campain_Election_Campaign_8_297
47
785 248 46 51 0.7223817
496 279 41 45 0.696978
642 264 43 42 0.6857577
915 299 46 42 0.6569068
593 279 32 35 0.4544822
393 309 52 49 0.4517461
505 285 22 34 0.4099971
162 463 55 55 0.3794492
178 454 45 43 0.3549507
599 284 21 23 0.30902326
775 238 67 73 0.30545303
409 330 26 28 0.29941118
703 237 27 26 0.28223547
597 275 25 24 0.23571213
661 259 35 38 0.16097304
69 456 40 40 0.13443585
315 307 28 25 0.11621692
205 448 35 39 0.11509503
950 264 22 27 0.108359754
144 454 94 75 0.09975504
702 222 26 26 0.09556966
203 450 23 21 0.08924096
152 451 52 58 0.07545963
111 199 27 24 0.073199235
315 229 20 17 0.071861304
592 604 115 96 0.06427178
342 465 32 34 0.061060786
213 455 21 24 0.058070835
77 468 17 20 0.0530541
765 313 29 29 0.049525965
850 311 29 30 0.043192703
773 252 40 46 0.042018488
442 289 26 30 0.039579906
942 302 37 40 0.038032893
805 397 85 70 0.03608001
580 34 18 17 0.031750765
312 240 32 29 0.031452622
235 186 14 14 0.029395562
536 269 24 20 0.028425504
236 193 17 15 0.02812078
384 267 21 21 0.02786673
523 241 24 21 0.025584964
320 233 12 11 0.02525656
551 277 13 12 0.024281675
612 249 105 88 0.022572646
441 266 32 29 0.02204656
576 259 74 72 0.021875054
