8_Election_Campain_Election_Campaign_8_174
220
888 506 78 72 0.78772396
733 484 73 67 0.7843701
164 618 84 63 0.76303506
67 471 48 50 0.7426215
161 524 78 80 0.7326817
9 484 47 48 0.7293186
815 595 89 85 0.6930753
383 537 81 75 0.68910843
622 506 45 42 0.6775596
434 620 92 71 0.6679293
297 494 42 43 0.64912635
579 460 49 45 0.6326422
952 467 44 47 0.62809026
315 469 51 48 0.558293
816 444 39 35 0.55736756
424 500 54 54 0.53576654
-26 458 117 98 0.5169718
657 602 93 75 0.5117034
875 463 43 41 0.50619197
738 440 41 36 0.4995267
270 463 24 22 0.49035662
959 477 28 25 0.48056978
444 451 35 32 0.47350752
166 456 39 32 0.44474432
302 479 57 55 0.41279027
205 482 31 34 0.40933928
192 475 44 53 0.40812343
957 70 68 99 0.3917861
149 604 121 95 0.3910258
497 342 42 39 0.38784516
179 465 16 17 0.3803052
417 431 30 30 0.36770838
248 439 68 65 0.36643887
494 593 58 66 0.3637531
665 466 28 25 0.3600449
989 412 11 11 0.32468626
50 454 23 25 0.31803712
307 445 31 26 0.29130152
852 306 16 16 0.28474408
922 445 107 92 0.28371614
446 417 23 23 0.28075913
126 419 29 26 0.2781138
588 422 22 17 0.26627052
826 450 22 17 0.2644685
222 446 14 14 0.26373276
304 423 15 13 0.25685588
1005 445 19 19 0.25130123
40 392 20 17 0.25061953
509 350 23 21 0.24593769
984 404 21 22 0.24169926
214 491 13 17 0.24010016
414 507 76 74 0.23182254
1000 459 25 26 0.2180199
925 425 38 31 0.21724662
883 476 26 25 0.21470787
139 418 33 30 0.21250182
504 604 44 43 0.20676932
80 477 26 39 0.19585724
981 323 23 20 0.19042355
1000 364 18 15 0.18910058
897 458 37 38 0.18860279
659 434 16 17 0.18471718
714 444 16 15 0.1799111
988 334 9 11 0.1784818
449 448 43 43 0.17800272
923 392 28 23 0.17556128
395 540 45 61 0.17469236
340 392 18 16 0.17023051
377 380 12 10 0.16913854
808 417 15 12 0.15501222
440 385 17 17 0.15033656
411 397 12 13 0.14864267
316 448 10 10 0.14406177
621 424 14 13 0.14070013
263 431 11 8 0.14069046
382 375 12 12 0.13842621
455 636 51 52 0.13558978
92 399 12 12 0.13553351
983 451 28 35 0.13009252
957 432 14 18 0.12725438
986 336 15 15 0.120743744
893 443 165 122 0.12051418
914 453 50 48 0.117722355
890 397 12 9 0.11433426
493 329 12 12 0.11134699
487 608 79 65 0.1090722
523 362 28 24 0.10627514
84 393 32 28 0.10383592
53 418 20 18 0.103225075
36 397 16 19 0.10302071
421 395 10 8 0.1024667
930 422 26 21 0.09815788
902 303 15 10 0.096080035
7 374 13 12 0.095872164
475 368 30 23 0.0943004
911 404 72 64 0.09429787
975 532 33 42 0.09360036
244 408 25 22 0.09267678
746 485 38 50 0.091235034
820 454 26 24 0.08834882
819 373 11 14 0.08753737
796 574 136 132 0.08722313
399 561 50 62 0.085783534
737 404 5 4 0.085569106
570 351 10 10 0.085196435
173 567 49 47 0.08471481
627 389 15 12 0.08427016
581 438 20 19 0.081926435
185 402 13 10 0.08115229
832 452 26 28 0.08071466
576 415 31 32 0.07836282
934 350 6 4 0.07807725
442 431 70 78 0.07711744
854 399 6 5 0.07503161
772 419 2 3 0.07328079
705 14 106 103 0.072280675
336 382 6 5 0.06979236
435 573 68 79 0.06835903
468 640 61 51 0.06620961
92 441 24 24 0.066077806
461 377 12 11 0.0659924
182 640 53 41 0.0646765
128 573 164 141 0.0630786
107 404 17 17 0.06278982
218 445 16 19 0.06270564
140 519 76 75 0.062131062
914 307 13 13 0.061987907
437 438 25 23 0.06053621
336 486 12 14 0.059765194
621 577 159 123 0.059492633
417 553 64 73 0.058684465
17 262 9 8 0.05840149
602 408 26 26 0.058129393
668 398 11 8 0.0559867
267 437 11 11 0.05574738
118 345 11 8 0.055279702
962 428 11 9 0.055019233
308 499 19 24 0.054869793
235 415 7 6 0.053901736
263 432 6 7 0.052723948
164 407 19 17 0.05173998
321 380 8 8 0.050777197
303 417 26 23 0.050053492
704 461 19 21 0.049428944
918 321 7 7 0.049100757
189 441 14 12 0.049075138
325 471 21 25 0.048131812
679 450 30 29 0.047590498
446 398 15 16 0.04734177
854 314 8 8 0.047126245
659 430 13 9 0.047000445
178 494 51 45 0.046920653
897 343 5 5 0.04679314
927 300 12 10 0.04552362
942 424 31 33 0.045066662
964 345 9 10 0.044892576
817 380 7 5 0.044764306
456 384 7 6 0.044619616
245 451 20 21 0.043468148
16 368 15 18 0.04323107
892 417 101 74 0.043197207
405 413 16 16 0.041289728
673 401 12 12 0.03987646
905 397 17 17 0.03954867
260 455 44 43 0.038327597
811 607 54 66 0.038069475
569 397 17 16 0.037952647
404 482 48 54 0.036909882
767 372 16 13 0.036849365
810 419 7 7 0.035799332
413 506 43 42 0.03548082
408 468 27 28 0.035334073
118 397 14 10 0.035322696
412 429 74 57 0.035297465
680 484 27 30 0.034964617
264 590 145 124 0.03422799
269 448 28 23 0.03377194
983 348 11 14 0.032674823
559 374 11 9 0.032429576
953 425 17 22 0.0323299
163 399 11 8 0.032284312
21 259 11 12 0.031663988
318 406 19 18 0.03113935
286 621 69 65 0.031137338
563 436 30 33 0.030664567
309 382 5 4 0.030534368
596 481 18 18 0.030175826
592 350 15 8 0.02993252
926 405 34 30 0.02829593
28 490 25 31 0.028063959
753 453 8 12 0.02747475
209 432 35 34 0.027260877
779 381 7 5 0.027187888
160 434 17 17 0.026762405
886 529 74 68 0.02660754
123 121 176 137 0.025599144
835 452 16 15 0.02546448
605 419 22 26 0.02535607
998 404 9 8 0.025015179
810 404 5 3 0.024709387
126 431 22 21 0.024349207
752 403 13 13 0.024294525
480 379 26 28 0.023912186
657 5 117 113 0.02353186
715 380 9 6 0.023148144
127 398 51 52 0.022852931
679 361 19 15 0.022784347
6 121 192 160 0.022246553
414 530 35 36 0.022200769
182 427 9 8 0.022000508
138 591 78 72 0.02179758
303 459 26 24 0.02143455
704 469 79 78 0.021117067
699 404 6 5 0.021034414
416 326 9 7 0.020809872
254 371 13 13 0.020778142
583 167 23 17 0.020772783
717 33 67 60 0.02056034
428 440 10 11 0.020230897
52 377 8 7 0.020224905
