8_Election_Campain_Election_Campaign_8_347
21
745 162 38 38 0.7207956
206 123 44 51 0.720447
18 571 18 19 0.49817064
1009 575 11 12 0.2898031
923 587 15 15 0.28827554
914 581 20 17 0.23131242
850 572 18 17 0.22857173
955 579 25 25 0.21875672
472 582 15 14 0.20326811
161 561 17 18 0.19500999
222 140 14 18 0.08300509
28 565 29 35 0.06945534
753 168 22 26 0.0592399
888 580 17 16 0.047310058
406 581 15 16 0.04189198
88 277 140 120 0.039886143
1005 560 24 29 0.039114065
979 578 15 16 0.03623757
752 636 79 91 0.03428918
38 658 13 14 0.028681433
771 662 44 59 0.024815273
