8_Election_Campain_Election_Campaign_8_452
35
782 325 96 96 0.7934635
966 390 60 73 0.7297549
417 384 64 70 0.711566
644 295 75 68 0.657561
72 449 43 45 0.652471
364 408 41 45 0.5975534
592 350 40 40 0.4197895
156 456 35 35 0.2874315
511 386 45 46 0.24999094
397 367 103 108 0.23754556
6 420 25 29 0.22815774
437 515 130 107 0.11987044
698 354 33 35 0.10437944
776 289 70 76 0.09008141
753 301 77 60 0.08842374
235 432 35 31 0.08832764
736 348 50 53 0.0691764
709 552 30 27 0.05855436
795 325 50 75 0.05532542
522 390 23 31 0.048723605
287 305 16 17 0.043494176
332 406 25 25 0.041769516
11 434 27 33 0.039603848
601 371 44 47 0.038780395
177 456 31 32 0.03237862
28 411 110 95 0.03180613
78 431 72 82 0.029527783
81 577 148 125 0.026210165
240 416 35 30 0.025965767
153 476 27 30 0.025896214
8 413 41 41 0.023822922
348 397 66 72 0.022978602
477 385 48 44 0.02218126
633 273 107 82 0.021755658
768 334 36 38 0.020771153
