23_Shoppers_Shoppers_23_243
24
37 389 30 31 0.42941904
100 404 22 20 0.4105467
560 416 33 30 0.35268065
31 393 18 21 0.21206562
160 425 16 14 0.08202502
578 423 19 19 0.07608193
457 550 10 10 0.056050174
247 414 13 13 0.052989885
461 442 16 14 0.05225291
236 416 15 14 0.04968059
480 499 14 12 0.037778564
420 -33 201 188 0.03579659
188 437 7 8 0.03314205
-1 390 11 13 0.030673184
423 126 157 144 0.02993042
150 426 17 18 0.027271941
468 503 9 10 0.02569912
738 424 15 15 0.025160667
627 159 152 134 0.025087086
175 438 12 11 0.025075043
44 412 18 17 0.024615794
764 447 11 12 0.021851141
746 432 21 24 0.021393247
41 74 189 167 0.020326661
