23_Shoppers_Shoppers_23_561
30
247 222 49 84 0.73355603
474 212 48 85 0.71506196
695 202 50 90 0.70042896
459 601 48 74 0.59561974
657 590 47 75 0.5824779
678 506 22 36 0.3006489
242 519 13 22 0.22858916
601 522 19 34 0.14732204
238 518 21 30 0.12270722
609 528 12 26 0.1022671
458 507 21 36 0.095475934
688 505 23 39 0.092163794
510 226 39 64 0.08880918
731 200 44 65 0.08546221
500 632 31 54 0.072142005
255 522 28 52 0.06663197
692 523 18 40 0.054898024
457 510 13 23 0.04866071
239 210 76 133 0.04684131
729 226 51 63 0.044430345
604 513 15 31 0.030294545
473 126 13 20 0.030077294
301 298 19 36 0.029916877
465 122 19 32 0.02939982
527 280 25 48 0.02763447
734 192 36 50 0.022963056
505 669 28 53 0.02250701
477 176 80 161 0.021329977
204 1044 216 285 0.020976825
761 721 105 191 0.020968303
