23_Shoppers_Shoppers_23_91
21
635 117 50 55 0.7208367
361 228 43 44 0.6222895
650 123 23 46 0.41626427
309 268 25 25 0.34408414
192 215 19 19 0.27287504
196 203 24 24 0.21511799
305 240 22 24 0.1545954
242 284 18 16 0.12511922
118 258 16 15 0.12170948
256 288 9 12 0.07709312
107 272 12 11 0.05278335
263 239 18 19 0.04091809
-3 195 20 26 0.039363846
122 263 10 12 0.037460834
206 283 13 13 0.03207541
274 254 13 13 0.031330045
210 282 11 11 0.030786626
119 271 9 11 0.030129787
318 263 28 32 0.029773
457 185 19 20 0.027634967
964 233 29 31 0.026564972
