23_Shoppers_Shoppers_23_10
36
468 335 27 27 0.7031237
63 391 35 37 0.68231785
284 317 28 30 0.6738785
630 296 41 38 0.5826566
773 321 25 26 0.5339705
992 334 25 26 0.50513583
889 325 22 23 0.315754
618 301 38 38 0.28857094
687 299 25 24 0.25748354
579 320 23 28 0.15504259
155 317 15 15 0.14886642
529 312 32 28 0.13999544
477 346 6 8 0.1304311
533 79 14 12 0.12257381
788 186 20 19 0.11662123
694 289 24 22 0.07637528
982 346 19 23 0.075198345
256 311 19 16 0.054909594
621 290 59 55 0.054203846
535 83 7 7 0.052708507
830 308 21 20 0.05016825
537 309 12 14 0.049092107
107 318 13 13 0.044762906
288 317 19 22 0.044703346
31 400 41 34 0.04367794
383 47 12 12 0.040427923
936 33 16 15 0.036523297
118 313 11 9 0.0354792
276 104 127 111 0.03357369
51 373 61 62 0.032177087
669 297 38 35 0.029112412
0 376 31 38 0.027193133
500 73 16 15 0.02636657
615 456 65 67 0.022257695
253 306 35 29 0.021654272
586 318 13 17 0.02110945
