23_Shoppers_Shoppers_23_364
21
582 178 104 124 0.8212211
276 218 73 81 0.81515354
454 225 65 75 0.7855142
294 227 41 60 0.23440509
71 375 58 56 0.13153094
614 187 58 83 0.07401462
88 387 24 23 0.07008634
585 198 67 84 0.06778826
503 207 43 59 0.061526164
12 250 16 16 0.04838144
308 220 45 72 0.04633614
233 199 166 155 0.04418714
557 161 175 181 0.037681
764 169 134 117 0.03382997
619 175 83 106 0.03148662
454 603 67 86 0.030720472
182 287 202 206 0.025280783
464 79 184 185 0.024346545
695 235 26 35 0.022685485
211 84 113 93 0.021928923
738 418 225 220 0.021873545
