23_Shoppers_Shoppers_23_640
24
355 218 152 245 0.8093121
760 339 59 131 0.757875
13 315 75 145 0.7493155
631 284 71 135 0.68634
850 372 45 103 0.6713439
219 250 81 140 0.47207853
229 283 54 100 0.40645868
87 375 46 78 0.24479152
773 362 36 82 0.23334025
360 254 79 174 0.1816627
107 402 16 34 0.15379749
23 277 106 234 0.15201174
834 367 47 116 0.06627053
386 219 87 204 0.03304305
861 494 121 227 0.0318617
235 822 34 81 0.031035135
-40 1287 207 345 0.030215556
829 372 78 136 0.030116014
533 196 160 291 0.026800966
606 253 119 213 0.025672197
438 244 78 193 0.023467574
10 336 49 113 0.022617733
224 153 151 324 0.02165494
186 330 50 86 0.02085626
