23_Shoppers_Shoppers_23_450
31
660 346 16 35 0.47450387
249 431 14 28 0.3931277
681 585 23 39 0.30825594
418 608 29 64 0.22999251
249 421 20 51 0.19633023
790 590 8 19 0.1512706
408 262 17 36 0.13423239
542 612 20 37 0.11514565
395 262 18 33 0.11126934
781 594 11 25 0.094969526
459 608 26 48 0.08689558
618 622 15 33 0.07656632
596 612 15 32 0.050608385
458 618 16 33 0.047877457
421 676 23 55 0.04696859
112 396 17 34 0.03845007
540 634 9 15 0.037414193
691 586 13 29 0.03547509
850 611 18 43 0.03274087
999 300 10 20 0.029659804
744 242 9 16 0.029486174
249 412 17 32 0.029353023
409 254 15 32 0.02715653
903 345 10 20 0.025924904
100 398 13 26 0.025693001
243 416 17 31 0.025417453
959 293 8 15 0.025287535
585 617 15 27 0.023488
602 236 10 19 0.022710513
688 593 9 16 0.021270355
332 260 11 25 0.020154936
