23_Shoppers_Shoppers_23_802
27
347 175 251 325 0.8566359
574 331 231 250 0.6954344
588 612 126 164 0.09276841
466 62 346 585 0.076126084
723 908 145 162 0.07031538
763 968 63 72 0.056762155
688 966 67 76 0.052506167
649 900 72 104 0.05008572
768 930 90 117 0.0481789
663 862 115 143 0.043264203
603 749 89 106 0.04063687
603 655 90 110 0.038332827
627 916 115 146 0.03816852
574 657 80 106 0.03045915
628 399 114 139 0.028165912
535 714 120 143 0.027109487
747 968 56 70 0.026547438
802 939 97 105 0.026511928
457 208 195 268 0.026438015
692 928 93 120 0.025450384
254 552 203 243 0.025116896
643 715 80 107 0.024645489
570 540 230 271 0.023644922
612 268 255 370 0.02363504
762 23 35 54 0.023500076
759 925 71 97 0.021316225
554 620 118 149 0.020148229
