23_Shoppers_Shoppers_23_459
52
655 517 19 21 0.22371364
655 524 16 20 0.20551579
112 114 12 13 0.20507333
803 118 15 14 0.15315613
117 118 9 7 0.10495697
595 551 14 13 0.0923518
648 527 14 14 0.07733766
758 128 8 9 0.07359952
515 526 13 15 0.06919393
47 119 12 12 0.06738838
21 98 14 16 0.06732486
593 525 20 19 0.06695046
6 744 26 29 0.064253
311 416 10 11 0.06304656
199 106 14 17 0.060818646
595 327 11 11 0.057294734
200 99 13 13 0.05726318
177 117 11 11 0.05358305
550 561 6 8 0.05100946
825 466 11 12 0.044151034
268 428 14 12 0.042639453
756 135 8 10 0.04248886
758 457 15 14 0.04084059
268 434 13 16 0.04027455
695 125 9 9 0.039762273
542 556 13 12 0.03902375
461 745 18 18 0.03875567
327 418 11 13 0.038094107
310 138 8 9 0.03777676
232 419 12 11 0.03619904
784 120 6 6 0.03444829
661 502 20 21 0.032481212
811 119 11 13 0.032020785
95 522 19 18 0.031862877
376 128 10 11 0.03185154
90 516 22 28 0.031778302
674 124 11 11 0.03159579
319 130 13 13 0.031173376
765 123 11 13 0.028185891
862 119 12 13 0.028094051
51 133 10 12 0.026915066
560 478 12 11 0.025306983
162 124 7 8 0.025266686
526 458 8 8 0.024877382
189 141 14 13 0.02484156
126 545 15 15 0.023942614
34 118 7 9 0.023721877
565 302 58 64 0.023531767
443 531 16 14 0.02309566
190 423 11 11 0.022108758
20 112 6 8 0.021869453
449 99 143 114 0.020695904
