23_Shoppers_Shoppers_23_571
20
877 367 103 119 0.74714357
348 479 26 24 0.35612777
355 486 13 13 0.23752315
852 550 20 23 0.12221641
427 256 152 141 0.06718073
914 375 78 100 0.039033953
23 593 12 16 0.036063913
52 642 12 14 0.035595063
355 474 29 30 0.0347309
479 304 47 43 0.033680484
51 623 11 10 0.031636372
80 618 9 9 0.028755033
265 566 18 20 0.02851406
835 319 144 157 0.026683083
727 532 27 35 0.026461516
497 504 158 142 0.026257994
840 370 98 106 0.026255772
51 628 7 11 0.022892332
359 483 17 19 0.0217646
910 548 21 18 0.021244952
