23_Shoppers_Shoppers_23_25
27
446 72 46 46 0.4362707
187 350 122 90 0.24349158
238 475 74 84 0.18393695
167 333 161 144 0.107702024
363 114 22 20 0.10561692
366 195 57 46 0.10346603
182 233 135 114 0.10174156
364 175 96 86 0.09749773
366 119 13 12 0.08989922
148 192 197 129 0.0799802
938 521 72 64 0.055955574
221 463 122 112 0.051842887
273 126 13 11 0.051813
233 515 69 58 0.040154513
609 161 25 20 0.039357044
11 148 12 17 0.036997564
438 41 30 24 0.033033583
656 221 23 21 0.032179322
789 173 93 77 0.03180756
297 225 77 66 0.031672526
204 400 122 101 0.031604927
897 41 50 43 0.030193739
214 248 67 64 0.029538523
268 138 12 10 0.027384933
277 133 11 11 0.026711812
612 187 108 75 0.026687099
433 56 77 78 0.02015803
