41_Swimming_Swimmer_41_704
33
359 280 117 137 0.6122362
509 112 111 108 0.5099928
319 231 193 184 0.45292908
734 41 92 142 0.45209166
496 261 88 82 0.4469192
644 129 76 95 0.43439794
28 346 200 208 0.3934473
580 83 48 47 0.36132625
167 415 124 106 0.3451512
676 177 52 56 0.34296843
726 123 72 89 0.34095493
98 372 187 167 0.32436267
442 246 104 115 0.20886466
477 215 118 124 0.1894269
578 145 60 68 0.15235744
378 257 144 128 0.12442645
682 185 38 36 0.102358535
695 107 123 99 0.10129871
130 424 122 115 0.09112409
763 507 22 18 0.07065042
190 453 77 55 0.062009726
382 313 128 99 0.060142282
503 132 46 57 0.053389665
272 269 158 199 0.035797875
665 160 49 70 0.03257403
558 156 64 54 0.032062918
315 291 112 101 0.02859656
666 148 80 64 0.027357677
296 138 99 81 0.025522148
522 159 88 90 0.024803875
369 109 159 126 0.022302182
490 273 63 59 0.021520656
-25 323 180 132 0.021037254
