41_Swimming_Swimmer_41_380
20
467 229 21 15 0.4895902
562 102 23 18 0.4861799
598 109 15 12 0.35795626
587 203 21 17 0.31092724
392 289 23 17 0.2747721
828 179 44 30 0.26866403
445 351 27 21 0.19348018
582 172 17 15 0.13891691
457 261 18 16 0.13454685
399 292 10 12 0.065522335
474 291 31 23 0.059479885
900 152 20 13 0.031971738
929 471 21 20 0.031001369
385 507 19 20 0.02502021
823 194 38 31 0.02363371
587 426 41 43 0.023126729
896 150 28 20 0.02258688
599 133 11 10 0.022361284
587 177 6 6 0.021315662
324 515 17 16 0.020053634
