41_Swimming_Swimmer_41_843
20
774 64 94 115 0.8174855
246 365 26 24 0.2208621
251 369 15 17 0.20741001
670 540 71 61 0.12293989
615 270 24 30 0.11429439
613 275 18 18 0.103764564
174 356 33 34 0.098510176
246 380 24 28 0.059860956
613 430 27 26 0.053081736
25 433 24 25 0.04470318
466 258 10 11 0.039004948
178 364 24 22 0.034720536
458 249 15 15 0.031736095
494 276 10 9 0.03143869
240 365 41 52 0.028941806
886 634 189 168 0.027693346
800 86 50 65 0.025436977
412 388 16 19 0.025426397
37 416 21 22 0.02333092
352 157 53 57 0.020612488
