41_Swimming_Swimming_41_822
19
297 702 27 28 0.6723022
193 731 33 36 0.6460183
199 740 22 23 0.46408668
515 391 29 30 0.433568
729 454 14 16 0.25306687
291 691 46 52 0.2398816
719 451 15 14 0.22508879
643 439 15 13 0.22093433
873 743 31 30 0.2180475
515 404 32 33 0.15921776
712 449 15 19 0.1280015
874 561 14 17 0.09944944
582 454 15 17 0.088121586
745 557 17 18 0.083224356
616 576 25 22 0.07412986
731 462 12 14 0.04467258
623 583 14 15 0.043556012
563 449 20 20 0.0333849
852 734 34 26 0.02177585
