41_Swimming_Swimming_41_521
26
367 231 86 102 0.2400972
353 252 77 105 0.14613315
465 651 31 30 0.11163032
476 657 17 20 0.10543754
562 348 74 96 0.0731736
751 385 21 22 0.06665804
761 388 19 20 0.06617306
749 625 19 21 0.048423458
430 65 147 148 0.0422959
626 385 119 126 0.041470565
522 336 87 115 0.039982133
567 370 78 109 0.038802102
541 652 42 39 0.03839591
387 253 55 59 0.034623325
119 416 28 37 0.032246254
355 280 51 57 0.031585183
399 663 24 23 0.03127175
894 45 16 15 0.029764967
216 685 26 26 0.026933497
137 418 39 53 0.025163632
745 615 32 43 0.024478648
798 586 69 78 0.02422405
335 281 49 61 0.024015825
702 587 81 99 0.021481615
885 576 82 91 0.021117896
893 556 133 131 0.020370856
