41_Swimming_Swimming_41_243
42
909 247 51 74 0.7053517
743 232 53 73 0.68048257
464 887 46 70 0.5951303
123 737 37 53 0.5210074
759 74 26 42 0.45896465
523 786 45 68 0.35165212
475 755 34 56 0.34611097
123 722 54 78 0.32339564
501 772 56 78 0.31004044
538 794 65 90 0.30012146
107 722 48 63 0.2855387
93 95 151 126 0.26968613
899 223 82 127 0.25375393
463 754 35 56 0.24754693
67 670 26 46 0.21661799
752 877 55 76 0.18787132
449 749 28 43 0.1858342
481 753 24 37 0.1642918
437 746 31 47 0.16277586
623 864 40 58 0.119281314
652 868 44 63 0.1124893
716 200 97 138 0.109531194
504 740 99 141 0.08651745
241 595 15 27 0.08326735
74 657 25 45 0.08187961
260 601 15 29 0.08080831
248 603 16 27 0.07827668
55 666 23 35 0.07408184
438 763 21 33 0.07349262
611 289 22 31 0.057245124
944 98 17 35 0.057182234
430 839 112 160 0.031985924
775 806 31 53 0.03141336
443 753 19 33 0.03020791
935 93 19 30 0.027735023
464 731 48 78 0.027631724
118 635 30 50 0.027576976
576 807 32 56 0.026581248
86 30 206 265 0.024980638
485 742 69 97 0.023364028
429 721 43 56 0.020867297
611 842 79 107 0.020007415
