41_Swimming_Swimmer_41_607
22
406 87 114 182 0.76780486
735 51 16 22 0.10688367
322 511 109 137 0.07412158
292 129 14 20 0.070887
673 61 9 13 0.05173528
244 96 37 48 0.045673735
740 58 9 12 0.04323646
228 117 11 15 0.034453597
1001 190 16 21 0.032818582
399 37 163 206 0.032526474
224 102 17 26 0.03231317
215 126 24 27 0.032312777
993 185 13 20 0.030750755
234 258 388 422 0.029613938
255 85 24 23 0.029435666
297 357 224 260 0.027788311
303 80 20 22 0.02483398
221 87 47 62 0.02199362
290 135 22 30 0.021984039
636 468 24 31 0.021464877
278 478 164 204 0.02118595
510 191 36 43 0.020397466
