41_Swimming_Swimming_41_699
26
746 309 61 66 0.7875104
384 307 63 66 0.7868474
430 237 51 61 0.7666848
68 376 62 74 0.68125194
791 261 39 46 0.6643902
230 323 70 78 0.64671934
547 212 70 72 0.60392165
423 219 75 97 0.43513548
126 305 49 59 0.353833
41 347 118 134 0.14742658
932 269 50 62 0.13563828
902 244 115 125 0.105514854
858 521 21 24 0.075491436
340 160 24 25 0.065200664
389 216 147 121 0.06312459
125 307 38 38 0.055878136
235 355 66 53 0.045414433
135 328 37 37 0.039195824
385 225 98 85 0.034008007
575 347 43 48 0.032890856
763 550 31 38 0.032683935
477 336 30 38 0.028667677
224 547 22 19 0.028599963
918 277 46 54 0.028441034
899 266 85 83 0.026045924
865 208 186 176 0.022627449
