46_Jockey_Jockey_46_444
29
486 334 34 43 0.7937152
860 344 41 47 0.76012206
344 332 36 45 0.75810134
92 346 48 49 0.74371934
312 147 40 44 0.7319179
216 335 40 42 0.7279917
406 165 39 42 0.7215961
609 136 47 47 0.71382904
810 135 36 41 0.70630825
218 139 30 35 0.70408994
519 156 33 35 0.6902292
666 365 37 42 0.6852229
705 148 46 48 0.65630734
818 142 23 27 0.62190676
616 142 31 35 0.546809
416 176 19 22 0.496622
326 325 68 58 0.26372573
676 374 17 23 0.19790226
223 145 19 23 0.19680807
725 162 9 12 0.19570108
495 346 16 18 0.16853818
871 354 18 28 0.16448489
324 157 15 22 0.13779351
724 159 15 20 0.08030285
594 155 28 34 0.030822847
712 411 168 152 0.022566052
515 128 76 90 0.020976782
507 151 63 56 0.020510893
503 186 27 26 0.020434428
