46_Jockey_Jockey_46_779
30
534 123 58 59 0.775139
925 208 28 27 0.49610525
640 300 64 61 0.49270314
994 197 26 31 0.24420165
790 208 21 23 0.21427637
931 111 50 59 0.16384818
948 122 37 33 0.11958341
578 269 24 24 0.10417854
812 207 23 20 0.094721295
65 115 148 148 0.0726293
837 144 20 17 0.067270085
861 586 156 133 0.058796793
-59 553 239 196 0.053719755
572 269 19 19 0.046112828
651 326 33 36 0.044634156
928 122 36 34 0.04398365
402 267 22 20 0.038326982
627 303 51 56 0.037793253
475 258 27 24 0.03723567
472 254 21 20 0.03420453
968 135 26 29 0.027839009
896 51 26 24 0.026267262
545 272 21 19 0.025708057
210 25 147 131 0.025678024
491 122 97 83 0.02393564
30 502 142 129 0.023467574
546 144 168 138 0.022274073
158 456 252 194 0.02161448
110 92 275 243 0.021545285
514 279 15 13 0.021086201
