46_Jockey_Jockey_46_933
21
215 149 120 167 0.8417382
637 123 138 176 0.80081713
411 125 153 173 0.6675759
273 182 80 89 0.11779573
162 112 211 203 0.072023146
270 206 50 63 0.05969366
240 242 72 75 0.046666533
897 115 91 89 0.034946598
620 155 100 118 0.03426078
957 257 44 49 0.03255722
460 160 110 102 0.03146488
607 91 226 219 0.030454105
182 589 204 180 0.029767066
538 7 329 272 0.027941154
191 180 83 91 0.027643744
71 419 198 276 0.02623928
732 591 126 151 0.024881605
255 147 159 159 0.0242613
383 127 136 120 0.023637898
908 152 139 143 0.021879572
196 143 109 117 0.020218717
