46_Jockey_Jockey_46_409
19
423 112 83 98 0.80451757
611 372 218 171 0.09781603
396 76 135 133 0.07151554
168 289 120 157 0.06360615
300 512 21 21 0.058878437
643 291 220 414 0.052119475
404 361 48 39 0.0390626
443 130 75 66 0.034011297
859 14 202 157 0.031982433
24 460 117 95 0.030803831
718 224 240 488 0.030756019
757 191 206 261 0.02732543
59 138 64 47 0.024518367
124 235 211 241 0.024483053
420 131 65 66 0.022007799
901 54 125 101 0.021802202
848 233 103 103 0.021586718
912 597 130 113 0.020813989
85 505 107 99 0.020529155
