46_Jockey_Jockey_46_569
79
861 130 52 49 0.69243944
320 210 23 19 0.61341876
256 143 86 72 0.5884193
280 161 43 35 0.54963857
688 23 60 48 0.5296342
219 135 30 23 0.49058667
178 128 26 22 0.46989432
445 127 40 32 0.46049848
241 206 29 20 0.44386622
838 176 26 21 0.4321162
723 138 26 23 0.37507883
691 34 39 33 0.36251512
315 132 26 17 0.35128665
317 133 13 10 0.302364
690 9 52 44 0.287957
804 39 11 10 0.2746585
147 93 37 34 0.251626
843 180 16 15 0.24116841
602 12 10 8 0.24110666
807 41 12 9 0.21822788
430 121 64 52 0.20669588
703 131 20 16 0.1696509
407 134 19 14 0.15817194
213 129 172 118 0.15628208
249 211 19 19 0.15442033
521 8 15 11 0.14831185
611 14 14 10 0.12341222
405 137 21 17 0.11751606
677 12 83 69 0.11697776
832 106 107 90 0.11553487
395 210 22 18 0.09799878
189 221 21 18 0.090173565
666 25 13 11 0.09010923
377 137 6 4 0.08727002
815 121 16 13 0.08270786
393 176 23 19 0.08025757
461 2 18 11 0.07325531
774 31 16 14 0.072796345
262 139 22 18 0.07152674
676 24 15 14 0.06062131
520 9 9 8 0.05974664
766 111 19 15 0.055425122
139 70 60 55 0.055291496
868 152 41 29 0.05483385
700 123 20 16 0.054721307
469 161 35 38 0.054585814
757 106 27 19 0.050656065
422 289 121 72 0.050341517
556 46 20 16 0.047685523
287 177 29 21 0.045999587
714 139 26 17 0.04491497
775 35 14 8 0.04191451
258 153 46 44 0.0418008
463 131 41 44 0.03732017
254 169 39 28 0.036925808
506 174 27 28 0.03675887
779 39 12 11 0.03611
386 135 12 10 0.035624895
146 112 49 42 0.03430761
373 145 6 5 0.033762146
400 183 15 13 0.033108756
850 138 39 37 0.032564033
223 136 15 13 0.032106914
731 165 21 19 0.029924093
639 25 6 4 0.029809395
531 82 21 18 0.02938145
815 123 30 22 0.029203217
305 141 19 15 0.027154014
474 197 37 32 0.025773901
802 26 26 21 0.025738806
665 89 19 16 0.02472803
406 215 11 11 0.02418457
322 135 4 5 0.023676412
523 200 23 23 0.022373931
460 118 50 38 0.022031654
353 156 12 8 0.020846764
403 330 116 104 0.020806136
839 160 57 40 0.020743283
297 134 43 28 0.020239212
