46_Jockey_Jockey_46_909
70
451 416 49 54 0.7140452
501 289 35 33 0.7046149
493 565 59 59 0.6488007
908 284 22 22 0.57995135
643 191 16 15 0.49706393
271 180 20 19 0.4679793
691 178 24 22 0.45349377
651 248 23 22 0.3825576
783 181 20 22 0.35079512
646 195 8 8 0.3060711
370 550 38 38 0.28337494
740 180 13 12 0.2676291
735 266 28 24 0.26606315
767 198 17 16 0.26567954
200 581 59 58 0.2309689
696 188 6 7 0.22230367
747 270 17 16 0.21571453
474 192 16 14 0.20294593
758 181 53 41 0.20139381
594 106 14 14 0.1627345
314 190 15 14 0.13830125
529 156 11 11 0.13674366
642 250 23 21 0.12650515
518 544 65 63 0.12246701
-3 205 19 28 0.1173716
639 256 20 20 0.10965863
440 404 79 81 0.109546185
484 155 18 15 0.10845519
328 192 11 10 0.10284457
704 192 21 19 0.097466715
507 253 21 21 0.096100256
350 192 12 12 0.08484689
215 593 32 42 0.08364172
393 198 15 13 0.08176318
478 161 12 12 0.07809739
667 300 21 22 0.07445738
487 310 41 40 0.06802688
377 353 38 35 0.0641223
755 179 16 16 0.06352211
510 292 21 22 0.062780134
777 271 21 17 0.054094538
481 194 9 9 0.053685
707 201 15 14 0.05171548
582 358 33 33 0.049995348
530 158 8 7 0.04849576
917 277 20 18 0.048314337
497 327 16 18 0.047700033
314 187 13 10 0.045905296
403 198 14 13 0.041563626
607 151 9 9 0.04040444
332 184 14 14 0.038837064
408 643 34 35 0.03707563
510 257 14 15 0.03450672
727 335 22 20 0.03285037
442 396 56 50 0.032020785
549 159 6 6 0.031082675
788 188 8 10 0.02992064
489 286 38 43 0.028878544
233 538 35 30 0.027044725
396 185 12 10 0.024859812
684 181 12 15 0.024435874
317 542 43 39 0.023892032
394 442 44 42 0.023775866
354 186 14 11 0.023681069
512 193 27 24 0.023613852
378 423 72 72 0.022477968
618 161 10 9 0.022287225
857 110 15 14 0.021108806
261 194 13 11 0.021053644
399 214 19 17 0.020752443
