46_Jockey_Jockey_46_79
52
593 47 46 41 0.726561
317 245 56 53 0.6766591
388 242 56 58 0.65936583
426 175 47 44 0.6275611
559 96 34 31 0.56910074
655 19 47 48 0.54209477
182 403 45 42 0.52786887
307 300 41 41 0.49548274
425 230 38 39 0.46688694
669 12 33 30 0.38455015
579 40 72 60 0.37504017
392 257 39 36 0.32610333
243 381 47 49 0.30225176
433 237 19 21 0.29983968
445 144 35 34 0.2898554
665 -8 46 38 0.28161356
298 235 85 73 0.24579039
545 46 45 39 0.24201185
441 156 36 38 0.2204579
528 117 30 28 0.2005182
664 35 32 29 0.19729152
325 308 28 30 0.17756924
554 51 23 24 0.16865343
688 1 20 19 0.15861322
257 385 26 30 0.15154336
599 36 63 44 0.14919885
493 310 22 23 0.14675021
404 216 58 47 0.13735397
612 23 44 36 0.13253064
106 448 27 28 0.08430104
505 311 17 19 0.06424034
277 335 48 40 0.056745898
508 303 25 25 0.05443022
377 20 74 65 0.048724744
258 342 46 44 0.043481797
313 290 46 43 0.04034462
181 342 29 29 0.036179133
167 486 34 40 0.033474054
557 298 26 25 0.032153483
537 34 77 63 0.026848804
309 261 27 24 0.026326776
312 5 49 55 0.026239926
288 199 125 133 0.026193012
492 320 13 11 0.025133727
277 532 82 69 0.024821816
241 488 123 135 0.023669902
414 196 63 57 0.023506425
567 97 17 23 0.023179242
107 278 203 163 0.02210949
247 401 37 36 0.021189988
67 421 102 75 0.021035934
352 138 193 144 0.02045346
