40_Gymnastics_Gymnastics_40_891
73
479 386 30 35 0.74090207
603 485 34 35 0.7372333
387 481 32 35 0.7364034
737 501 29 34 0.7354064
669 283 30 34 0.7261568
515 477 41 45 0.7244543
577 319 34 38 0.7238604
261 282 29 34 0.72208524
761 411 30 34 0.7162939
320 297 30 33 0.7135619
675 491 35 36 0.7132712
378 288 32 36 0.7099319
761 331 30 33 0.69821715
454 307 23 29 0.696329
697 339 31 34 0.6952342
607 395 28 29 0.6887252
525 305 27 33 0.6832582
450 474 42 46 0.6813756
540 379 35 36 0.67187303
529 313 16 19 0.60898703
679 400 25 28 0.5868196
920 361 32 34 0.58099115
458 481 26 30 0.5764686
119 299 36 36 0.569367
69 301 34 45 0.5587889
185 309 28 34 0.53299934
54 293 62 62 0.52899045
873 349 42 42 0.4981471
927 366 21 26 0.48135796
826 340 29 30 0.43028873
190 316 18 22 0.38555726
389 300 8 12 0.3659847
840 351 26 24 0.33093393
766 337 18 23 0.32689434
530 492 10 14 0.24826223
826 339 21 18 0.24508172
701 347 14 17 0.17478077
93 302 38 38 0.164953
332 307 9 13 0.15733387
746 507 16 24 0.15146601
132 308 14 18 0.14763789
755 473 15 19 0.13834348
848 355 13 16 0.13833731
687 408 9 12 0.124720246
884 366 8 10 0.11310155
758 469 13 17 0.1065119
902 360 28 28 0.09768498
487 397 8 11 0.08736955
618 406 10 13 0.07662618
821 378 24 26 0.07320616
395 488 15 23 0.071546905
668 390 15 19 0.0666601
467 490 8 10 0.061334867
272 293 7 13 0.06104157
396 492 9 13 0.057536677
690 402 18 26 0.053928193
204 293 157 139 0.05204393
826 351 20 18 0.050932292
883 361 14 15 0.04805509
689 497 15 23 0.045448627
843 343 10 10 0.043878965
713 394 13 16 0.04318226
785 302 22 27 0.040277038
677 292 17 17 0.03356945
3 323 161 162 0.03170776
489 392 12 21 0.02951441
311 316 128 122 0.027885713
685 500 14 17 0.027350873
932 375 15 18 0.02680124
193 321 12 13 0.022695566
556 390 13 17 0.022156747
769 469 13 16 0.022035444
398 330 61 69 0.021071743
