40_Gymnastics_Gymnastics_40_593
106
751 195 43 51 0.7827929
938 304 41 43 0.7758877
830 255 55 53 0.7660231
413 207 41 47 0.7608071
624 205 49 52 0.75348085
298 191 47 50 0.7478856
168 265 44 47 0.71199894
540 181 45 51 0.6818832
9 105 30 34 0.65752316
37 245 46 53 0.5580416
65 287 51 50 0.5571285
945 256 23 27 0.5443267
165 138 24 25 0.5334097
16 49 23 24 0.514309
105 115 28 29 0.4511286
157 27 19 21 0.4026596
68 226 30 34 0.3898124
977 212 31 36 0.37949407
218 251 37 38 0.37724295
523 168 78 80 0.375162
96 104 49 44 0.34258726
102 449 33 32 0.329393
857 188 25 28 0.29292902
98 39 29 34 0.26798135
-4 278 28 33 0.2675762
1002 30 26 32 0.2612564
848 265 26 32 0.2404911
136 227 34 42 0.23605582
865 195 18 16 0.19839124
76 469 25 28 0.18636452
90 53 12 14 0.17374949
920 183 22 23 0.17078798
932 187 11 13 0.16712742
998 30 19 20 0.16254713
84 175 24 27 0.16079165
13 218 34 36 0.15941156
227 187 26 26 0.13156126
337 155 33 32 0.12392505
142 237 23 28 0.12040972
949 122 14 15 0.11830017
23 263 26 31 0.11781922
473 179 50 51 0.11694136
107 43 13 15 0.10143868
963 198 64 64 0.09770884
84 183 25 34 0.097277686
235 189 15 20 0.09654633
14 214 21 27 0.09359658
100 42 15 15 0.0926862
231 36 21 18 0.09234501
910 31 18 13 0.089380644
410 193 61 78 0.08664641
27 46 31 30 0.084626265
508 28 17 20 0.08237659
249 307 25 29 0.08081193
218 233 37 36 0.07599762
410 63 25 26 0.0707083
840 23 19 15 0.06811464
237 306 34 38 0.06347076
767 6 21 18 0.0629462
80 61 15 12 0.061405722
839 35 20 22 0.059880536
167 459 20 19 0.058124784
48 235 32 32 0.057460237
456 206 35 41 0.05254573
848 371 22 25 0.051274262
153 54 20 21 0.050322983
314 17 26 20 0.047469568
548 82 32 39 0.046459828
698 3 16 15 0.04568992
831 41 42 37 0.04474673
633 33 18 18 0.042184714
557 192 20 31 0.04023136
1005 45 20 26 0.038238976
736 190 77 71 0.035916254
820 199 35 39 0.03474486
231 59 25 22 0.03421187
838 57 14 14 0.03334896
88 163 22 26 0.032063015
687 256 27 25 0.031654615
627 5 13 11 0.031266868
303 4 18 15 0.030875923
969 77 16 18 0.030547125
548 73 47 56 0.030299436
410 71 19 20 0.029775148
550 110 41 49 0.029622465
849 51 23 22 0.029337391
113 133 17 17 0.02913922
163 158 16 19 0.028788598
987 62 14 20 0.027836846
174 137 21 29 0.027033273
32 25 41 34 0.026657647
632 159 16 19 0.025678903
331 139 53 54 0.025620358
558 2 21 18 0.02558599
333 65 18 17 0.025559781
25 17 20 19 0.024744913
75 193 49 42 0.023488242
955 116 14 16 0.02242468
752 200 28 38 0.02236771
699 265 11 12 0.021422487
149 258 34 35 0.021173375
838 -5 28 25 0.02107058
829 198 14 16 0.020791093
566 23 19 20 0.020570481
227 129 21 22 0.02054227
3 23 32 37 0.020352481
