40_Gymnastics_Gymnastics_40_197
33
483 418 138 242 0.7800597
504 1526 42 67 0.3466671
116 841 27 57 0.29210642
304 1506 63 78 0.27755803
63 1505 35 69 0.24814285
839 1188 33 61 0.11339339
508 1540 29 43 0.11252834
514 990 82 174 0.09399091
809 1137 86 160 0.09134268
532 1038 43 82 0.08734824
614 1492 60 84 0.08444012
232 1113 88 143 0.082687795
203 586 164 338 0.07511405
614 1457 74 151 0.06878798
437 333 173 397 0.06339768
645 1497 57 80 0.06315937
108 816 48 112 0.054917127
299 1480 77 150 0.049426794
926 719 108 247 0.047630746
717 1278 64 120 0.043766864
321 1529 32 48 0.0357423
179 860 62 130 0.033496704
52 994 300 475 0.029825475
515 1018 57 116 0.028896227
195 1047 145 284 0.02788957
806 1097 118 240 0.027756492
132 465 82 173 0.027719833
228 1491 83 88 0.026392061
246 623 110 216 0.023680495
123 448 65 160 0.022781787
770 994 192 382 0.02254367
209 760 81 164 0.020682987
672 85 245 430 0.020528272
