40_Gymnastics_Gymnastics_40_920
27
398 177 61 68 0.8188902
740 124 85 91 0.8107069
259 176 60 62 0.7751871
119 164 71 73 0.71923137
568 148 77 86 0.6664278
485 172 58 73 0.58044446
137 174 32 44 0.28628823
455 171 101 85 0.24480572
576 160 50 64 0.09158866
934 494 15 16 0.04631615
379 187 97 72 0.043613885
406 202 26 27 0.043404322
126 185 37 34 0.04257395
262 -29 114 96 0.034813568
748 147 35 43 0.03356708
227 175 85 82 0.032818962
1 215 18 23 0.032022048
989 170 28 32 0.031496856
458 179 58 53 0.030797362
606 159 37 46 0.025551084
43 476 25 21 0.024686769
498 288 116 102 0.023851791
77 196 29 28 0.023193877
757 154 65 67 0.021217687
902 464 14 12 0.020979637
197 97 171 141 0.020384487
383 346 25 28 0.020361928
