40_Gymnastics_Gymnastics_40_668
64
502 202 81 96 0.7633984
186 72 104 119 0.7493217
876 213 83 92 0.743477
114 261 171 150 0.69921595
661 208 67 71 0.6788795
281 199 114 135 0.638126
381 181 99 119 0.55506825
411 196 63 90 0.18065584
987 492 41 63 0.14781962
98 200 260 234 0.14198026
9 37 24 23 0.13465776
676 224 70 57 0.10565961
406 196 116 111 0.08823892
57 57 13 13 0.08583995
87 60 11 11 0.08543898
740 240 25 24 0.08306819
21 41 16 17 0.07822872
527 223 49 56 0.07540748
67 100 21 25 0.07336233
577 182 152 140 0.07063194
421 179 166 146 0.06683136
12 427 48 59 0.06489324
39 303 162 151 0.05787606
744 33 19 18 0.056468572
412 76 42 48 0.050397314
699 34 17 14 0.050280537
74 97 8 8 0.04578122
880 36 16 14 0.043266032
272 156 278 245 0.043247364
553 56 16 13 0.042830512
188 195 229 198 0.042691756
798 260 54 65 0.042067662
757 39 10 10 0.039923843
784 56 9 8 0.038074955
142 91 140 135 0.03727378
3 89 13 16 0.03633359
911 52 13 13 0.03503431
784 59 8 8 0.034618862
17 284 236 212 0.034054745
-3 130 20 32 0.032468114
683 66 8 8 0.03085738
22 437 35 36 0.030842263
630 197 82 84 0.030341124
919 47 22 22 0.029380422
350 239 84 80 0.029068125
564 40 10 8 0.027991598
85 69 10 13 0.026908858
85 38 19 20 0.02684179
306 198 144 124 0.026756873
694 78 13 13 0.025764016
805 36 17 14 0.024296097
-35 220 342 314 0.023914706
25 68 12 19 0.023883408
799 214 177 157 0.02373978
886 246 64 71 0.023573313
673 41 9 6 0.023531318
920 45 12 12 0.022797799
595 37 9 7 0.022563469
487 37 12 10 0.02219188
417 77 29 33 0.021675315
107 88 11 13 0.02130911
265 156 95 98 0.020843683
688 38 8 8 0.020661078
437 85 17 18 0.020572884
