40_Gymnastics_Gymnastics_40_659
26
609 323 50 55 0.80250704
452 350 44 49 0.7818558
480 215 44 49 0.77967453
350 313 44 52 0.77696955
672 182 41 46 0.77392095
413 188 33 39 0.76395416
752 297 42 43 0.7633359
228 313 40 43 0.743284
285 193 30 38 0.72300243
408 483 55 58 0.71798295
563 159 38 50 0.7066775
484 224 31 32 0.68208116
493 230 14 20 0.6612324
770 312 9 14 0.61775726
362 324 23 31 0.46938866
291 204 13 18 0.43120125
242 325 14 18 0.35639697
400 466 81 94 0.19386877
578 179 10 12 0.19216795
465 365 17 19 0.18466789
421 196 15 22 0.16943231
465 359 22 32 0.075583145
579 175 12 19 0.07062071
425 200 8 10 0.039604183
157 504 175 156 0.03099337
318 308 82 78 0.02719686
