40_Gymnastics_Gymnastics_40_273
24
179 232 42 38 0.9959736466407776
370 232 51 44 0.9957309365272522
826 241 42 33 0.9933006763458252
489 61 30 37 0.9869588017463684
101 119 35 32 0.9867287278175354
822 61 35 34 0.9862875938415527
758 72 27 28 0.9827299118041992
663 251 48 42 0.9793054461479187
889 127 39 36 0.9791488647460938
304 130 37 32 0.9759746789932251
320 70 32 35 0.9666547775268555
149 72 27 29 0.9441881775856018
689 129 38 35 0.9426487684249878
592 127 35 34 0.9379655122756958
489 130 29 30 0.9298995733261108
487 269 34 32 0.9094675779342651
384 126 43 40 0.8989555239677429
673 74 29 29 0.889503538608551
230 59 33 42 0.8568981885910034
411 81 23 29 0.8567771315574646
800 133 22 21 0.8469711542129517
209 129 31 31 0.7064047455787659
193 132 33 30 0.6774011254310608
585 76 25 29 0.5681508183479309
