40_Gymnastics_Gymnastics_40_887
23
875 110 51 54 0.9970678687095642
97 151 49 49 0.9957869648933411
330 403 55 59 0.9955986738204956
129 401 67 61 0.9946877956390381
557 67 41 47 0.9942195415496826
805 276 55 49 0.9938440322875977
517 277 55 52 0.9900571703910828
682 43 48 54 0.9898549318313599
377 284 65 66 0.9877488017082214
357 147 50 56 0.9817312955856323
514 383 70 66 0.9784786701202393
660 277 56 55 0.9783851504325867
216 140 38 42 0.9766701459884644
748 106 35 38 0.9737809896469116
842 60 39 46 0.9599159955978394
191 86 35 48 0.951898992061615
623 141 48 42 0.9498462677001953
755 373 63 68 0.9402548670768738
481 139 46 56 0.9119950532913208
243 276 51 59 0.8916751742362976
102 271 50 68 0.8911309838294983
436 88 32 41 0.8658531904220581
316 78 42 44 0.843361496925354
