40_Gymnastics_Gymnastics_40_1043
19
780 406 28 31 0.7068839
955 410 21 26 0.62302893
550 415 24 24 0.6170782
947 407 34 33 0.55070007
340 420 28 31 0.50652367
880 433 14 16 0.37540305
879 423 21 24 0.3621062
549 484 20 23 0.25737432
394 566 27 30 0.21473673
884 429 12 14 0.19254269
559 475 14 16 0.14266738
550 476 23 23 0.07860659
382 550 54 65 0.07118534
71 664 21 25 0.05314501
713 543 15 19 0.04833631
366 421 21 23 0.043930594
851 449 10 10 0.026610894
526 563 11 13 0.02254542
571 457 14 13 0.022540035
