40_Gymnastics_Gymnastics_40_260
35
451 221 36 36 0.7331103
993 592 32 39 0.68087184
197 526 32 39 0.6461094
351 285 44 47 0.6051725
66 528 28 33 0.4908171
899 552 36 37 0.41674986
794 535 34 39 0.36702985
770 536 31 32 0.28182635
768 529 27 29 0.18960103
803 543 20 23 0.17641003
45 528 47 49 0.12788008
264 571 44 43 0.11096371
54 537 28 28 0.09967213
776 543 16 18 0.0975572
670 666 14 14 0.092935555
706 654 20 21 0.07327561
848 544 33 35 0.06811926
861 656 13 14 0.05917023
909 564 26 32 0.057274066
546 607 12 14 0.05400906
544 615 14 14 0.048081383
279 563 47 52 0.04804534
606 660 5 5 0.037910882
681 641 9 10 0.03320361
607 658 8 8 0.032558873
687 662 11 11 0.031329595
914 711 33 24 0.026904384
922 630 30 29 0.025093421
556 224 22 22 0.024904257
913 632 22 21 0.02418929
277 583 46 56 0.024014082
977 576 29 39 0.02383525
639 644 11 12 0.022733584
645 646 5 4 0.022668427
1003 601 16 22 0.022321144
