40_Gymnastics_Gymnastics_40_171
67
486 305 97 157 0.75895345
900 1308 20 36 0.35107666
-12 1126 48 90 0.33932203
819 1219 20 37 0.3208342
826 1225 12 26 0.30448806
51 1115 31 59 0.26036543
893 1294 35 60 0.26030725
-5 1151 30 66 0.24150348
702 1298 22 48 0.23089516
325 872 23 44 0.20715387
839 1091 22 44 0.19862272
634 987 27 50 0.19756353
0 1294 28 60 0.19503848
806 1191 18 40 0.17502843
198 828 22 51 0.17242303
766 1089 18 42 0.149873
250 879 29 47 0.14802125
752 1067 39 63 0.13830374
180 876 21 40 0.13169095
308 954 30 53 0.1301523
246 919 11 23 0.12668483
278 1189 12 27 0.115054384
240 915 22 41 0.1121047
812 870 31 62 0.1079734
611 1181 44 79 0.097389616
674 1285 19 38 0.087979235
768 846 23 39 0.087419
320 979 10 18 0.08492954
370 866 19 39 0.08228604
377 1123 20 40 0.081153534
328 1186 13 30 0.07566157
697 1174 25 43 0.075087026
506 322 43 116 0.07094711
503 957 82 213 0.064782634
152 1148 22 37 0.056237664
433 1041 39 102 0.055498175
895 1319 27 46 0.052092873
165 1262 35 59 0.048490405
817 1207 31 63 0.04620083
312 1170 32 50 0.04598987
684 1365 37 61 0.04540666
912 1149 20 31 0.0390407
615 1212 35 57 0.037778642
101 950 73 132 0.037178896
128 976 13 27 0.03712364
687 862 29 48 0.036572557
238 890 23 40 0.03575453
692 1190 29 63 0.033225477
76 1085 16 31 0.032020684
737 1037 82 156 0.03113915
760 851 28 45 0.03070127
953 1163 24 43 0.030186787
689 1286 20 40 0.029171936
456 920 144 354 0.02847533
703 971 28 55 0.02805449
113 959 26 43 0.026715655
140 1139 38 65 0.026632184
496 364 57 101 0.02504274
780 1334 26 48 0.02394115
-18 775 96 171 0.023706095
223 3 119 221 0.022550723
145 889 14 25 0.022172004
797 1349 27 54 0.021966958
222 877 50 81 0.021277428
270 1169 29 62 0.020431498
73 1064 29 59 0.020350602
252 1135 22 42 0.020131284
