40_Gymnastics_Gymnastics_40_869
21
601 542 56 92 0.8081973
306 269 55 92 0.79529417
614 823 72 102 0.7829132
505 273 61 105 0.77739453
424 548 63 96 0.77460694
352 825 66 103 0.77071404
715 290 68 109 0.76316077
811 489 56 93 0.7580156
179 463 73 117 0.72510564
790 459 96 156 0.43390468
441 576 27 43 0.25516045
325 300 13 33 0.19069918
196 498 38 59 0.17558342
512 302 34 54 0.12751912
316 289 24 52 0.06137206
508 946 59 105 0.0436796
210 497 19 51 0.029847432
581 812 108 170 0.026511565
607 553 27 69 0.025775649
730 310 31 60 0.023313401
-39 327 133 237 0.020665273
