40_Gymnastics_Gymnastics_40_420
25
602 397 79 138 0.81034195
250 186 53 106 0.7524244
320 213 42 94 0.7351277
168 170 53 111 0.71340126
484 385 68 125 0.67398393
409 315 70 128 0.6562175
762 449 79 142 0.6361626
777 481 49 91 0.36332378
367 246 137 255 0.33162013
261 197 31 79 0.2526132
587 372 113 198 0.20281501
233 157 75 158 0.1819802
496 419 29 58 0.15017872
164 147 80 159 0.0948757
346 171 237 451 0.09330207
780 427 91 206 0.073993854
412 276 97 193 0.055096697
372 262 52 97 0.049158543
492 354 81 193 0.048514146
399 -15 204 340 0.044987652
31 234 23 61 0.030138385
587 376 63 164 0.02853064
472 371 50 103 0.028305193
404 252 161 297 0.027214596
242 -26 155 296 0.025226962
