36_Football_americanfootball_ball_36_38
23
365 22 70 73 0.7517408
712 80 73 68 0.69638073
527 61 42 41 0.47289047
915 113 27 24 0.2879647
956 96 25 23 0.24670586
154 109 24 24 0.21730794
163 117 16 17 0.09026488
922 119 18 16 0.06644659
510 307 62 54 0.054281786
506 329 57 39 0.040165763
909 98 38 39 0.03674503
162 513 123 106 0.032920696
521 80 38 43 0.030700346
880 104 50 49 0.028627917
339 217 110 89 0.027912475
537 50 41 35 0.02676104
428 2 34 36 0.0248682
440 56 63 60 0.023620091
29 265 140 116 0.022840412
541 335 25 22 0.022588829
432 9 27 22 0.02200384
371 15 73 54 0.021510998
8 103 81 73 0.021059887
