36_Football_americanfootball_ball_36_487
44
799 333 25 27 0.4650417
609 246 11 13 0.14855772
795 333 43 38 0.1354395
203 233 14 12 0.1242555
411 231 12 14 0.10718214
165 245 12 12 0.10169106
516 238 25 25 0.1005722
488 215 18 20 0.09413563
955 275 17 19 0.07656528
627 229 12 12 0.074023426
903 322 24 23 0.06629892
177 238 16 16 0.0643348
903 274 16 17 0.060989264
222 249 20 16 0.059051555
919 238 51 50 0.04877927
482 221 22 21 0.040137567
934 251 11 11 0.03963467
896 274 11 10 0.03844893
230 242 12 14 0.03838004
126 142 12 10 0.03582868
183 285 17 19 0.03550171
143 169 12 14 0.035435814
42 256 14 10 0.034902636
82 256 13 9 0.03487912
372 250 10 8 0.034764126
919 267 20 17 0.031331282
252 286 15 15 0.028975457
127 255 8 8 0.028573506
673 243 10 9 0.028433196
32 294 14 16 0.027563052
310 275 13 13 0.02731627
586 223 10 11 0.027157443
11 250 7 6 0.0260425
340 90 10 8 0.024348447
84 227 16 13 0.024229562
862 110 9 9 0.024174832
426 68 8 7 0.022600327
60 230 10 9 0.022527525
455 0 15 13 0.021876344
94 241 16 16 0.021401651
10 220 6 6 0.021223595
949 248 23 23 0.020683412
389 225 48 40 0.020446496
828 278 15 14 0.020272417
