36_Football_Football_36_157
256
655 248 27 33 0.631401
38 249 32 38 0.6043357
424 259 21 31 0.55803853
782 51 24 29 0.5545634
91 236 30 32 0.5479802
142 272 17 20 0.5322222
660 27 32 29 0.50657564
334 38 22 23 0.5063349
139 262 27 34 0.50439626
390 195 38 42 0.49435225
428 265 15 18 0.48351794
229 248 34 35 0.46755823
460 36 22 23 0.45594552
264 24 26 31 0.44106725
857 -3 24 26 0.43543032
906 218 29 35 0.43295917
961 132 23 27 0.4324304
741 218 27 34 0.42646658
414 3 20 24 0.4229996
233 79 21 25 0.40332296
475 118 31 27 0.39839137
194 1 24 24 0.39664578
787 178 20 23 0.38467446
619 251 15 16 0.37769687
605 244 22 25 0.37763858
160 202 25 26 0.37599987
305 255 25 28 0.37432092
888 125 21 21 0.35694999
630 179 31 34 0.35538852
754 120 15 18 0.35024813
342 179 17 18 0.35021213
821 112 22 24 0.3478987
421 3 14 18 0.34393516
614 76 21 27 0.34256533
299 216 19 23 0.34026656
511 179 15 17 0.3342759
582 187 20 22 0.31115103
964 232 23 30 0.31093016
544 26 19 23 0.31077102
615 35 25 32 0.30892164
816 8 21 25 0.29530194
52 130 18 20 0.2841045
842 56 27 28 0.28377217
233 257 21 23 0.28094405
700 144 24 25 0.27442828
89 95 26 28 0.26942897
2 192 8 9 0.26790622
596 144 25 27 0.26790065
96 241 21 21 0.25797787
406 53 29 27 0.25292012
403 138 37 34 0.25266227
438 182 18 19 0.24302143
260 335 45 54 0.2412116
953 95 23 22 0.23467883
77 204 12 13 0.23246257
631 312 35 42 0.23143056
847 49 17 22 0.23138042
349 6 11 15 0.23063284
518 57 17 19 0.22333294
490 6 20 21 0.21761653
885 178 10 11 0.21547356
94 108 10 11 0.21458797
343 142 15 16 0.2142206
648 5 7 8 0.2141756
932 11 14 17 0.21345383
339 24 18 22 0.21302728
676 21 22 22 0.21028541
826 116 10 10 0.20281287
444 170 15 18 0.20279916
437 353 22 25 0.2004169
469 90 25 27 0.19686145
227 174 21 22 0.1959329
909 223 19 24 0.19549964
113 206 16 15 0.19545245
487 87 19 23 0.1945637
146 150 23 18 0.19215024
545 21 17 16 0.18139027
889 91 15 20 0.18137547
769 155 10 9 0.17889935
315 86 18 21 0.17781271
755 5 20 19 0.17718866
789 122 8 9 0.1764862
533 83 23 21 0.17421436
186 189 13 14 0.17384653
601 78 22 24 0.17165792
150 27 18 21 0.17045338
585 14 10 11 0.16407363
435 220 22 22 0.16367249
584 90 8 9 0.16366945
800 243 42 54 0.1611373
998 90 21 25 0.15809439
631 194 22 25 0.14814362
499 248 19 23 0.1460066
763 226 28 34 0.14477442
751 0 19 20 0.14271124
160 140 25 29 0.14014018
469 234 35 42 0.13522202
900 28 17 18 0.13212693
489 357 16 19 0.13133718
787 244 24 26 0.12961012
468 22 23 24 0.1264449
166 187 28 29 0.12638594
597 153 17 18 0.12531868
521 179 19 23 0.124345854
-2 53 14 19 0.11814289
48 194 12 12 0.116569266
523 105 24 28 0.11656669
408 125 9 8 0.11620359
24 123 5 7 0.11151871
187 103 10 9 0.11106979
161 184 17 15 0.10834977
300 225 19 23 0.1072412
771 182 24 35 0.10718588
303 158 12 11 0.10663237
598 252 11 13 0.106494084
437 225 12 20 0.10577425
45 200 12 14 0.10303952
330 92 10 10 0.0998841
887 96 8 7 0.09849778
923 176 9 9 0.09831403
839 183 23 27 0.09829047
123 117 12 11 0.09725199
407 72 17 21 0.09344372
113 148 10 9 0.09308792
595 349 16 19 0.09296903
970 187 20 26 0.09288372
247 130 22 21 0.0914176
34 153 16 16 0.09034348
236 239 23 28 0.08997312
840 41 28 29 0.08932172
237 126 18 13 0.08806326
152 103 7 5 0.08569412
670 170 18 21 0.08502154
620 79 8 11 0.084885634
343 170 28 31 0.08436106
270 204 7 8 0.08413509
915 17 18 20 0.08242807
638 317 23 29 0.08220558
86 150 9 7 0.08130092
295 137 7 9 0.08113427
298 168 21 21 0.08074378
41 25 12 13 0.07870907
978 9 16 16 0.07802022
530 71 19 19 0.076393366
412 95 13 9 0.07578641
399 349 42 48 0.07528956
535 124 30 27 0.07392606
812 264 56 66 0.07372489
148 4 13 14 0.07067793
402 179 34 29 0.07065513
2 66 13 18 0.067523114
974 96 14 17 0.06511156
244 200 17 17 0.06505541
837 7 19 22 0.06491673
124 465 20 19 0.0644021
550 194 7 8 0.06338054
83 208 2 3 0.06256955
298 95 16 13 0.06236867
50 240 17 23 0.061732832
960 129 16 18 0.059916258
374 124 3 4 0.05981441
967 202 17 19 0.05925145
95 192 25 24 0.058896523
973 30 14 15 0.05843245
590 198 4 5 0.05814399
12 152 7 7 0.057920035
490 88 13 16 0.057256654
190 145 10 12 0.057050068
953 174 31 30 0.056402806
258 124 6 7 0.056131173
767 2 15 18 0.0555256
769 125 15 25 0.055013806
767 207 20 24 0.054931127
96 5 16 13 0.05469134
243 186 24 26 0.054285277
33 19 23 25 0.05224594
848 190 10 8 0.04969451
871 99 6 5 0.049680814
699 12 16 16 0.049218364
190 193 7 8 0.048297193
420 309 47 56 0.048079297
625 151 11 12 0.047472466
265 38 28 29 0.046259057
228 70 24 29 0.046141688
470 44 3 6 0.045926034
457 105 10 11 0.045439173
670 177 8 11 0.045042478
115 182 7 8 0.0449818
101 133 18 17 0.04497312
574 147 10 10 0.043313406
268 154 16 13 0.043268964
800 233 33 37 0.043223772
326 255 26 38 0.04305993
164 96 13 17 0.042262863
233 149 16 19 0.041480392
-23 175 62 69 0.041416064
464 354 17 24 0.040608317
558 117 13 13 0.040299263
855 156 12 13 0.039508574
271 2 21 24 0.039262768
314 190 30 31 0.038530767
758 189 13 17 0.037979484
523 152 7 8 0.036608487
667 3 14 16 0.036167584
350 135 6 5 0.035881806
99 180 9 9 0.035609424
99 124 4 4 0.034688875
1003 434 22 31 0.03460465
504 239 32 40 0.0345844
791 254 17 23 0.03314757
20 188 16 21 0.033124648
666 65 27 30 0.032858424
688 280 139 129 0.032796204
479 69 15 18 0.032737155
416 44 11 17 0.032383017
408 234 17 20 0.032305684
573 6 7 7 0.03131795
950 96 15 20 0.03127683
47 261 11 17 0.03127284
432 259 17 27 0.031024108
846 120 12 12 0.030891918
995 5 4 5 0.030264866
524 62 2 4 0.029954067
992 249 12 15 0.029848041
525 354 19 22 0.029329957
614 184 19 28 0.029105628
2 281 21 33 0.028842067
705 133 13 17 0.028786048
548 202 7 8 0.028407788
594 355 11 11 0.027836086
608 137 30 35 0.026607802
932 163 15 16 0.02651794
661 150 27 26 0.026470227
616 14 14 18 0.02515749
92 8 12 11 0.024894137
582 113 63 57 0.023582654
284 339 33 43 0.023488073
417 375 24 26 0.0234192
668 258 8 13 0.023292433
372 185 44 59 0.02312262
414 347 35 41 0.023053646
826 104 15 16 0.022976724
393 95 5 5 0.022969348
-26 559 111 125 0.022789437
431 316 22 26 0.022383878
519 364 12 13 0.022314133
27 130 18 23 0.02227836
432 270 9 9 0.021825828
611 145 13 17 0.021806417
564 91 12 10 0.020837309
530 43 7 8 0.02066959
42 14 19 17 0.020468526
416 304 31 43 0.020375088
395 178 64 68 0.020294465
47 255 17 26 0.020051569
754 154 9 12 0.02000996
