36_Football_Football_36_138
69
401 216 31 24 0.65403974
284 90 31 25 0.5844655
874 84 46 33 0.5660708
742 130 33 24 0.56501627
120 55 45 29 0.4757863
531 229 33 23 0.46955344
642 221 23 16 0.44333792
285 162 35 27 0.3725914
750 230 27 20 0.35970646
632 217 31 24 0.35034192
443 188 25 16 0.34572998
911 86 35 28 0.2977633
383 187 21 14 0.29632285
516 204 19 12 0.27555016
583 206 20 15 0.27464792
93 40 97 60 0.2673526
727 121 65 43 0.2558708
541 234 18 17 0.24733055
709 185 19 15 0.20315184
117 56 29 21 0.19082567
388 188 12 10 0.18042669
464 213 21 16 0.17645806
51 51 18 16 0.16607392
677 199 19 13 0.1600347
493 312 24 17 0.11575981
293 170 15 14 0.114936724
492 186 17 11 0.10736776
699 192 16 13 0.10668744
557 204 15 10 0.09399953
136 64 28 23 0.09278152
670 117 14 12 0.08794944
650 217 31 23 0.084936485
136 58 25 18 0.08479594
520 257 18 14 0.07990668
488 304 32 26 0.07075984
507 311 20 16 0.06930643
388 209 54 42 0.06906406
972 68 30 28 0.06888513
369 169 24 17 0.06775109
515 254 18 15 0.06409241
59 56 13 8 0.063360475
852 74 31 23 0.06252027
532 202 18 14 0.062009502
844 264 19 13 0.057833496
672 113 18 16 0.057814933
348 224 22 16 0.054999612
467 190 16 14 0.046639364
23 20 34 23 0.04593454
897 108 27 24 0.04019501
733 190 22 15 0.03811305
467 256 19 14 0.03748259
903 68 51 36 0.036644906
706 117 102 61 0.0328656
594 247 25 21 0.03183631
452 202 15 10 0.031705417
744 116 23 17 0.028793978
878 71 33 25 0.027551673
697 199 24 16 0.026004907
91 154 23 19 0.025984218
478 204 17 13 0.025421117
671 95 21 14 0.02521203
83 26 16 9 0.023891943
474 260 13 9 0.023799835
167 24 14 9 0.023374042
825 129 26 17 0.023048047
584 218 11 8 0.02268686
600 394 65 42 0.022032253
410 182 22 19 0.021729238
836 266 27 19 0.020872543
