36_Football_Football_36_80
19
749 292 37 35 0.7347809
597 173 27 29 0.6739423
836 195 40 38 0.6499651
187 232 30 27 0.4878369
100 224 25 22 0.19960971
92 220 26 26 0.10647585
847 209 24 24 0.06634436
616 333 19 22 0.06362206
607 183 7 9 0.059636287
665 371 26 27 0.056291543
112 228 20 18 0.051883534
921 216 29 32 0.040398404
872 313 24 29 0.036945987
198 235 9 16 0.031634107
736 276 54 50 0.025742717
96 239 20 18 0.025491562
610 324 29 25 0.025139453
45 248 16 17 0.02105775
824 282 91 85 0.02024377
