36_Football_americanfootball_ball_36_273
23
328 230 87 78 0.43269038
348 247 50 61 0.19145115
276 377 62 67 0.09806566
294 373 37 54 0.08680841
614 554 251 249 0.07400033
395 579 254 227 0.05311813
951 246 31 40 0.04644175
484 575 255 235 0.04490376
382 613 166 160 0.03809997
613 -20 182 161 0.035660017
245 354 117 99 0.03284852
673 338 196 119 0.03239024
-35 623 163 165 0.02590159
-44 559 178 187 0.0244052
577 395 179 185 0.023243781
877 315 199 203 0.0223512
530 10 163 157 0.022294838
958 276 35 45 0.021722516
340 0 216 202 0.021037204
94 503 158 158 0.02103441
5 579 263 254 0.020614484
14 131 68 82 0.020505331
139 -33 253 272 0.020353394
