36_Football_americanfootball_ball_36_6
81
559 122 24 22 0.5530137
247 167 21 20 0.5465238
347 266 23 22 0.50787234
403 158 20 20 0.48532423
986 145 25 28 0.4837952
604 248 24 23 0.48330507
607 163 20 17 0.4660823
20 150 23 24 0.44555357
938 156 15 13 0.43131468
444 199 20 19 0.42821306
475 244 41 37 0.4237284
802 122 40 39 0.40482935
613 256 10 10 0.39009276
120 107 44 45 0.37406147
26 155 13 12 0.37234035
568 267 21 24 0.35236335
351 171 15 12 0.34532425
297 169 19 19 0.32237694
643 227 19 20 0.31379312
593 214 21 23 0.2986929
483 166 31 28 0.29746357
375 216 12 14 0.27365848
492 195 17 16 0.26167992
256 172 5 7 0.25098336
654 161 16 14 0.24864662
575 276 10 11 0.23872997
403 195 7 9 0.23353763
15 193 18 19 0.23123612
650 160 24 25 0.20493789
614 168 8 8 0.18902183
158 161 32 32 0.18808062
448 176 14 13 0.18627155
248 268 24 20 0.17421159
627 322 30 27 0.15168442
294 213 17 17 0.15153758
918 149 25 29 0.14630008
962 251 23 22 0.1443752
390 205 15 13 0.13521095
546 288 25 29 0.12859693
251 274 16 16 0.12203902
610 219 20 19 0.1188227
761 141 38 30 0.111065574
803 142 26 22 0.098353565
837 146 27 29 0.09719026
462 197 22 20 0.090180434
706 167 22 24 0.079246834
266 219 20 17 0.078181766
712 153 21 18 0.07522303
638 330 12 14 0.06406687
879 159 9 10 0.06264116
465 173 17 16 0.060189556
544 207 20 18 0.06006582
551 228 8 7 0.05625042
812 217 38 36 0.054259248
630 165 13 13 0.051445764
647 249 31 30 0.04602132
129 99 46 37 0.045947254
867 159 13 11 0.0442653
119 166 30 35 0.038781248
151 172 26 24 0.036669314
185 169 13 14 0.033843707
672 160 15 15 0.0338386
830 210 57 49 0.03255903
21 185 42 38 0.032158807
262 229 18 15 0.03159047
776 130 25 24 0.030321544
648 254 36 37 0.02945572
14 187 34 31 0.02751676
775 215 30 30 0.025810987
552 172 16 15 0.025464857
412 164 4 6 0.025398757
991 208 14 20 0.025155673
108 188 27 28 0.024862666
357 274 8 8 0.024734862
993 154 16 16 0.024404583
144 143 43 36 0.02228907
532 215 21 22 0.022018727
416 174 5 5 0.021497851
321 171 14 15 0.021257756
18 246 20 21 0.021032313
561 248 6 9 0.020809703
