36_Football_americanfootball_ball_36_81
30
471 41 54 51 0.78403956
167 67 65 58 0.760975
698 88 39 36 0.53137124
904 10 56 39 0.46010244
335 40 42 41 0.43304905
919 16 33 29 0.42128536
356 117 74 64 0.2893737
251 78 57 60 0.21746701
443 2 40 32 0.17922813
483 50 27 31 0.14395547
890 -12 96 82 0.06775214
558 208 36 31 0.056943003
551 209 54 46 0.0553719
817 -2 28 22 0.05468529
566 221 22 23 0.054365315
826 3 28 22 0.04597034
600 299 100 66 0.045179293
334 106 120 92 0.04001849
708 96 23 20 0.03195015
163 255 133 117 0.029101353
819 148 96 82 0.028823618
275 76 60 67 0.028476723
362 92 74 68 0.027461296
264 85 36 42 0.026677907
458 -2 52 30 0.025223607
555 198 85 48 0.025092654
903 456 13 14 0.02304532
459 81 157 124 0.02246579
909 496 25 22 0.021769462
562 212 67 48 0.021546302
