36_Football_americanfootball_ball_36_615
29
188 106 41 40 0.71350074
375 147 28 25 0.57105905
924 101 29 28 0.5011239
446 154 22 20 0.42161533
852 147 25 25 0.39189532
522 176 16 14 0.2050923
521 182 15 15 0.18061268
80 132 27 22 0.16309357
667 169 22 20 0.13903244
624 161 15 15 0.12760055
628 160 15 13 0.12056852
752 145 14 15 0.10138288
979 102 24 30 0.08118284
715 159 10 9 0.07319109
745 145 9 10 0.07125585
744 136 18 16 0.068754405
630 167 18 15 0.0680941
83 142 13 14 0.05660243
610 160 12 10 0.052390527
691 161 16 15 0.0516428
86 137 11 11 0.051032893
983 160 22 25 0.041763104
523 157 12 14 0.041519713
527 193 12 9 0.039749213
945 105 22 20 0.025387825
683 162 11 9 0.023475083
168 576 195 153 0.021189192
773 148 15 14 0.02021295
866 143 34 34 0.02017769
