36_Football_americanfootball_ball_36_257
64
69 233 75 80 0.81536067
628 140 54 58 0.7384602
863 165 97 99 0.71470195
90 170 69 65 0.70972544
501 216 36 38 0.69710803
431 201 58 61 0.6813495
376 194 53 49 0.6654044
505 223 27 25 0.6639928
295 197 42 41 0.6261921
990 157 34 46 0.55971104
513 228 11 15 0.4872865
59 180 41 43 0.39108306
285 181 62 63 0.3760239
87 178 42 46 0.29720977
770 203 46 49 0.2944078
982 260 33 34 0.2688593
632 155 43 34 0.26817146
74 154 100 97 0.26519397
617 133 92 78 0.2583545
389 198 35 35 0.23843889
95 253 31 39 0.21684061
781 199 62 69 0.2128838
749 233 39 39 0.118648075
0 191 20 27 0.10220296
794 217 32 37 0.09771135
89 233 36 67 0.09244513
398 211 18 22 0.082567036
994 270 18 18 0.08248109
959 191 33 54 0.081473894
436 220 38 30 0.08052027
9 187 25 38 0.07063624
784 138 172 149 0.07042739
305 211 22 23 0.06708873
527 46 14 14 0.06292608
36 403 164 133 0.059192397
44 48 37 36 0.056892667
187 184 26 33 0.05081856
-5 169 34 31 0.045084685
397 10 40 31 0.043839954
437 170 34 35 0.042624634
914 243 44 49 0.040333506
902 176 69 72 0.037163988
409 155 76 67 0.03664845
29 242 73 62 0.034899216
54 186 29 29 0.03287795
75 258 30 30 0.032287296
104 0 28 25 0.03162219
681 201 57 52 0.030748716
181 104 54 44 0.030292738
633 595 78 70 0.029312152
365 166 83 100 0.028954389
534 350 124 88 0.02881753
370 185 126 102 0.028274693
555 107 40 44 0.027034206
85 255 53 52 0.025192037
49 177 31 26 0.024673544
243 160 40 37 0.024629783
753 58 268 215 0.024214126
503 260 219 175 0.02335558
881 206 77 59 0.023083346
-3 203 28 40 0.023023816
791 215 45 66 0.022917852
73 172 35 37 0.021376682
466 150 105 99 0.020844372
