24_Soldier_Firing_Soldier_Firing_24_633
23
0 272 27 50 0.6648988
882 395 42 55 0.6447417
776 129 37 49 0.5357083
770 391 42 53 0.48162648
756 107 76 94 0.31736383
6 287 15 21 0.17565078
416 430 84 91 0.10589801
854 439 15 22 0.06704532
811 438 13 20 0.055602208
366 478 84 96 0.04748971
854 408 27 43 0.039936814
840 413 22 32 0.03889121
836 438 14 24 0.03444684
486 387 39 52 0.032862194
385 437 79 86 0.03281664
678 443 32 51 0.028871309
732 426 37 50 0.028753836
1004 38 14 21 0.028752604
957 8 14 16 0.025183741
895 407 16 23 0.023323366
878 148 20 28 0.023072923
844 416 47 59 0.022301583
55 274 201 239 0.020299563
