24_Soldier_Firing_Soldier_Firing_24_691
60
268 307 33 37 0.7353583
419 343 26 25 0.6856146
234 214 29 31 0.68202305
96 118 43 42 0.65202105
876 455 35 39 0.6490101
295 279 24 26 0.6476178
667 319 25 25 0.6237514
413 249 19 20 0.5741649
544 271 28 25 0.5589777
580 270 21 23 0.5566966
440 312 25 24 0.5505223
820 387 37 37 0.54197454
558 330 27 26 0.5213109
260 267 32 33 0.5187723
777 326 28 25 0.49556774
505 317 21 25 0.49203855
956 306 20 21 0.46946162
360 305 28 25 0.44730282
821 305 21 22 0.4405676
445 316 15 15 0.41202968
621 312 18 19 0.4060942
739 305 21 20 0.31053942
549 277 18 18 0.27501917
241 221 17 18 0.24528989
875 333 25 22 0.19239293
806 374 45 45 0.14920397
186 129 22 20 0.14091215
951 349 15 16 0.12880638
884 347 23 25 0.124139436
794 176 29 30 0.111394286
754 313 27 27 0.1100606
881 337 15 17 0.10510872
820 385 24 25 0.10080698
411 335 16 19 0.09884254
304 290 6 6 0.08815628
509 317 13 14 0.07061489
426 351 9 11 0.055487365
444 323 16 16 0.053154733
968 344 12 11 0.052206058
552 280 10 10 0.051887605
286 273 38 28 0.051201355
534 326 20 21 0.049390458
789 361 89 72 0.043552697
676 326 9 13 0.03703992
-65 187 184 166 0.036595397
90 121 29 40 0.034999862
960 531 61 83 0.034537155
80 406 104 78 0.033654332
475 410 132 124 0.03217596
444 373 192 173 0.028262699
498 321 21 21 0.026876947
261 288 51 42 0.025138548
925 438 72 68 0.02476344
562 302 10 12 0.024617348
804 181 16 16 0.024498051
434 425 37 35 0.023013994
561 259 36 48 0.022079147
429 257 36 31 0.021354264
720 278 110 88 0.02121174
945 515 134 113 0.02049236
