24_Soldier_Firing_Soldier_Firing_24_702
29
167 63 65 52 0.7900501
828 89 47 39 0.74983686
627 114 35 28 0.5605211
388 168 28 22 0.47568306
400 172 23 18 0.39707783
336 127 21 18 0.26821014
267 125 28 22 0.20600222
796 66 114 81 0.18281251
562 279 32 23 0.1646923
360 140 28 22 0.15674508
342 126 17 14 0.15106717
553 274 49 35 0.13478297
677 239 19 17 0.07980818
917 284 15 15 0.06205276
823 120 23 24 0.054145455
524 146 15 11 0.05178747
494 161 12 11 0.038365923
1002 117 17 22 0.03668601
527 163 13 9 0.03499248
497 164 8 6 0.034361433
309 172 98 63 0.030968552
387 169 16 14 0.027658882
667 237 38 26 0.026752727
672 269 36 28 0.0266763
828 77 67 56 0.02665446
602 86 95 56 0.026465435
12 150 248 164 0.022785557
276 134 13 13 0.021165105
84 370 67 46 0.020265957
