24_Soldier_Firing_Soldier_Firing_24_931
22
492 103 71 65 0.7441548
253 55 26 24 0.5959115
430 56 31 30 0.5780864
361 67 29 28 0.5275026
729 57 25 25 0.4415084
434 60 20 20 0.40328294
364 75 19 17 0.40172663
545 31 25 22 0.39827302
637 181 21 23 0.09659709
540 45 25 23 0.048782915
529 33 24 24 0.04659059
623 176 32 32 0.04378803
900 105 12 11 0.036495443
914 96 11 12 0.030988157
843 112 15 14 0.030856535
519 293 113 84 0.026011081
907 87 22 18 0.025521073
517 45 20 20 0.023871575
247 58 38 34 0.023175564
397 225 108 100 0.022155311
634 153 74 69 0.021466278
660 159 45 45 0.020979963
