24_Soldier_Firing_Soldier_Firing_24_368
26
402 315 115 87 0.38414076
-7 19 138 95 0.12381404
898 209 96 68 0.086948246
487 25 174 123 0.07723367
480 -1 118 75 0.06370484
246 211 106 82 0.05160924
14 41 70 48 0.050976764
438 -8 165 108 0.04980676
393 291 177 128 0.048581086
11 -18 175 131 0.04462426
117 179 224 147 0.037299212
194 204 142 96 0.036429588
848 474 188 132 0.036284737
652 1 102 72 0.03546862
921 141 76 56 0.03372162
755 61 118 72 0.033550784
306 -8 143 87 0.030200155
733 34 161 108 0.026843008
866 186 154 93 0.025965977
231 515 72 50 0.025700659
106 245 96 80 0.024586024
379 100 176 119 0.023436975
350 137 198 150 0.023150822
811 251 147 103 0.021801764
188 -10 190 132 0.021007821
780 256 105 73 0.020956956
