24_Soldier_Firing_Soldier_Firing_24_644
35
49 99 23 28 0.3633692
282 165 35 40 0.28737655
213 151 22 36 0.26144177
41 96 23 30 0.22937556
270 168 34 38 0.22838661
295 178 18 24 0.22699457
461 201 12 19 0.20937853
551 283 26 30 0.15655625
202 156 26 31 0.12311993
455 208 15 17 0.11168832
400 196 19 23 0.09694888
593 283 19 24 0.08512519
407 196 13 20 0.08263743
234 160 23 29 0.07863267
305 354 34 45 0.07175315
475 199 10 15 0.068706326
103 363 28 34 0.04703873
182 147 22 32 0.04037411
156 139 17 20 0.03674133
226 289 18 27 0.034814946
94 143 22 26 0.034422234
327 194 24 33 0.03317564
120 104 19 25 0.033036947
-48 -42 119 131 0.03150915
472 269 19 24 0.026302684
376 253 35 52 0.025939563
408 184 12 17 0.02476028
343 198 9 11 0.024639035
554 275 27 30 0.024611244
109 70 91 105 0.023904962
-2 361 24 31 0.023233823
184 363 27 37 0.022866614
152 107 17 23 0.022660792
305 257 23 34 0.021049997
313 353 40 48 0.020251596
