24_Soldier_Firing_Soldier_Firing_24_601
67
737 319 33 44 0.70079225
174 318 33 41 0.6904361
395 307 26 37 0.67374307
472 305 28 36 0.6561318
297 315 31 39 0.6322652
79 312 34 41 0.6254999
589 305 45 50 0.57533526
319 289 29 36 0.4966788
520 292 29 40 0.414934
677 502 23 28 0.40838784
26 467 33 48 0.39705357
837 305 42 46 0.3241484
867 301 42 47 0.2980385
13 330 16 22 0.29744503
668 288 31 40 0.27875635
96 478 22 27 0.2772739
836 314 23 29 0.26835555
980 294 18 22 0.2682816
986 329 18 22 0.25224245
381 293 54 66 0.24012531
617 303 43 46 0.23474613
910 321 23 27 0.2335938
414 283 26 35 0.22552592
901 316 21 28 0.19956191
233 308 24 30 0.19912152
231 293 28 37 0.1983337
20 334 10 15 0.18567099
308 288 31 36 0.1683546
980 325 16 24 0.1651753
867 297 33 34 0.12096165
975 294 17 18 0.120606326
616 289 64 73 0.115849696
849 288 49 53 0.10425317
106 479 14 21 0.0946234
821 322 22 25 0.077898756
198 293 24 31 0.077755325
685 500 23 33 0.06964156
400 424 27 34 0.060298946
628 292 32 42 0.060018327
87 318 20 26 0.050149757
301 325 16 27 0.04121137
414 476 17 22 0.041149944
852 296 29 37 0.039957978
486 297 25 30 0.03890703
515 453 24 27 0.038344767
291 307 44 63 0.036510125
403 440 24 31 0.035983685
470 298 21 29 0.035481058
966 332 9 10 0.033418488
350 274 117 128 0.033325132
508 477 14 20 0.03309439
884 301 19 26 0.032188825
514 307 29 35 0.029349197
747 292 29 32 0.02807236
229 645 179 193 0.027999783
496 476 18 21 0.027515905
518 472 14 19 0.026924502
385 314 26 33 0.025081724
812 596 119 132 0.02429414
653 301 42 48 0.023732979
551 485 10 13 0.022522172
586 263 89 100 0.022249104
727 297 58 65 0.021256888
318 298 37 52 0.020863798
2 347 8 10 0.020758621
861 301 26 41 0.020642437
669 306 22 33 0.020262087
