24_Soldier_Firing_Soldier_Firing_24_431
19
210 124 83 85 0.76340103
234 147 47 51 0.22837766
851 219 24 20 0.21451116
99 311 76 68 0.0846073
878 594 95 60 0.07205706
306 253 68 51 0.06733814
449 399 16 14 0.032002278
95 296 108 98 0.030856544
170 80 129 111 0.02976214
194 135 65 56 0.02867189
863 98 46 37 0.02723088
714 473 13 11 0.026737027
176 96 66 64 0.026457187
841 465 38 26 0.025443483
417 395 21 16 0.02409704
617 17 98 75 0.021587575
282 227 111 92 0.02143457
956 410 18 14 0.020711474
909 619 42 31 0.020542677
