24_Soldier_Firing_Soldier_Firing_24_890
26
740 48 80 82 0.7776985
468 157 28 28 0.6934117
126 150 31 34 0.64789283
39 148 28 28 0.6172961
61 215 46 46 0.5860273
297 149 27 26 0.5570669
384 159 28 27 0.5311888
211 134 32 32 0.41874108
199 134 30 31 0.091921516
401 167 12 15 0.061863367
377 152 29 30 0.06089822
149 149 24 26 0.05851804
235 113 99 78 0.045936607
481 278 14 17 0.044783678
186 116 57 51 0.03485437
466 270 36 34 0.034508355
475 276 24 22 0.03275691
105 464 34 30 0.032004766
825 172 13 12 0.028294254
708 61 132 100 0.025965346
141 91 101 97 0.025190972
19 216 16 20 0.024087202
205 533 13 20 0.022751845
8 214 28 32 0.021927333
479 164 12 15 0.021610696
748 78 46 53 0.021280799
