24_Soldier_Firing_Soldier_Firing_24_67
20
479 214 77 81 0.7332169
443 303 37 38 0.10863872
436 296 28 31 0.09866648
354 269 35 33 0.07738759
362 282 30 32 0.06891639
487 223 47 64 0.046990484
183 500 129 105 0.042983428
369 279 15 14 0.042755313
521 215 74 65 0.03908104
476 1 93 85 0.03842496
117 150 113 75 0.03682651
980 179 25 25 0.033809602
42 204 113 93 0.031338
385 276 236 189 0.029674765
882 572 19 17 0.028436588
759 239 144 117 0.026607929
839 1 33 22 0.026214905
799 209 62 55 0.022067115
967 665 19 17 0.02087423
926 179 16 15 0.020501459
