24_Soldier_Firing_Soldier_Firing_24_315
20
287 250 105 94 0.5946353
270 78 33 31 0.5758007
304 265 69 62 0.5615099
155 27 60 55 0.493582
281 87 14 13 0.4447181
129 15 98 78 0.22679353
433 330 33 26 0.20866026
599 386 24 25 0.17473133
83 22 27 28 0.16365273
10 47 28 38 0.10050209
328 363 166 137 0.080277935
237 228 53 58 0.059621178
84 309 98 75 0.057114277
64 493 114 94 0.04602346
129 306 65 52 0.036930505
232 227 140 117 0.033706993
522 334 27 20 0.02530047
112 527 39 41 0.023373742
281 90 8 8 0.023347551
81 39 37 36 0.023025535
