24_Soldier_Firing_Soldier_Firing_24_15
25
495 195 112 172 0.7248485
574 278 226 264 0.28571877
76 980 159 269 0.08551605
97 1057 185 325 0.08164175
630 322 228 259 0.08118012
32 506 136 247 0.06652128
96 907 191 308 0.06570319
221 799 161 249 0.053138457
38 556 89 145 0.050223928
-8 740 178 316 0.049700722
85 1347 141 228 0.049107704
43 656 224 374 0.04077858
781 1153 214 348 0.034612592
46 1195 291 483 0.033072107
921 969 31 68 0.032910034
510 191 329 433 0.031550974
328 1261 202 354 0.026243825
5 573 224 385 0.02490348
69 1093 140 258 0.024640657
550 1116 86 160 0.023683451
144 1147 131 261 0.023629313
104 735 131 218 0.023609761
-36 1209 199 342 0.022002365
-30 722 156 249 0.021884017
40 930 160 259 0.020064114
