24_Soldier_Firing_Soldier_Firing_24_264
26
580 224 22 17 0.5910734
269 61 70 75 0.5798347
510 214 27 21 0.5667707
873 231 35 26 0.2819149
750 193 44 34 0.1798709
724 383 104 96 0.17601097
889 190 22 17 0.100697294
748 159 48 46 0.09752192
276 54 84 58 0.07136405
232 48 105 100 0.06210776
877 236 39 28 0.060002647
889 180 19 14 0.047850844
364 197 40 36 0.034551896
740 231 21 16 0.034147196
693 214 26 16 0.031015376
896 185 21 20 0.029714629
852 232 28 23 0.02874039
740 172 77 54 0.02652193
282 82 39 41 0.025043484
720 401 74 60 0.02393822
449 274 146 93 0.022995591
585 221 12 12 0.021896169
581 216 23 19 0.020775903
298 164 119 85 0.020544194
696 234 21 16 0.020318491
737 7 77 53 0.020189427
