24_Soldier_Firing_Soldier_Firing_24_703
22
233 51 80 89 0.78337103
480 0 72 80 0.78230554
346 53 72 88 0.75328183
647 50 48 58 0.6819052
320 29 135 142 0.2328523
523 105 63 74 0.18363844
246 64 46 55 0.07735845
347 237 93 83 0.06806871
294 163 237 205 0.03858476
27 592 186 162 0.031770576
134 216 187 178 0.030696206
821 210 96 81 0.029400038
266 69 61 64 0.02852332
642 46 77 79 0.028520834
562 187 96 101 0.0276224
653 121 101 99 0.027335953
734 473 200 182 0.026211107
196 635 72 75 0.025495898
733 256 119 127 0.025218911
92 258 91 70 0.023512106
316 52 61 85 0.021622868
315 188 154 156 0.020186309
