9_Press_Conference_Press_Conference_9_748
19
301 225 399 543 0.83777755
704 57 256 472 0.06615957
357 357 223 439 0.060735863
836 105 177 380 0.05827804
-74 377 241 455 0.040859316
769 254 196 364 0.03662031
299 1146 174 359 0.033672895
570 191 264 546 0.032551415
836 -29 283 534 0.03164338
679 37 124 233 0.03023259
-37 1263 235 431 0.02833286
733 359 236 377 0.027562965
447 254 219 420 0.024062559
890 -101 177 349 0.022710724
380 763 316 585 0.022606246
669 -27 179 366 0.022499144
-21 516 203 401 0.02227676
851 460 251 457 0.020996194
-69 67 532 1153 0.020418309
