9_Press_Conference_Press_Conference_9_66
22
203 181 91 73 0.77492094
889 270 70 70 0.61176604
436 288 70 67 0.26887286
635 136 31 22 0.24137776
866 265 114 86 0.15822615
763 400 30 29 0.14840725
643 169 19 16 0.12197487
221 199 50 42 0.0654157
457 307 48 40 0.055952586
202 279 54 42 0.048950966
842 497 51 37 0.0406593
402 338 50 48 0.03184325
349 313 162 93 0.030472513
262 330 88 69 0.030009387
648 163 26 24 0.028972086
122 268 68 61 0.028585453
642 131 42 33 0.028268633
773 289 88 56 0.027487384
650 139 26 21 0.026822995
150 78 30 23 0.02576238
769 157 24 17 0.024178416
197 267 100 65 0.02045948
