9_Press_Conference_Press_Conference_9_60
28
255 393 42 46 0.7511481
549 315 37 38 0.7474888
764 386 32 37 0.7397389
117 384 31 36 0.7300633
391 387 32 35 0.7267438
683 396 24 26 0.69938266
862 397 33 37 0.4810765
630 399 26 27 0.2664071
455 299 43 37 0.2582476
944 458 44 47 0.22951761
267 399 22 40 0.21631871
560 323 16 24 0.15481992
524 512 66 58 0.12254583
924 459 41 40 0.09951091
679 402 18 22 0.08596043
946 467 33 32 0.07182548
970 477 42 42 0.05226727
763 527 49 47 0.046696506
638 409 9 11 0.04637395
676 363 22 18 0.043098822
852 390 47 57 0.037705015
669 357 32 36 0.02918645
543 534 42 37 0.025925837
873 506 104 99 0.0258648
437 322 49 40 0.023261761
772 538 33 30 0.02227041
466 337 19 19 0.021303622
895 428 94 88 0.020297822
