9_Press_Conference_Press_Conference_9_424
24
496 64 145 240 0.8153857
58 330 94 149 0.77766305
793 518 37 61 0.15869787
95 831 47 65 0.09040767
831 655 69 97 0.068091854
804 655 126 164 0.066463195
135 471 111 154 0.061111666
141 717 51 72 0.05142513
768 536 126 140 0.04791472
743 423 73 102 0.042491425
800 627 103 144 0.04208449
655 542 95 120 0.033660028
811 598 47 61 0.033643126
686 304 108 156 0.03253894
694 359 128 164 0.032493755
761 558 71 94 0.030958824
768 569 98 149 0.027995152
82 399 185 303 0.023999218
60 283 84 128 0.023133531
32 259 143 249 0.022847608
480 363 126 188 0.022554038
604 521 161 207 0.022201234
698 339 54 87 0.02123563
92 795 120 144 0.02108249
