9_Press_Conference_Press_Conference_9_40
17
758 122 24 27 0.9913073182106018
321 174 17 18 0.9901139736175537
534 171 20 21 0.985879123210907
12 164 22 31 0.9671049118041992
455 162 18 19 0.963464617729187
700 151 38 37 0.9590867161750793
240 171 16 17 0.9588401913642883
916 160 29 27 0.9405805468559265
972 165 33 31 0.9268036484718323
114 182 18 20 0.913375735282898
47 222 23 31 0.8985729217529297
586 158 26 31 0.8688472509384155
202 176 15 21 0.8463807106018066
229 238 27 25 0.8420202136039734
373 169 18 20 0.8367875814437866
325 235 36 31 0.6325737237930298
358 233 35 31 0.5830609202384949
