9_Press_Conference_Press_Conference_9_31
77
294 441 36 34 0.5283914
180 370 31 33 0.5228995
152 423 38 39 0.50100034
389 444 43 40 0.5000405
584 384 30 27 0.49946034
434 202 24 22 0.4794335
930 365 22 21 0.4584521
184 431 44 41 0.45730948
605 433 40 36 0.4569766
265 373 25 28 0.42736685
37 278 33 35 0.41323543
183 377 23 21 0.4068794
657 386 22 19 0.3907135
333 383 25 22 0.31610325
978 356 19 18 0.30539107
75 365 33 29 0.23129839
177 431 28 30 0.23117122
933 368 14 14 0.22278194
818 379 16 15 0.21466565
797 441 29 28 0.21446952
7 415 32 34 0.19646251
66 407 30 32 0.19392228
958 437 20 20 0.18938147
744 386 19 17 0.17972548
966 493 34 34 0.17546277
22 315 7 8 0.16981988
64 419 25 26 0.15929832
402 385 23 22 0.14968894
749 377 23 20 0.14860372
29 296 20 21 0.14704064
170 382 35 30 0.13937585
868 638 85 47 0.11237172
950 217 14 16 0.10881157
986 360 14 17 0.105649605
812 443 18 20 0.1044157
160 426 24 21 0.0828538
44 281 19 20 0.07991977
336 491 39 43 0.07895854
25 356 27 27 0.07301702
1008 312 19 21 0.07151812
592 197 18 18 0.07112284
924 228 18 15 0.07040268
411 386 13 17 0.068917595
284 426 65 64 0.06378187
752 390 7 7 0.06124701
974 350 21 16 0.060131937
1008 307 15 21 0.058739845
976 499 17 18 0.058314025
750 381 14 13 0.05575331
19 308 13 14 0.053651612
75 486 30 31 0.05027429
24 433 18 20 0.0482673
409 377 19 19 0.04672462
62 374 37 38 0.04651299
74 434 19 19 0.044224642
988 356 10 11 0.042884294
59 330 55 46 0.041292887
795 484 29 36 0.039894737
106 371 24 24 0.03819896
872 505 35 34 0.036471393
820 385 17 16 0.036100194
852 441 21 17 0.035530865
881 514 20 17 0.03199628
169 365 48 44 0.02957756
582 429 63 55 0.028801085
892 394 12 13 0.027989574
-32 284 189 152 0.027970852
414 199 21 20 0.027174238
577 427 105 80 0.025166947
775 450 25 24 0.02443346
9 551 149 130 0.022689598
328 373 18 20 0.022088952
41 348 82 70 0.021250114
756 486 41 42 0.0207794
727 527 28 27 0.020638008
883 388 16 16 0.020519383
916 246 16 15 0.020139456
