9_Press_Conference_Press_Conference_9_397
21
869 145 48 50 0.7885722
86 93 53 55 0.78481925
206 137 44 41 0.7788252
353 107 48 52 0.7710316
624 118 46 48 0.7336617
478 123 49 49 0.6866576
715 156 38 45 0.6823245
789 169 39 36 0.56496626
219 146 22 22 0.26127377
100 99 24 42 0.11111681
680 289 23 22 0.09093256
771 163 62 50 0.051534653
876 157 34 30 0.043306876
186 229 51 43 0.041506875
93 113 29 21 0.03280297
827 278 46 38 0.02740387
466 100 75 62 0.023136001
200 117 58 52 0.022631936
413 354 26 30 0.022293387
106 323 68 74 0.021678355
818 258 61 62 0.021265779
