9_Press_Conference_Press_Conference_9_35
65
183 191 26 24 0.6881115
682 210 22 22 0.6533426
398 184 20 18 0.5948421
401 187 10 11 0.4734475
620 215 23 23 0.4115309
266 322 21 19 0.40215775
258 316 32 29 0.37130728
580 317 20 22 0.3498919
595 191 23 23 0.3478021
853 136 20 21 0.31964526
855 141 12 13 0.29705584
955 201 34 40 0.29626635
297 292 21 21 0.28567263
965 176 35 38 0.26788884
313 211 16 15 0.17870595
293 280 29 30 0.17132707
690 215 10 12 0.15433696
62 473 62 57 0.1510402
69 345 28 24 0.15103863
304 212 17 15 0.1465807
851 144 17 17 0.1337526
608 205 15 14 0.13342202
375 249 16 15 0.12915155
476 302 29 24 0.1251533
380 329 22 20 0.10452259
507 325 22 22 0.10225454
278 208 20 21 0.102189526
187 286 22 20 0.09919793
331 212 14 11 0.09533851
583 361 39 48 0.09022091
195 294 14 13 0.09017924
138 351 24 26 0.08752074
188 298 14 12 0.08340325
636 326 28 27 0.07924183
955 183 41 46 0.069951735
329 217 19 19 0.06444648
686 218 12 13 0.06052852
488 305 16 15 0.060179677
379 249 8 9 0.059088565
285 214 10 9 0.05868672
371 328 22 18 0.05841863
19 339 29 35 0.057124976
71 482 45 37 0.056583755
377 218 11 12 0.055026818
572 296 16 17 0.054033905
313 220 11 11 0.053755578
5 323 19 23 0.049845293
300 432 76 70 0.048908513
370 395 59 70 0.046696506
80 480 30 27 0.04641617
924 279 13 12 0.044195082
936 145 87 100 0.043212503
294 403 58 67 0.034646906
470 343 34 37 0.03400329
293 362 41 40 0.032548655
193 199 7 8 0.032487664
228 281 23 19 0.032014325
253 292 47 44 0.030066181
193 487 76 71 0.026834868
578 303 20 22 0.026536234
194 291 13 11 0.025638275
542 314 17 19 0.024188578
202 508 58 39 0.022754919
686 214 22 23 0.022483023
387 338 35 34 0.02010887
