9_Press_Conference_Press_Conference_9_655
16
310 208 17 19 0.9970226883888245
950 205 38 49 0.9902653098106384
76 208 23 22 0.9865668416023254
190 198 24 23 0.9846988320350647
794 247 42 48 0.9829437136650085
737 192 23 29 0.9810410141944885
474 191 19 22 0.940150260925293
391 201 22 27 0.9380719661712646
845 186 25 31 0.9135538935661316
542 188 29 34 0.9043657183647156
658 226 41 42 0.8311405777931213
668 216 28 44 0.7041046619415283
506 236 24 23 0.6577941179275513
588 217 22 33 0.6155508160591125
368 235 29 25 0.5315468311309814
542 171 38 43 0.5285999178886414
