28_Sports_Fan_Sports_Fan_28_751
32
15 153 46 56 0.76351285
520 233 72 74 0.7569023
184 125 64 68 0.630613
600 -50 205 202 0.4038394
859 466 70 74 0.35461867
83 172 25 30 0.29973462
931 48 33 33 0.21136077
28 164 19 35 0.20922093
501 222 113 95 0.08621416
818 444 134 129 0.08604262
636 470 103 115 0.08204847
916 25 61 78 0.071129955
364 312 35 42 0.06735648
145 5 25 23 0.059746914
204 126 34 60 0.04667521
117 9 26 24 0.046077456
477 308 120 156 0.039494358
181 50 40 38 0.038278084
306 51 28 28 0.036908355
707 -6 23 22 0.0366718
636 -29 135 138 0.036303215
311 244 29 35 0.03386161
395 352 55 66 0.03369225
654 488 60 91 0.02676322
811 430 91 92 0.026167803
399 381 46 59 0.025593847
649 494 110 120 0.025587792
790 432 64 81 0.024155732
181 159 53 58 0.021983387
591 443 155 167 0.021711431
149 110 86 107 0.021625768
436 78 169 174 0.020559052
