28_Sports_Fan_Sports_Fan_28_643
20
171 58 124 144 0.82059115
364 66 103 107 0.8059483
488 129 144 150 0.7867831
349 76 99 68 0.2619263
149 99 126 75 0.08727154
487 376 102 48 0.081733115
326 82 178 109 0.08160947
340 46 171 113 0.07272491
487 158 109 82 0.06495522
200 147 84 54 0.04101039
178 120 101 68 0.03435467
320 290 141 111 0.031382233
502 387 43 34 0.027787229
826 -9 121 38 0.027265176
691 194 34 23 0.025559518
506 426 140 98 0.024532482
514 223 91 58 0.023492135
190 297 81 62 0.023408378
304 258 228 137 0.02155662
931 431 135 88 0.021069039
