28_Sports_Fan_Sports_Fan_28_126
46
454 210 92 88 0.82500494
422 390 62 57 0.7903343
303 257 84 80 0.72248507
399 297 33 33 0.48935878
71 313 11 12 0.33759168
313 263 54 55 0.21275815
128 294 11 9 0.1255405
606 298 31 26 0.10648161
496 229 33 41 0.10305799
105 279 13 12 0.09871709
175 284 10 8 0.09655595
95 279 11 10 0.09199922
170 285 7 6 0.08673365
47 293 8 7 0.08110749
50 281 13 10 0.060897753
663 290 13 11 0.054841135
695 290 12 12 0.054467972
532 165 16 18 0.05280882
2 272 6 8 0.05059043
521 159 23 25 0.048757806
121 283 10 7 0.04664983
479 244 27 31 0.04183225
59 313 16 13 0.040259164
679 290 10 10 0.039836
962 301 12 8 0.039626416
39 297 8 11 0.037652627
447 224 50 55 0.037383936
847 299 8 7 0.03637048
191 280 13 9 0.03542782
998 303 14 12 0.033552308
86 305 13 9 0.032900013
420 365 123 110 0.032690167
161 295 6 6 0.028684817
836 298 6 5 0.027474977
424 492 86 62 0.026163254
321 287 48 40 0.023843901
487 227 54 63 0.022838434
272 281 13 12 0.02255036
463 160 12 12 0.02223475
404 213 87 74 0.022152614
345 182 170 135 0.02148581
344 257 46 62 0.021442138
540 162 24 27 0.020966752
973 298 9 9 0.020670107
411 395 49 52 0.020629007
926 306 4 4 0.020001434
