28_Sports_Fan_Sports_Fan_28_487
262
911 529 50 46 0.7776555
659 493 52 50 0.7638641
603 188 42 38 0.7603353
961 487 44 44 0.755233
510 439 39 36 0.7415603
817 495 51 43 0.73518765
615 92 47 42 0.7342223
327 66 39 37 0.7332743
158 147 43 37 0.72317207
547 506 45 40 0.7127355
879 311 36 35 0.7102861
814 278 48 41 0.70286256
9 219 44 40 0.69477355
871 169 39 35 0.69356656
990 108 36 34 0.68999356
970 287 35 34 0.6896872
404 586 46 40 0.6886097
668 11 38 33 0.6886078
953 212 38 36 0.68606275
935 147 42 36 0.6757662
607 317 52 43 0.67567164
101 268 54 48 0.6692624
570 345 38 38 0.6675343
129 449 37 35 0.66686845
544 567 51 48 0.66684616
151 275 45 39 0.6646021
258 549 56 56 0.66104144
665 159 35 31 0.6528227
331 553 45 41 0.6412101
345 0 31 31 0.63320833
210 111 38 37 0.6326657
414 263 38 38 0.632491
424 198 37 33 0.63046944
732 291 38 31 0.62332404
58 386 41 38 0.6171289
909 453 39 39 0.6162066
787 399 55 49 0.61522627
670 277 43 39 0.6129457
35 445 64 54 0.612772
751 0 40 29 0.6119856
819 567 37 34 0.60734844
772 75 55 53 0.596886
994 336 29 32 0.5943484
545 238 51 44 0.59386414
964 280 51 50 0.5877284
596 442 34 31 0.5796502
433 72 23 22 0.5785817
220 198 32 28 0.56799084
859 424 43 36 0.5679773
994 418 40 47 0.5667335
589 385 50 47 0.5632591
460 212 49 36 0.55306536
711 327 30 33 0.551474
469 39 31 27 0.5508197
661 80 40 38 0.5463828
459 511 46 43 0.5459334
136 228 41 39 0.54470813
168 502 40 34 0.5288468
618 327 30 24 0.52391577
-2 345 26 29 0.51491356
-6 460 43 38 0.5036004
894 0 33 22 0.48837417
726 596 32 27 0.48542017
665 146 51 45 0.48355737
46 370 68 73 0.47658247
740 247 29 25 0.46795708
941 474 84 68 0.46664622
965 351 35 37 0.46218765
531 10 39 30 0.4436865
850 155 80 60 0.44192505
789 0 51 37 0.4412041
488 264 21 17 0.43730077
182 398 33 29 0.4361678
659 4 57 47 0.43039098
926 338 100 72 0.427067
601 7 34 26 0.42097518
89 102 33 27 0.4202734
890 442 75 61 0.41854784
712 117 33 27 0.41667277
474 -3 25 16 0.41304627
162 525 43 39 0.40547627
785 221 47 37 0.40230206
608 535 49 40 0.39859855
866 253 18 16 0.39612222
738 578 38 31 0.36865872
889 268 31 25 0.36638433
38 98 33 33 0.35853043
924 535 22 35 0.35589236
412 34 34 32 0.3542289
536 237 42 38 0.34110227
650 263 80 68 0.33652955
815 554 59 63 0.33391678
467 265 38 43 0.3322238
1004 441 24 43 0.32908788
453 294 42 41 0.32860997
682 97 39 34 0.32803157
236 545 84 79 0.3233751
759 571 24 23 0.32192132
427 486 44 33 0.32132187
133 130 88 68 0.31639853
188 312 44 42 0.30614176
146 236 26 25 0.3006145
714 588 56 46 0.29723144
442 500 52 44 0.29247683
836 -9 52 40 0.28676683
462 292 29 29 0.26950058
712 316 47 42 0.26279107
413 38 23 20 0.25710237
498 542 153 105 0.2505074
767 191 43 39 0.24994923
992 -4 24 18 0.24462682
449 47 43 38 0.23985231
-9 331 44 44 0.23731858
51 121 31 35 0.23238192
869 426 22 34 0.2320589
853 435 43 35 0.23107259
492 383 48 42 0.22865768
139 21 36 33 0.22767444
323 581 48 38 0.22517884
573 374 86 65 0.20525505
340 72 17 26 0.20457186
997 465 28 28 0.20125654
738 562 49 43 0.19951773
24 455 43 39 0.19832483
821 233 39 33 0.19417423
153 1 43 31 0.19220647
504 389 23 29 0.18807536
212 18 19 22 0.179696
529 492 82 72 0.17968296
110 271 37 31 0.17870337
722 127 14 14 0.1722006
16 226 28 24 0.16326551
996 113 22 27 0.15769595
526 238 25 28 0.1503377
451 131 38 31 0.14369506
198 19 34 24 0.14016879
431 501 100 73 0.13968234
365 484 41 39 0.13872707
966 370 23 21 0.13414343
738 256 29 32 0.13282573
397 16 36 24 0.13185056
114 441 59 49 0.13136545
626 104 22 20 0.1306545
496 366 58 51 0.12837683
780 211 63 60 0.12379958
60 119 43 41 0.11134426
66 121 27 32 0.11032813
799 236 24 22 0.109772675
819 6 35 25 0.106614135
34 88 33 26 0.095822364
459 300 28 27 0.092146024
96 107 21 18 0.08844382
439 528 29 25 0.0849527
831 356 43 36 0.084604636
441 509 32 24 0.082891665
526 233 16 17 0.080767035
586 334 38 28 0.07906191
840 24 29 25 0.07902437
198 317 24 25 0.074789636
355 4 32 24 0.07434782
760 386 103 80 0.074101895
762 467 170 118 0.07354095
3 482 22 23 0.071869016
202 311 42 45 0.07057275
731 241 49 41 0.06966704
485 256 21 19 0.065976515
976 296 19 18 0.06299648
968 500 28 27 0.062509626
141 -12 70 62 0.06107312
406 -4 26 20 0.05995072
866 246 27 28 0.05921201
633 97 19 21 0.059210673
621 530 26 32 0.0591247
377 461 62 51 0.058020707
996 0 16 11 0.057530936
829 282 29 31 0.05677537
220 206 48 45 0.056533553
311 546 87 71 0.055491716
179 502 22 20 0.05429022
165 19 27 19 0.05420226
829 224 86 60 0.05382453
615 414 33 36 0.05285986
534 251 37 38 0.04900266
384 552 93 70 0.048783943
721 295 43 40 0.0485198
777 237 32 27 0.04782743
407 199 41 35 0.04731135
757 -14 108 76 0.047294695
593 416 31 40 0.046825077
468 205 34 31 0.046082404
723 119 18 20 0.0448573
912 428 25 24 0.043681227
787 87 27 23 0.042386986
600 13 23 22 0.04065113
686 286 26 24 0.040421028
164 283 21 22 0.040242106
114 -17 120 85 0.03999197
253 506 28 25 0.039658114
567 354 24 19 0.039207768
762 205 71 51 0.037946787
147 374 38 36 0.037398394
601 487 35 35 0.037147317
466 302 37 28 0.035469826
228 278 28 27 0.035322998
837 369 29 25 0.034793008
789 269 91 67 0.03442946
335 571 32 27 0.034380578
35 221 37 33 0.03418833
411 469 75 57 0.034162734
106 108 15 16 0.034114935
471 366 71 65 0.034056414
414 49 63 53 0.03397997
880 277 36 41 0.03382787
0 453 24 25 0.033550777
86 600 33 25 0.03307891
28 351 104 96 0.032979447
558 257 26 23 0.032687306
540 579 68 53 0.03260985
5 353 12 11 0.032158453
388 182 160 113 0.03173857
63 220 37 33 0.031666268
838 30 36 33 0.030674137
604 445 21 19 0.030627234
701 312 20 20 0.030139487
523 329 41 34 0.030073242
396 476 53 40 0.029715296
63 372 57 49 0.029691597
787 559 62 54 0.029341355
803 -7 49 48 0.028007537
836 417 75 64 0.027990662
198 99 62 43 0.027875276
142 514 69 55 0.026953932
232 371 41 42 0.02684298
948 341 60 49 0.02623646
117 279 29 32 0.026085682
441 40 31 30 0.025933124
4 441 121 82 0.025075119
600 225 22 24 0.02480494
9 57 32 35 0.024624912
2 464 23 21 0.024553344
581 420 64 43 0.024268301
806 555 46 42 0.024141507
861 242 40 41 0.023785252
810 318 30 33 0.023783926
241 100 65 51 0.023771567
734 49 90 70 0.023549035
931 457 59 55 0.023455335
447 280 46 37 0.02320598
52 393 28 29 0.022714226
151 591 53 41 0.02271401
536 523 40 45 0.022015128
772 387 56 64 0.021880114
416 66 28 27 0.021644995
541 337 27 18 0.020997675
406 593 23 28 0.020694314
311 559 56 53 0.02058969
345 -3 45 42 0.020526782
320 505 24 24 0.020522416
656 59 34 32 0.020348156
164 156 28 23 0.020249689
447 523 64 52 0.020236958
695 354 24 27 0.020156175
