28_Sports_Fan_Sports_Fan_28_244
29
956 290 26 31 0.31854007
935 282 17 21 0.21125877
891 314 30 34 0.20235258
320 67 49 54 0.1515349
594 136 19 21 0.13707033
400 99 40 47 0.08568533
905 286 33 39 0.08013288
796 266 41 42 0.07204692
761 224 102 112 0.058178462
380 80 65 87 0.0581251
1011 233 11 13 0.055221744
596 85 15 17 0.046002124
584 633 165 144 0.04263918
947 280 28 34 0.04036725
-18 575 201 179 0.028486077
352 203 48 45 0.02525936
411 508 71 66 0.024867952
876 138 14 18 0.024668075
451 109 101 99 0.024621172
876 269 32 33 0.02453629
162 127 23 26 0.02340369
533 84 15 18 0.023218602
389 68 63 61 0.022152474
377 459 142 139 0.021656226
424 501 85 82 0.021304693
22 334 10 15 0.021220407
369 48 81 93 0.02110908
615 87 22 25 0.0209033
217 620 134 120 0.020031556
