28_Sports_Fan_Sports_Fan_28_165
20
112 78 159 192 0.7603827
664 174 177 181 0.62045026
502 101 191 198 0.56578887
540 125 113 151 0.32459912
98 139 184 101 0.22309467
117 184 152 72 0.17127174
434 249 40 27 0.15109746
145 137 93 122 0.1288816
443 254 21 14 0.097474255
683 193 153 91 0.06396705
119 154 117 72 0.058660142
693 214 113 126 0.05254034
271 182 80 62 0.039765734
488 122 176 104 0.037490174
106 117 137 82 0.032338776
508 209 130 73 0.032124538
411 234 79 44 0.030231407
486 137 115 73 0.028994026
172 194 64 53 0.022035606
503 168 148 75 0.020639183
