28_Sports_Fan_Sports_Fan_28_7
152
878 1123 97 152 0.8110411
952 850 57 100 0.7458146
485 652 94 141 0.7436207
150 663 51 84 0.6737456
76 845 89 118 0.6390186
133 859 63 96 0.6254441
292 415 26 52 0.5377335
544 591 28 55 0.44134745
486 584 36 68 0.40655595
159 521 27 54 0.40646
590 631 26 44 0.34869334
655 574 23 45 0.31254318
552 603 24 40 0.30559918
24 299 18 33 0.28540832
495 595 23 44 0.2706064
117 363 17 30 0.26614407
217 666 21 43 0.25571728
285 891 56 124 0.2536961
170 536 27 46 0.24416804
597 608 35 58 0.23555127
988 673 23 42 0.23398593
307 651 44 86 0.23281445
196 556 29 47 0.23150003
842 546 19 33 0.20855692
107 344 30 46 0.20800057
256 345 29 45 0.20748252
188 398 26 46 0.19375883
800 1224 84 115 0.19255789
809 412 19 34 0.18937376
7 562 27 57 0.18619421
926 823 109 168 0.18322751
71 620 17 37 0.17555173
197 308 13 24 0.16309574
-1 870 30 69 0.15991771
998 582 17 33 0.14534293
936 700 19 31 0.142511
702 538 23 39 0.14081523
309 630 43 73 0.14003994
120 566 19 31 0.13113888
27 300 11 20 0.12768398
834 536 18 30 0.12659319
709 544 21 40 0.11806257
705 106 14 25 0.11534363
821 540 20 36 0.11510559
784 402 18 30 0.11457951
29 584 20 44 0.11008426
118 573 16 35 0.10938521
994 955 37 87 0.107847445
76 723 24 44 0.10345797
863 349 12 25 0.09832342
393 579 36 68 0.094471216
426 677 39 81 0.092641234
36 532 22 48 0.09151843
219 353 15 24 0.088119976
926 689 25 49 0.08378132
91 8 15 25 0.081836194
529 658 40 122 0.08174502
3 202 14 24 0.07823503
777 387 18 34 0.07716619
642 576 25 40 0.076492086
402 669 38 70 0.0752286
89 204 17 28 0.06785938
888 485 15 28 0.066947676
846 420 12 18 0.066581205
974 301 5 10 0.06552477
105 377 28 45 0.06501586
69 792 42 78 0.06489694
664 49 9 14 0.06439702
206 626 52 91 0.06283596
172 779 35 69 0.06259342
808 261 11 18 0.060198348
295 389 23 45 0.05668462
916 641 25 44 0.056402277
295 365 18 31 0.055353165
182 308 14 29 0.05523758
610 523 14 24 0.054852024
287 531 35 67 0.054405678
14 1093 77 122 0.053642344
204 577 12 23 0.051983155
88 240 13 25 0.051935315
90 589 19 36 0.05175449
73 603 18 32 0.051694542
852 1048 114 228 0.05060281
61 622 17 31 0.04894895
31 296 18 39 0.048082855
96 538 23 39 0.048013218
397 550 27 44 0.047578473
879 230 4 7 0.047385722
160 683 27 42 0.04715351
993 592 17 43 0.047053855
300 428 14 33 0.045987364
829 808 21 42 0.04388955
821 415 19 32 0.043887697
254 396 15 32 0.042546332
880 402 17 21 0.0415598
743 530 13 23 0.04148193
830 1124 113 173 0.040338993
310 639 64 112 0.03803456
26 703 19 43 0.037807293
39 119 14 24 0.037194878
15 809 139 214 0.03715261
116 379 21 38 0.036146954
960 460 13 19 0.0344476
807 158 13 21 0.033394612
922 1131 61 148 0.03316876
538 648 65 143 0.03313184
1004 441 15 28 0.03274257
277 281 16 32 0.032705847
813 815 26 44 0.032534685
135 219 11 16 0.03249003
543 607 47 71 0.032416314
891 1132 42 110 0.031502333
785 256 24 42 0.03148437
849 1083 89 144 0.03148355
241 337 22 37 0.0297493
590 589 24 54 0.029645976
628 49 13 17 0.029138634
894 509 15 24 0.029033102
609 520 11 17 0.028857334
12 212 15 31 0.028532742
34 391 22 40 0.028260244
40 540 33 51 0.027671559
771 697 18 37 0.02767061
894 403 17 28 0.027459584
348 661 309 464 0.027069798
288 262 19 31 0.026791267
517 595 20 30 0.026658062
285 281 6 12 0.026652612
997 657 20 35 0.026291268
106 871 92 126 0.02571793
840 325 14 26 0.025224099
561 58 9 14 0.024682676
306 308 11 24 0.024431903
21 15 14 24 0.024190817
703 59 16 26 0.024099361
269 402 17 30 0.023581665
819 194 10 18 0.02343881
790 277 7 11 0.023209067
500 650 52 105 0.022973645
832 591 16 29 0.022795364
593 12 10 13 0.022526655
664 105 9 15 0.022466088
293 522 132 241 0.021681989
786 302 16 32 0.021352015
85 811 72 101 0.021350592
665 34 8 11 0.021039227
917 1147 35 93 0.020936586
301 289 14 24 0.02069701
280 402 45 65 0.020661421
200 359 12 20 0.020569045
425 150 190 305 0.020378124
841 310 10 21 0.02010332
