28_Sports_Fan_Sports_Fan_28_267
77
340 324 25 28 0.62179804
633 198 18 20 0.5168171
628 344 26 30 0.5159371
338 192 22 25 0.4992857
430 384 25 23 0.44685838
503 343 24 31 0.412229
404 197 21 22 0.38523877
421 247 13 14 0.38057616
539 198 21 20 0.36454248
617 346 26 27 0.34061074
314 219 19 23 0.3371865
628 281 19 23 0.31115606
331 280 8 11 0.3008208
314 274 16 17 0.28308824
464 201 16 16 0.23368049
357 230 10 10 0.21572398
365 264 9 10 0.1836825
538 216 16 16 0.18040171
665 244 20 22 0.15683997
680 195 22 20 0.15174393
546 201 12 14 0.147611
445 221 22 24 0.13813575
102 597 40 34 0.1368598
510 337 23 22 0.13543913
589 365 15 20 0.1291852
669 446 216 192 0.12457252
460 52 45 47 0.11170929
456 59 65 55 0.11098458
586 273 21 22 0.10906312
455 222 15 16 0.1041603
487 346 18 20 0.09694294
516 345 19 21 0.09269232
469 463 178 158 0.09051036
446 355 24 26 0.08741443
26 464 183 155 0.0855179
497 336 22 20 0.0708159
327 225 16 20 0.07074698
72 606 20 18 0.06794451
613 284 17 19 0.06483871
444 44 49 54 0.06341662
264 475 148 135 0.06114133
670 254 14 15 0.05701687
410 223 6 8 0.05661089
741 448 221 186 0.0563661
556 334 24 23 0.05213546
627 338 13 19 0.050956745
293 275 7 7 0.04941007
602 305 15 17 0.04568821
281 267 17 19 0.04440787
819 452 210 180 0.043009896
277 242 21 23 0.042638298
417 383 21 20 0.03974742
153 486 187 163 0.03970681
542 212 20 22 0.03886505
684 497 116 114 0.038861085
692 195 16 17 0.03704761
668 196 25 22 0.036933433
293 266 8 8 0.036706943
481 205 16 16 0.03634286
102 456 184 170 0.0328415
563 362 25 23 0.032791078
631 476 148 133 0.032012694
536 215 14 13 0.027909167
600 239 11 16 0.026793672
396 240 19 23 0.026363969
539 206 10 9 0.026121577
76 581 25 30 0.025924044
319 226 7 7 0.02303096
349 330 10 14 0.022672808
335 460 189 164 0.022394251
277 256 21 23 0.021904273
21 483 126 119 0.021752119
591 398 12 14 0.021574404
373 232 5 5 0.021330673
261 190 33 33 0.020766033
283 685 35 39 0.020319099
318 227 11 14 0.020233328
