14_Traffic_Traffic_14_834
47
925 466 24 24 0.13265157
587 373 10 10 0.13118069
855 344 15 13 0.11505853
840 378 11 10 0.104780264
151 350 9 8 0.094882935
150 355 6 6 0.08598646
72 324 25 22 0.08592092
784 408 14 13 0.07562665
431 132 19 18 0.072782926
819 349 10 9 0.069693826
594 117 13 13 0.06817337
372 173 31 27 0.06189231
845 389 17 16 0.05160645
601 348 9 7 0.05111633
794 352 6 5 0.050473705
792 479 15 17 0.04820764
465 341 6 6 0.04770027
698 409 11 11 0.047301255
87 325 12 13 0.044379998
20 354 6 5 0.04121574
786 412 14 13 0.04068388
712 352 6 5 0.040178753
829 399 16 14 0.039666448
167 217 17 16 0.036431078
631 349 8 6 0.03634431
795 477 13 13 0.035465878
48 353 10 8 0.033741884
304 348 6 6 0.033706434
951 462 22 20 0.031515867
961 342 9 9 0.030592328
244 350 6 5 0.030370647
257 348 8 8 0.029113943
545 324 9 9 0.027957845
378 348 9 6 0.026956163
767 464 22 18 0.02687144
584 399 11 12 0.026078295
479 342 6 6 0.02591833
388 344 8 7 0.025644483
953 342 7 6 0.025151545
118 223 10 9 0.023422306
857 206 18 17 0.022755131
122 354 5 4 0.022066927
708 450 13 15 0.021938317
553 323 8 7 0.02179901
701 411 17 16 0.021361489
265 354 4 3 0.021083996
181 219 18 16 0.020761171
