14_Traffic_Traffic_14_677
18
610 200 186 279 0.84620994
228 37 210 249 0.79532444
738 474 172 236 0.6909805
403 76 237 315 0.5286093
126 205 92 133 0.12276898
809 532 85 126 0.05319286
475 123 125 143 0.04776481
436 219 100 125 0.04698177
791 578 89 105 0.044022243
444 601 80 98 0.040472474
543 151 286 376 0.035536256
654 218 176 207 0.03515561
425 177 156 180 0.033758774
803 500 122 191 0.02917087
766 541 100 139 0.0270477
183 -20 307 350 0.024383713
816 226 143 193 0.024335783
336 664 19 25 0.022679815
