14_Traffic_Traffic_14_644
31
583 387 25 22 0.62878
643 163 16 18 0.6150093
519 157 18 18 0.5448405
652 96 18 17 0.53335387
402 152 21 20 0.49996787
333 103 18 17 0.48894528
799 149 18 16 0.43408144
353 22 14 15 0.3660487
438 30 15 17 0.33102372
339 147 17 16 0.2693498
790 143 16 16 0.24508865
791 148 11 11 0.102118194
588 391 16 15 0.09251445
445 152 20 19 0.0893186
645 167 10 12 0.07994954
456 157 13 12 0.06568555
374 16 13 12 0.057950567
466 85 13 13 0.048710454
516 163 20 20 0.040003672
646 98 19 16 0.038135774
372 26 12 12 0.033556636
492 242 12 10 0.03349557
1003 461 18 21 0.03070039
997 450 27 43 0.02575237
454 94 20 18 0.025684899
352 174 15 14 0.025455648
633 241 13 11 0.021107372
382 116 62 49 0.020687193
376 59 14 14 0.020586578
958 122 72 62 0.020307053
363 174 12 13 0.020160526
