14_Traffic_Traffic_14_728
21
298 81 52 51 0.76239437
0 103 33 41 0.58607733
889 76 36 37 0.5204223
726 91 19 22 0.41590676
867 138 24 24 0.39964655
864 131 34 36 0.3812867
890 88 26 28 0.26039737
0 643 20 22 0.14993638
1001 106 30 36 0.14293578
707 90 37 32 0.11024175
45 626 68 56 0.08601941
64 649 30 27 0.07506661
-7 94 65 65 0.05779616
718 72 39 46 0.051165767
413 233 149 107 0.039013308
122 137 25 23 0.030584553
132 145 8 8 0.021974694
1006 102 21 25 0.0208704
880 60 51 45 0.02086035
65 639 31 28 0.020275911
900 85 17 17 0.020106206
