14_Traffic_Traffic_14_840
173
20 289 35 28 0.7242912
483 268 50 43 0.6840082
698 276 41 33 0.62946695
49 254 35 29 0.60039186
614 297 19 17 0.57345206
917 274 37 30 0.5556696
279 280 33 29 0.5142078
700 238 34 31 0.50375354
599 287 39 29 0.49616146
374 289 47 35 0.47901624
807 292 28 21 0.45959958
271 274 51 39 0.45715204
711 284 19 18 0.44639707
95 166 20 15 0.44347444
146 287 30 25 0.442096
187 275 27 19 0.41197374
754 147 16 13 0.40846062
312 254 29 21 0.4025563
748 229 11 10 0.3936672
707 242 24 18 0.37685627
973 187 18 14 0.37498042
415 145 14 11 0.3642074
571 263 36 24 0.36072376
412 233 25 19 0.33295175
122 212 21 19 0.33238566
627 246 22 18 0.33078519
670 273 29 23 0.3197335
134 246 17 13 0.3164754
987 277 27 19 0.3063982
980 274 20 20 0.3033785
933 170 13 11 0.3015606
793 221 13 9 0.2796866
891 176 22 15 0.26995763
84 258 41 25 0.26590586
386 309 22 21 0.260711
773 276 26 23 0.2571121
975 188 11 10 0.23640315
689 276 31 29 0.23555589
344 147 15 11 0.2340666
47 154 17 15 0.22737367
53 204 15 12 0.21808206
27 218 10 7 0.21692461
822 281 30 25 0.20382324
612 243 33 29 0.20200853
494 186 12 12 0.19135404
467 266 81 53 0.19087964
805 184 22 15 0.17650294
6 201 10 9 0.17492154
856 274 18 15 0.17341788
627 218 16 11 0.17238607
524 223 14 11 0.16450435
875 202 17 12 0.15811844
117 269 84 52 0.15759149
124 218 14 11 0.14984372
229 208 13 11 0.14822958
403 187 14 10 0.14216678
576 211 9 6 0.13723996
28 212 26 22 0.13185567
185 179 19 14 0.13047123
500 273 35 32 0.12869087
661 189 14 8 0.12650356
532 235 22 17 0.12475909
171 279 26 23 0.12459627
707 220 12 10 0.12313358
43 160 18 15 0.12280162
402 237 21 18 0.11646207
964 276 18 15 0.113132276
220 260 17 16 0.112875655
268 244 17 13 0.108780935
844 258 30 22 0.107136875
111 252 21 19 0.10501435
759 186 21 13 0.10456116
507 371 28 19 0.10225168
529 236 10 8 0.09905094
97 264 16 15 0.09898616
804 277 36 32 0.09704142
998 202 15 13 0.09702644
913 173 14 12 0.09686789
246 248 24 20 0.09199473
195 261 29 23 0.091753624
344 149 9 7 0.09128681
532 159 6 5 0.08928694
896 171 15 11 0.08167674
480 243 13 11 0.07733322
438 243 29 19 0.07731434
493 162 11 10 0.07359097
457 242 19 16 0.07286271
669 184 16 13 0.07097325
997 226 9 8 0.069483936
737 183 27 18 0.06650648
147 246 17 15 0.06589358
535 163 14 11 0.06495666
293 217 11 8 0.06388727
999 213 11 12 0.06342794
703 200 4 3 0.06284304
981 247 17 18 0.05508315
748 241 20 15 0.052389152
168 251 19 15 0.05208236
772 191 10 7 0.05192656
961 262 28 18 0.051586255
561 266 35 28 0.050766256
105 259 29 22 0.04995516
314 208 13 10 0.049720377
593 208 9 6 0.04930993
185 211 21 17 0.048881616
693 204 11 8 0.046338785
604 238 27 19 0.04605559
204 226 15 11 0.044748105
864 201 6 5 0.043815643
512 362 24 19 0.043207612
274 287 27 25 0.04165099
104 169 13 13 0.041317776
613 210 15 12 0.040445622
262 252 35 24 0.040044103
395 260 23 18 0.03881156
894 260 66 50 0.038398582
314 208 7 5 0.03734743
245 208 13 11 0.03695173
481 148 13 11 0.036853906
319 181 12 10 0.03541038
846 263 19 16 0.03526577
30 204 15 16 0.03456927
374 248 10 10 0.03387795
631 206 6 5 0.03360501
709 190 11 7 0.032852944
605 160 9 6 0.032349966
581 268 16 14 0.032026503
177 485 102 71 0.03193513
635 478 177 129 0.031744342
486 176 13 12 0.030733712
99 278 24 21 0.029386548
638 250 10 11 0.029321745
232 168 15 10 0.029224666
840 201 14 11 0.028841056
378 272 29 26 0.028423041
747 263 17 17 0.028387476
764 219 18 14 0.027776089
268 205 8 5 0.027500141
618 282 26 20 0.027053729
523 152 12 9 0.026918825
716 484 41 33 0.026571726
211 235 30 21 0.026295193
729 463 13 10 0.026113026
889 251 16 13 0.025872713
191 231 31 24 0.025220558
465 153 6 4 0.025097674
388 315 16 13 0.024920888
440 501 132 81 0.0249142
388 209 14 11 0.024834095
274 216 20 12 0.024578562
49 151 16 12 0.024142226
343 208 11 7 0.024051867
827 198 11 9 0.023948105
60 264 16 13 0.023883149
631 253 16 13 0.023769455
543 214 17 15 0.023750804
533 149 12 10 0.023674972
855 238 27 19 0.023218928
633 190 10 6 0.023179837
484 219 14 11 0.022714116
944 242 62 42 0.022126893
685 499 109 84 0.022107365
276 436 90 73 0.021921566
754 478 192 126 0.021788009
526 207 14 10 0.021468781
800 447 285 189 0.021273725
612 170 13 9 0.020896368
535 467 84 73 0.020863561
313 187 11 7 0.020840608
744 238 9 7 0.020596277
942 269 32 32 0.020435324
770 461 16 10 0.020432897
195 145 15 12 0.02010891
