14_Traffic_Traffic_14_504
19
785 251 31 28 0.7034697
342 105 58 58 0.5621831
287 264 171 117 0.05697507
324 116 70 63 0.050880477
311 86 127 84 0.049739674
328 332 49 46 0.038274113
286 302 102 86 0.036427554
354 94 49 52 0.0360145
747 117 205 147 0.032371588
397 147 207 148 0.030886991
371 175 153 112 0.029032066
196 271 174 147 0.025899949
730 502 129 95 0.025329746
334 323 73 62 0.025316957
307 99 65 59 0.02346206
729 466 242 167 0.022839077
157 223 139 96 0.0224851
343 343 23 21 0.021988427
362 243 61 59 0.020132432
