14_Traffic_Traffic_14_380
61
306 236 76 86 0.6524144
716 235 42 47 0.6054651
762 114 28 29 0.593778
648 198 29 31 0.58985335
43 164 26 29 0.5276816
189 159 20 24 0.5136548
544 200 22 20 0.44575992
997 151 13 15 0.41606733
987 229 38 58 0.40150458
535 193 30 30 0.38972807
987 141 24 27 0.3731935
217 159 36 35 0.30546957
1 146 20 28 0.29599935
277 217 134 106 0.28925177
927 291 73 86 0.2516014
449 202 42 52 0.22808106
0 154 16 15 0.21354404
226 169 28 32 0.21055679
497 201 15 15 0.19423
885 302 72 88 0.16773686
240 203 15 16 0.1580714
624 180 63 62 0.15401228
892 204 54 53 0.15342408
640 192 44 43 0.13518892
458 168 13 17 0.11118206
110 168 20 24 0.1019575
395 181 39 38 0.10149606
807 210 47 55 0.08631911
807 181 30 39 0.08630294
687 205 101 102 0.079899386
642 186 23 32 0.075304784
470 185 25 27 0.07055337
118 130 7 7 0.066458486
934 307 57 53 0.060739942
933 137 20 24 0.060235627
112 174 13 15 0.05905735
385 208 47 59 0.05675604
663 216 23 25 0.05617646
458 186 19 22 0.055549618
525 193 23 23 0.053657793
523 213 24 27 0.050519798
267 223 78 90 0.050329357
117 134 9 11 0.048632402
708 231 60 67 0.043248415
228 203 41 53 0.042886753
471 213 19 21 0.041988026
430 225 50 53 0.040410884
265 173 77 69 0.0402279
896 271 59 87 0.039228193
935 142 13 13 0.038729314
510 216 40 36 0.03301836
908 304 67 63 0.029686073
398 202 46 54 0.027604738
410 192 21 19 0.026012493
1 160 12 14 0.025639497
992 152 22 31 0.024870284
306 15 91 57 0.024349993
775 126 4 7 0.023229929
407 143 17 20 0.021256328
456 269 48 55 0.020541357
955 192 91 100 0.0201424
