5_Car_Accident_Accident_5_668
20
883 242 17 17 0.35327798
986 266 26 22 0.27054724
913 229 22 21 0.25546086
1006 217 15 18 0.0952179
700 197 34 30 0.07282283
502 174 71 57 0.053269822
859 229 14 15 0.051454574
747 205 23 23 0.049788956
915 236 19 21 0.04932849
840 223 24 20 0.040270522
406 629 90 76 0.03826084
757 252 31 30 0.033450533
831 243 17 17 0.032071494
746 639 67 56 0.027931131
753 557 85 71 0.026358802
530 257 92 82 0.025423303
734 202 23 17 0.023299025
901 227 7 7 0.023251094
573 461 78 65 0.02212482
777 216 20 17 0.02169373
