5_Car_Accident_Accident_5_66
21
20 238 34 35 0.6505848
946 228 22 22 0.37420464
448 137 25 24 0.300477
675 202 36 38 0.20858023
479 139 27 27 0.16557552
947 52 52 37 0.08881443
387 192 33 28 0.0841411
398 194 30 31 0.080577575
462 139 17 18 0.07209381
236 226 30 32 0.057819158
2 148 16 19 0.034691963
96 145 43 48 0.03133705
245 226 38 34 0.029234745
384 139 21 19 0.02883801
102 160 19 17 0.02619204
973 53 51 42 0.02606601
400 137 16 16 0.025382314
128 149 14 14 0.024504242
934 30 87 88 0.021988686
-8 203 75 78 0.02145837
10 159 17 21 0.02118399
