5_Car_Accident_Accident_5_633
30
90 76 65 125 0.6400924
454 448 68 100 0.49678636
153 278 20 39 0.37984568
236 278 18 35 0.2846553
508 276 31 48 0.21202706
228 269 19 34 0.20644623
528 475 95 123 0.19816998
619 287 35 55 0.17694479
648 220 28 66 0.10014174
-2 673 14 33 0.08639002
667 280 19 38 0.07531435
997 452 22 48 0.07425361
558 511 66 92 0.06899252
497 414 85 121 0.062123522
22 0 155 229 0.059106924
851 322 15 25 0.04511749
68 105 76 103 0.043418538
83 95 46 79 0.042941667
559 271 17 26 0.042892445
634 244 25 51 0.03965909
548 264 27 45 0.03686945
149 260 32 54 0.03541083
910 306 13 21 0.034032736
968 577 37 113 0.030619856
601 286 30 46 0.029998679
112 72 46 85 0.023763828
1009 469 13 23 0.023745816
102 234 27 52 0.023330431
438 814 90 159 0.023130126
436 423 91 156 0.02118017
