5_Car_Accident_Accident_5_641
28
86 262 35 33 0.44698864
94 271 21 19 0.29486167
840 471 21 15 0.1869466
617 155 25 21 0.13392039
424 153 14 13 0.09537245
934 158 23 20 0.09463003
898 302 13 13 0.07851276
309 243 14 12 0.07249052
469 160 15 12 0.067686446
710 533 94 77 0.06636764
888 297 28 22 0.06133798
190 240 9 10 0.052968476
170 241 18 17 0.051621135
152 241 21 16 0.045583196
531 157 26 19 0.04027887
625 163 15 13 0.038018268
489 392 64 54 0.03653271
453 163 13 12 0.03458679
309 249 10 9 0.034449298
826 465 37 28 0.034084834
20 309 28 25 0.026816752
829 304 78 64 0.024901042
14 499 99 72 0.024300829
475 319 58 40 0.02319068
833 93 29 29 0.022618352
593 442 75 68 0.022551585
996 238 19 20 0.022394879
906 392 23 26 0.022317035
