5_Car_Accident_Car_Crash_5_451
20
686 156 21 24 0.5976021
624 133 23 22 0.13792852
686 147 28 27 0.10219592
318 139 14 13 0.08880833
318 144 7 7 0.08058445
470 237 24 24 0.07574208
786 136 11 12 0.06361335
562 194 26 24 0.061537117
260 269 29 21 0.055847373
691 153 13 18 0.05056373
528 234 24 23 0.04216102
72 352 44 43 0.037922174
744 715 35 29 0.033642337
664 401 118 114 0.030239146
332 142 10 10 0.029666763
127 398 76 58 0.02909881
376 138 10 11 0.026706668
372 137 12 12 0.026296599
684 162 14 17 0.022506688
817 143 8 9 0.0219588
