5_Car_Accident_Accident_5_340
37
197 234 23 23 0.73617786
981 38 31 29 0.6299367
99 211 31 28 0.61324286
162 206 20 18 0.534265
42 225 22 21 0.51352465
688 75 23 18 0.42356592
168 210 8 10 0.34625256
342 219 19 16 0.32093263
515 239 19 16 0.28068513
263 213 20 18 0.24889413
6 209 8 8 0.23527078
32 218 37 35 0.23263606
885 73 17 16 0.20198138
510 236 29 25 0.18721266
300 220 9 10 0.15690395
261 168 14 13 0.14676484
204 243 5 9 0.12876126
887 79 17 17 0.11173007
165 214 11 12 0.09673098
553 102 14 15 0.09647975
269 219 11 10 0.08362841
267 208 15 13 0.07514909
226 174 13 11 0.0705053
22 212 17 21 0.06846544
240 169 14 14 0.05780674
384 161 13 11 0.05014222
9 239 16 23 0.045376122
558 105 9 8 0.042724594
322 216 17 18 0.033171035
681 97 12 11 0.0319253
326 248 19 19 0.030001203
840 116 13 12 0.029539775
851 119 15 14 0.028658023
989 34 20 22 0.024411056
651 212 25 27 0.023326226
177 170 15 14 0.020954745
634 215 23 20 0.020097813
