5_Car_Accident_Accident_5_510
51
571 443 53 76 0.3031097
187 277 34 60 0.302559
196 291 23 36 0.29335445
223 1163 39 65 0.2594291
315 279 25 46 0.19505356
245 247 23 37 0.18064652
195 453 69 99 0.16288833
327 286 21 41 0.1568531
345 207 23 42 0.14360005
74 245 25 48 0.1265064
255 255 24 42 0.12581901
526 238 15 27 0.11453198
296 260 15 28 0.11286119
457 451 38 57 0.10117211
179 252 21 32 0.0967315
337 994 21 30 0.06262016
71 1257 15 31 0.05926953
40 247 29 60 0.05702188
92 276 35 56 0.052127518
69 244 20 39 0.051886432
188 244 17 31 0.051414415
303 289 11 21 0.04897481
449 258 15 24 0.04758636
212 278 29 57 0.046696518
376 995 23 39 0.046682626
462 249 16 28 0.045405574
373 1003 19 28 0.04530469
168 256 17 30 0.04438307
302 995 19 31 0.04137515
776 923 115 184 0.041017987
73 1257 7 15 0.0383936
398 256 13 22 0.03795193
28 272 35 70 0.03784084
518 224 17 30 0.037651487
300 216 25 41 0.036646042
450 457 52 77 0.034611546
503 547 69 97 0.032855056
332 190 46 81 0.028468406
229 280 24 46 0.027026774
533 281 28 42 0.025711693
411 264 10 16 0.025316922
514 563 45 71 0.02452362
484 251 11 18 0.024281548
165 1197 29 49 0.023908496
583 102 16 28 0.023768593
775 945 75 140 0.02342619
54 1244 17 31 0.022132836
245 229 8 12 0.02159725
317 239 17 34 0.021334523
89 1226 16 31 0.021318786
546 437 41 70 0.020400086
