5_Car_Accident_Accident_5_515
21
918 470 47 49 0.607181
128 383 42 43 0.4738323
834 215 41 42 0.40214923
454 217 37 39 0.32178298
118 361 68 88 0.1829382
363 622 121 94 0.13756676
487 506 112 104 0.063282244
371 569 143 151 0.05523064
295 409 85 75 0.04262719
866 218 32 36 0.041202307
932 478 20 29 0.039684456
464 206 33 32 0.034481917
820 205 61 59 0.030863615
844 204 37 35 0.029137889
726 210 58 45 0.027620638
654 295 86 53 0.02568344
689 197 38 40 0.02465279
724 202 39 39 0.021578168
455 224 24 26 0.021430561
925 580 105 100 0.021124788
314 598 126 149 0.020757774
