5_Car_Accident_Accident_5_948
20
656 141 34 32 0.38662574
335 284 33 27 0.1791636
666 152 22 24 0.13336994
341 286 20 20 0.08921087
277 175 19 19 0.05869577
508 323 30 24 0.05559893
685 188 8 7 0.051152527
682 123 22 19 0.04860391
441 191 264 193 0.046259742
816 446 252 192 0.04108189
693 120 17 18 0.0371945
589 316 73 64 0.031670284
599 416 34 35 0.026467476
413 470 21 19 0.0234468
895 584 56 44 0.022671197
335 277 27 25 0.021996872
742 210 361 252 0.021340348
160 177 20 17 0.020962583
853 492 144 124 0.02093359
677 196 15 15 0.020858033
