5_Car_Accident_Accident_5_234
87
414 401 23 24 0.4139359
264 383 30 30 0.4130387
652 479 34 33 0.39222422
264 387 19 20 0.356677
448 337 23 23 0.34389818
656 489 19 19 0.33937892
80 441 25 26 0.31276557
458 337 15 16 0.27568957
432 591 21 23 0.22130686
408 404 21 25 0.2090062
201 389 17 17 0.2025849
810 235 15 17 0.19791919
471 328 21 22 0.18535444
820 547 43 44 0.18080485
417 506 22 22 0.16845724
335 427 27 26 0.16360594
802 80 19 17 0.15714009
781 285 22 20 0.14940345
597 571 21 24 0.13416722
24 565 27 29 0.12326339
804 316 22 24 0.11431153
811 83 12 13 0.10769365
334 421 17 19 0.104310855
586 133 11 10 0.10307901
387 324 14 13 0.1024309
578 537 32 29 0.10071157
556 579 33 33 0.095498934
335 412 17 16 0.08826954
629 129 9 8 0.08269445
490 165 14 13 0.08224271
857 351 24 24 0.08028659
554 138 18 15 0.07588449
201 392 11 10 0.07481167
382 321 13 12 0.074294016
863 279 12 13 0.073111795
568 469 57 49 0.07230756
654 419 56 54 0.067889966
414 583 36 35 0.06349667
687 460 37 35 0.060880203
781 216 16 17 0.06057161
883 271 14 15 0.059962254
136 532 29 30 0.05686709
42 502 30 36 0.05683642
815 532 36 38 0.053755414
679 124 14 12 0.052637745
439 169 13 13 0.048758335
341 368 13 15 0.048146166
123 527 20 24 0.04715667
593 539 18 19 0.04625624
425 172 17 15 0.04159072
601 128 11 12 0.041572724
885 264 17 15 0.041394576
410 428 31 30 0.041145984
877 281 21 20 0.040841326
131 536 22 21 0.040430646
532 156 11 11 0.040120196
778 308 19 21 0.038501885
671 128 9 9 0.036856484
176 424 13 13 0.03578336
54 493 20 24 0.035447303
454 354 18 24 0.0350693
843 267 17 20 0.034197204
668 459 29 32 0.032785106
786 105 8 8 0.03225443
308 406 20 21 0.032044064
340 358 16 15 0.031413663
336 408 46 45 0.030898064
334 503 29 29 0.030562844
873 353 15 18 0.028205894
416 585 24 23 0.02819442
798 320 29 31 0.027659498
232 391 12 11 0.027648045
36 489 25 27 0.02666854
236 413 13 12 0.025543837
11 563 34 36 0.025438378
782 207 17 15 0.023682414
345 330 10 11 0.023263806
83 451 20 20 0.022695381
94 467 20 21 0.022276111
557 145 9 6 0.022159023
520 160 13 10 0.021134743
626 481 24 26 0.020706668
469 165 14 14 0.02064911
1 429 20 24 0.020498542
785 299 20 21 0.020477496
387 373 14 17 0.020450547
106 301 173 151 0.020097183
