5_Car_Accident_Car_Crash_5_866
21
387 527 153 142 0.13600346
350 -1 52 33 0.12201812
409 589 114 98 0.09026302
362 90 63 63 0.08783035
339 -8 77 50 0.071747586
609 119 76 79 0.07008785
464 340 62 72 0.06474189
154 173 38 44 0.06389373
747 214 31 31 0.060836565
651 408 108 102 0.05928898
344 559 206 182 0.05113169
761 219 28 32 0.047678247
374 575 116 125 0.037184328
591 399 84 89 0.031453982
497 75 43 46 0.028060524
379 196 77 82 0.024602065
744 210 46 45 0.023270845
627 609 123 135 0.022151804
626 136 32 37 0.021580832
369 444 230 222 0.020762358
219 140 54 63 0.020724896
