5_Car_Accident_Car_Crash_5_51
19
263 237 20 19 0.32922307
734 261 36 32 0.2601129
767 270 18 20 0.2226137
754 268 21 21 0.21799713
187 243 17 14 0.18379249
759 271 34 34 0.16028269
107 225 15 14 0.09961553
708 244 19 19 0.08353004
197 250 8 9 0.08247886
702 265 19 17 0.07714072
522 234 15 15 0.07285058
662 365 37 38 0.058474
962 263 15 17 0.056885105
922 392 107 113 0.05399498
619 356 37 38 0.04154817
666 314 28 27 0.04077953
479 628 85 77 0.03581198
663 395 87 76 0.03157756
517 239 13 11 0.02862289
