5_Car_Accident_Accident_5_448
89
915 550 40 38 0.67780834
881 404 26 26 0.6381194
805 432 18 19 0.43583444
45 436 27 23 0.4089487
389 437 22 19 0.38153198
80 393 21 20 0.30625433
865 229 12 12 0.2443309
613 528 46 41 0.23339309
291 390 16 17 0.22750951
142 344 18 21 0.21749768
296 543 24 24 0.18454455
970 244 12 12 0.17875141
15 342 17 18 0.16965571
187 443 18 19 0.15893891
257 350 15 12 0.1490253
701 404 26 26 0.1355891
747 452 24 23 0.12812606
193 420 19 18 0.12735844
299 443 14 12 0.12229179
225 368 18 16 0.11273933
246 621 32 31 0.10878034
300 548 26 25 0.10175066
72 368 19 19 0.10058846
24 350 17 17 0.08728628
707 413 14 15 0.0836298
309 362 22 18 0.08128929
112 221 16 14 0.07518845
50 395 16 18 0.06961549
404 196 10 10 0.06824846
114 439 13 12 0.063621335
848 197 16 13 0.06268576
219 344 15 13 0.061327294
625 448 22 22 0.06045074
187 219 8 7 0.057012137
206 345 11 9 0.05645549
188 456 14 13 0.0534755
233 210 11 10 0.051944897
200 361 16 16 0.048566308
823 422 27 23 0.046131834
194 439 19 18 0.043943357
302 393 13 14 0.041968547
812 184 14 12 0.041425608
242 354 14 13 0.041009042
379 255 20 17 0.040533405
90 361 16 16 0.03956946
58 371 15 12 0.03852337
522 453 17 17 0.03849706
310 370 15 16 0.037716623
168 216 16 15 0.036996625
377 253 16 14 0.034249388
127 434 13 14 0.034245312
59 392 13 14 0.033165086
469 441 17 16 0.03269761
476 412 17 16 0.032287598
451 206 16 16 0.03210736
135 347 11 11 0.030588757
392 201 16 14 0.03023154
339 245 7 7 0.030172126
256 626 19 17 0.029737625
172 371 10 9 0.02911174
151 184 13 11 0.028053582
151 320 17 13 0.027322369
520 272 14 14 0.02702912
619 266 18 16 0.02645663
1 443 6 7 0.025755886
252 616 21 22 0.025721867
1010 371 14 15 0.025086686
787 185 15 11 0.02506906
988 342 13 14 0.025029128
984 334 23 19 0.024986511
3 338 42 34 0.024862176
816 188 11 8 0.024733966
241 610 35 33 0.024491398
201 429 23 23 0.0244103
334 390 20 20 0.024381122
695 452 23 24 0.024271138
492 565 98 94 0.023531366
401 358 21 19 0.023528803
847 213 13 14 0.023382055
383 264 12 11 0.022702416
929 561 15 21 0.02233608
634 446 15 15 0.022097424
519 403 16 16 0.02141714
592 661 24 20 0.021190483
55 308 15 16 0.020680577
821 195 5 5 0.020653984
404 145 14 11 0.02052219
144 179 19 17 0.020294458
888 206 9 6 0.020273283
