5_Car_Accident_Accident_5_642
25
692 726 35 49 0.21567029
51 666 14 24 0.20122701
583 747 12 20 0.1875079
491 648 17 28 0.17425334
607 653 13 18 0.14251791
702 743 18 30 0.094107494
701 752 37 54 0.086743176
477 736 22 35 0.061312187
611 659 10 13 0.051282763
367 724 11 17 0.051212907
489 624 19 27 0.04104816
537 753 8 11 0.03578614
715 698 163 228 0.03356856
369 727 8 12 0.03123288
562 765 14 21 0.03016091
723 763 38 52 0.028826883
747 628 18 24 0.025478996
249 643 9 13 0.024643298
475 745 10 16 0.02365257
750 640 13 18 0.023120191
620 655 10 17 0.02202852
488 637 27 38 0.021313438
70 679 12 20 0.020636123
465 244 30 45 0.02017983
546 752 12 17 0.020110326
