5_Car_Accident_Accident_5_34
25
694 52 26 25 0.4814145
756 66 27 26 0.44346562
600 57 32 33 0.4133022
520 66 21 23 0.40767762
606 61 20 23 0.27466148
765 71 15 16 0.18808217
986 68 38 56 0.15038957
609 13 28 23 0.09991173
202 323 122 138 0.055632226
615 3 36 33 0.050674606
904 14 189 173 0.04407094
698 20 19 17 0.042292252
219 370 87 97 0.042040642
733 55 26 26 0.04024588
259 114 27 27 0.037581533
881 63 27 31 0.032890234
683 467 336 286 0.03174699
705 42 40 38 0.030518163
209 344 80 97 0.023524389
321 23 20 17 0.022522151
761 535 213 178 0.022477621
95 73 15 16 0.021996062
935 26 127 126 0.021199701
-12 637 260 220 0.020678144
562 5 99 83 0.020138158
