5_Car_Accident_Accident_5_777
25
628 143 33 29 0.5323054
375 224 16 17 0.41322833
822 152 18 17 0.39716673
504 144 28 26 0.34993243
622 150 27 24 0.24373814
945 165 22 22 0.1914117
888 160 20 17 0.18885823
732 171 12 12 0.17358428
512 150 23 22 0.17231615
495 145 27 23 0.14805523
760 151 9 9 0.13900055
891 167 12 13 0.10919213
886 152 20 21 0.10239706
594 167 19 18 0.0987842
791 155 10 8 0.07955542
755 156 16 15 0.049600057
237 256 19 18 0.04688775
544 159 16 16 0.040082857
391 244 18 17 0.035676967
146 415 58 53 0.03035613
699 478 155 151 0.024476167
139 388 70 62 0.023327434
242 205 14 11 0.021483438
709 170 18 19 0.020943195
979 205 16 17 0.020044914
