5_Car_Accident_Accident_5_77
90
375 64 25 26 0.66982955
107 87 29 27 0.64985925
185 76 25 24 0.6075761
232 71 20 22 0.5993541
444 88 28 26 0.5891706
296 81 17 17 0.5321078
888 62 23 25 0.5220683
805 53 31 27 0.5144165
491 72 19 19 0.47774926
621 59 42 35 0.37326998
762 38 23 27 0.36451125
975 48 25 28 0.35914454
985 54 13 13 0.353256
439 58 18 16 0.34238115
921 49 51 41 0.34215602
577 66 26 28 0.33356062
385 0 19 15 0.30470353
512 30 23 20 0.26718742
391 2 10 9 0.1963065
531 70 31 25 0.16932349
79 75 30 26 0.16917503
907 45 75 59 0.15825346
675 88 25 24 0.15786062
707 76 11 8 0.1541117
589 48 19 14 0.1525821
751 52 12 13 0.15125841
904 60 26 24 0.14231683
520 90 23 21 0.13380194
199 -1 18 12 0.1321097
994 282 27 29 0.13094918
632 139 22 24 0.1302769
581 72 13 17 0.12778832
659 62 15 13 0.12089087
513 36 28 27 0.11534104
551 87 4 4 0.105180465
205 2 10 8 0.09653684
674 144 22 22 0.09633951
780 33 12 9 0.09597448
67 8 29 25 0.07797149
228 0 16 11 0.07698323
473 39 16 13 0.076359205
453 85 10 12 0.07466604
534 83 19 16 0.07166086
764 41 15 18 0.07077052
888 62 16 16 0.06793095
312 -1 17 10 0.06721608
721 72 13 14 0.06633723
664 72 7 6 0.06632661
771 29 15 13 0.06471981
953 55 21 21 0.06373363
475 14 19 14 0.061730165
820 450 45 31 0.059129518
741 57 13 8 0.058068488
120 98 2 4 0.053663038
617 3 18 13 0.05298046
641 68 14 17 0.050337963
898 70 6 9 0.04764076
195 86 4 6 0.041528434
4 55 25 26 0.041429725
691 189 17 16 0.040024973
730 68 15 18 0.039798148
674 183 38 34 0.03934909
390 -8 34 32 0.039284423
638 62 9 11 0.038421378
479 48 8 8 0.037445664
739 28 14 11 0.035039045
467 67 17 18 0.034650564
966 175 49 59 0.033498894
672 153 23 25 0.03339119
941 57 32 34 0.031822808
361 66 58 44 0.03148615
836 458 28 23 0.029745867
287 88 24 26 0.028039092
11 27 18 19 0.027925067
-2 106 18 23 0.02740408
685 68 19 18 0.027300695
0 2 14 13 0.025401937
599 64 18 15 0.024512213
586 521 157 131 0.024058633
544 222 20 21 0.023190929
882 571 117 79 0.023068892
154 353 75 62 0.022303138
498 78 4 6 0.02188167
627 89 26 28 0.021685474
193 91 19 18 0.021175332
442 60 11 14 0.021123653
130 351 59 50 0.021010878
317 1 8 8 0.020472124
773 263 118 89 0.020366866
438 207 44 37 0.020035585
