5_Car_Accident_Car_Crash_5_279
20
330 1 47 37 0.418709
334 15 34 24 0.27344108
242 22 28 22 0.21856596
338 21 31 29 0.1789453
240 24 19 18 0.13188307
724 247 20 21 0.101974756
712 248 28 25 0.06444821
233 240 59 53 0.06408819
325 622 26 27 0.03743676
258 26 29 20 0.035500597
851 599 141 123 0.034274735
433 380 125 101 0.030094119
-1 338 15 22 0.026552608
457 140 89 75 0.026192069
539 71 22 18 0.025269013
267 237 69 73 0.023191944
492 150 60 56 0.022516986
876 573 200 152 0.02194063
364 401 63 50 0.021730997
184 247 52 49 0.020259961
