5_Car_Accident_Accident_5_177
75
301 208 25 25 0.5815369
389 206 22 20 0.5661682
824 323 37 36 0.5200524
595 130 19 20 0.50788593
829 214 24 22 0.45882353
744 183 25 24 0.45011336
599 133 12 14 0.43441612
873 261 21 21 0.40645525
680 200 24 22 0.3852218
840 222 10 11 0.36484507
804 273 36 37 0.35049105
896 221 15 14 0.33720228
809 276 25 26 0.3272427
898 165 19 16 0.30746612
986 185 34 31 0.3053796
908 243 22 20 0.26664394
970 212 26 26 0.25786966
977 209 29 34 0.25466424
695 201 16 16 0.25065097
890 213 15 15 0.20616609
910 163 12 14 0.20029579
884 256 22 21 0.19310114
992 241 24 33 0.19125552
979 226 51 49 0.17909624
627 234 25 23 0.17865773
392 210 15 14 0.14698718
812 263 36 33 0.13906437
640 239 13 12 0.12735824
987 205 17 18 0.1264032
677 212 16 16 0.119451165
509 170 24 23 0.11878489
667 173 23 22 0.11820266
678 126 12 11 0.105879135
683 417 19 18 0.08543095
894 174 14 11 0.08182946
887 189 9 10 0.06903404
595 202 20 20 0.06699165
582 192 33 29 0.061515428
346 289 26 29 0.060720414
257 153 20 19 0.056009475
674 175 16 13 0.054808784
685 426 17 16 0.053838044
395 209 9 9 0.053782158
765 229 29 30 0.053419795
643 552 23 20 0.05205414
991 190 17 18 0.051373426
602 0 19 14 0.050754875
655 550 23 25 0.047720924
923 584 114 88 0.047391966
734 212 38 34 0.0433919
860 255 31 29 0.04323343
21 180 12 13 0.042422324
735 436 15 15 0.042266753
895 244 18 16 0.041789517
990 256 30 29 0.04074475
516 172 14 13 0.039874822
612 145 16 15 0.039614297
518 1 43 26 0.03751228
384 283 25 24 0.035331663
553 206 29 24 0.035103913
353 298 13 13 0.034307327
375 284 21 17 0.031262368
14 172 19 18 0.03045886
397 206 14 15 0.030063085
905 159 13 13 0.029614022
695 423 10 8 0.029310888
40 3 19 14 0.026991313
476 205 23 20 0.025766417
823 307 53 44 0.02549742
523 5 28 19 0.025224546
974 353 35 44 0.024328593
464 267 22 19 0.024257587
76 158 15 15 0.023245703
634 165 28 25 0.022821933
591 506 33 27 0.02018537
