61_Street_Battle_streetfight_61_282
34
599 740 190 293 0.8303442
641 117 141 225 0.826371
60 115 126 213 0.80989516
255 113 144 217 0.77531886
814 75 145 238 0.73489535
433 56 147 264 0.7328192
254 804 199 275 0.7169879
864 118 82 158 0.18094338
13 51 209 340 0.14563562
698 144 70 155 0.121850744
571 789 21 44 0.120601
658 728 189 320 0.108624905
892 131 47 131 0.10674284
723 159 59 126 0.10325652
442 129 91 168 0.0925433
63 167 51 107 0.083561204
252 146 73 148 0.082988724
447 144 52 102 0.07834679
666 128 83 189 0.07151088
287 81 165 279 0.06718896
562 773 40 83 0.06702054
659 168 61 109 0.06272757
111 102 119 236 0.048941918
411 847 111 245 0.044726525
264 856 75 131 0.039663933
908 128 51 140 0.03258347
-19 0 99 179 0.030460728
560 639 255 459 0.030063981
631 140 80 163 0.02441102
235 130 106 221 0.023358792
701 1038 156 277 0.021953056
275 696 273 394 0.021442153
356 862 99 171 0.020904424
769 1002 163 293 0.020274457
