61_Street_Battle_streetfight_61_606
25
182 83 102 90 0.78062755
481 82 103 91 0.7689856
636 133 102 84 0.7444172
756 78 115 111 0.66098624
317 122 122 97 0.6224552
588 159 58 39 0.11246031
484 94 84 55 0.10517182
640 155 63 43 0.10314558
596 149 109 55 0.100167036
759 107 84 56 0.08858071
748 176 37 23 0.061550092
307 146 88 59 0.05033731
596 166 35 21 0.041769203
164 96 90 68 0.040859234
216 97 86 49 0.03422079
420 17 22 13 0.030081308
189 103 52 38 0.029712634
513 102 80 51 0.029681535
346 149 68 65 0.027425548
499 141 56 27 0.026899995
466 121 135 67 0.02655477
476 102 62 37 0.025849702
729 169 63 39 0.024985325
446 193 46 23 0.024028648
441 7 11 6 0.020913957
