61_Street_Battle_streetfight_61_12
29
597 158 77 81 0.7956999
7 138 82 107 0.7848044
88 229 43 47 0.6703782
153 241 36 41 0.66678905
492 207 45 54 0.6541766
415 207 75 80 0.6315577
724 102 97 111 0.6251228
265 282 20 22 0.5322109
225 264 28 31 0.4224644
730 135 62 62 0.4035929
400 215 65 68 0.17229314
505 221 18 25 0.105427414
247 270 25 30 0.08699883
183 304 87 82 0.08584006
386 184 119 129 0.057024557
712 126 68 83 0.052330654
685 117 144 124 0.051464163
654 49 213 186 0.04401801
584 151 123 110 0.04365619
87 228 33 27 0.039365035
70 221 73 78 0.036129706
78 213 51 53 0.034688015
34 136 83 95 0.03332951
0 161 66 67 0.030521467
14 218 50 60 0.026362732
-9 130 82 85 0.025985053
199 241 61 52 0.025662832
598 183 40 48 0.023937061
161 259 29 32 0.023233324
