61_Street_Battle_streetfight_61_276
16
309 28 39 22 0.9946582913398743
806 23 37 24 0.9763500094413757
651 42 45 25 0.9742348194122314
4 56 30 21 0.9726209044456482
517 39 53 27 0.9699569940567017
942 31 38 25 0.956394374370575
255 47 41 35 0.9488354921340942
182 70 39 21 0.9381884932518005
771 49 45 27 0.9369427561759949
388 40 41 28 0.9081377387046814
338 66 42 23 0.9003341794013977
49 79 31 24 0.780563235282898
165 49 41 29 0.7600727081298828
126 47 24 25 0.7036855220794678
583 38 22 17 0.5588892102241516
446 56 27 20 0.5346589684486389
