61_Street_Battle_streetfight_61_936
34
830 379 40 42 0.7575726
501 224 36 37 0.63924533
131 268 39 39 0.53176564
692 325 39 38 0.44980145
850 280 27 28 0.35119528
872 246 43 39 0.25463617
670 322 37 41 0.22297667
980 337 37 48 0.16699393
970 267 30 34 0.16432057
855 237 65 60 0.10333737
486 270 23 21 0.093774095
362 327 31 26 0.08318538
488 235 39 39 0.05543968
942 312 101 100 0.051699884
340 326 36 32 0.048581485
980 218 21 23 0.04137652
924 289 111 96 0.040731084
545 557 240 216 0.039578445
767 241 23 21 0.038017485
978 201 23 27 0.037958413
961 205 21 20 0.036710892
880 262 39 36 0.034531437
244 392 116 106 0.033234544
940 184 80 63 0.033148207
812 640 183 161 0.030798063
935 237 90 90 0.028744582
837 247 29 29 0.028651314
507 227 21 29 0.026819907
542 674 177 145 0.02635521
999 206 16 18 0.025046181
824 217 90 102 0.02495865
964 251 54 61 0.022141559
390 601 191 183 0.02207413
428 157 150 140 0.021195682
