61_Street_Battle_streetfight_61_430
15
545 467 19 18 0.9940707087516785
767 450 16 17 0.9836860299110413
461 446 15 18 0.9771414399147034
382 458 18 21 0.972159743309021
843 460 21 24 0.9708074927330017
249 461 16 15 0.9565921425819397
139 444 23 26 0.9290505051612854
618 460 21 21 0.9287278652191162
700 452 16 16 0.9276010394096375
303 451 13 15 0.907747209072113
918 583 17 20 0.9022303819656372
913 386 22 26 0.853979229927063
928 442 13 14 0.7379859685897827
762 97 37 42 0.7265878915786743
953 439 17 18 0.6769180297851562
