61_Street_Battle_streetfight_61_913
24
102 303 66 54 0.55357677
228 314 31 29 0.5461541
114 311 42 42 0.27876374
85 292 107 83 0.1513464
982 112 44 44 0.13719548
150 203 11 10 0.084929384
214 305 62 56 0.07786702
890 122 97 119 0.054039165
873 369 22 19 0.043967605
228 200 18 16 0.038432073
612 379 53 47 0.034668434
226 200 12 12 0.034590796
129 203 14 14 0.032089826
927 119 75 112 0.030952241
201 201 8 7 0.030940127
141 460 22 19 0.027220853
150 4 118 100 0.02634427
586 395 25 24 0.025050534
910 137 97 136 0.024034403
583 368 92 78 0.022723395
797 548 64 56 0.022569317
89 22 134 113 0.022384774
130 458 25 21 0.021272475
892 10 170 136 0.020514341
