61_Street_Battle_streetfight_61_432
18
599 208 31 33 0.9960185885429382
142 230 54 49 0.9793327450752258
193 157 19 23 0.9691202640533447
640 529 30 26 0.9317832589149475
518 206 18 24 0.920552670955658
110 166 21 23 0.8850072026252747
743 322 21 29 0.873514711856842
965 379 30 29 0.8248676657676697
769 255 10 11 0.8029771447181702
658 321 19 26 0.7743490934371948
888 317 23 30 0.7386090159416199
232 215 32 40 0.6063269376754761
134 301 43 49 0.5775213241577148
624 272 21 28 0.5711952447891235
839 413 26 34 0.5681218504905701
752 328 28 29 0.5394436717033386
416 167 29 31 0.5266097784042358
804 428 29 25 0.5077906847000122
