61_Street_Battle_streetfight_61_162
21
770 244 49 50 0.7595509
36 424 55 56 0.711961
527 256 79 81 0.7005007
625 258 54 63 0.60223126
803 112 125 141 0.5088853
630 270 41 41 0.33460572
233 404 18 16 0.29871875
305 327 11 11 0.19033305
508 226 125 124 0.16168924
217 103 18 16 0.1507953
-12 392 156 109 0.13980526
239 405 11 12 0.1211196
358 400 27 29 0.08982584
104 451 30 33 0.07123608
143 564 32 30 0.047830272
554 267 74 63 0.04462964
152 569 21 21 0.042811595
0 435 57 43 0.024571463
511 257 65 62 0.022689074
123 539 68 59 0.022070944
225 443 28 29 0.02099011
