30_Surgeons_Surgeons_30_525
26
433 73 97 115 0.82317036
619 104 66 74 0.7339409
180 154 133 161 0.47309312
600 92 105 100 0.36984095
327 192 40 47 0.28895766
99 174 176 198 0.28337917
-16 228 84 103 0.27996233
1 234 49 86 0.17942832
809 444 43 35 0.1600702
336 201 21 26 0.14972083
79 254 116 102 0.08934859
600 412 42 37 0.059695266
318 0 39 23 0.057035178
823 453 22 26 0.05568023
958 246 27 30 0.031032203
612 104 47 53 0.029610282
6 250 71 64 0.026983222
688 342 21 25 0.026367856
774 432 35 31 0.025515702
447 96 50 65 0.022968555
622 123 29 34 0.0227507
239 610 123 110 0.02269608
-26 574 178 157 0.022368984
211 0 40 26 0.021270558
593 421 50 49 0.02116273
115 587 109 108 0.021089345
