30_Surgeons_Surgeons_30_8
23
303 190 63 67 0.7971954
585 193 72 69 0.78594685
408 175 76 87 0.78198075
702 144 62 65 0.6384171
596 213 45 40 0.22139092
302 454 30 29 0.12431236
352 412 157 110 0.06409378
410 197 52 50 0.050590236
457 124 67 61 0.05051913
633 155 37 36 0.042064905
572 199 56 54 0.035020996
979 485 37 45 0.033309467
449 112 94 90 0.030721502
384 189 58 48 0.029900225
285 441 63 56 0.027752481
424 99 160 128 0.02705891
722 143 65 64 0.02680897
581 327 138 133 0.026650324
651 127 112 98 0.026523339
307 204 39 43 0.023034131
709 265 137 112 0.022928372
146 6 121 60 0.022466738
274 195 63 57 0.022458274
