30_Surgeons_Surgeons_30_343
19
786 79 119 106 0.81037146
521 36 89 74 0.7949927
317 13 86 66 0.71409327
682 39 89 74 0.651921
174 151 103 104 0.6160585
743 104 184 98 0.18078028
525 39 70 46 0.16605973
291 -2 138 84 0.15817373
785 94 98 63 0.12437535
770 129 133 62 0.066623956
495 17 151 89 0.06431848
200 171 80 53 0.057167046
793 108 52 34 0.04573606
803 149 69 35 0.04421411
301 16 80 46 0.043632235
132 95 33 21 0.038926646
144 161 104 57 0.030114809
174 192 82 50 0.029078173
725 97 142 69 0.022065574
