30_Surgeons_Surgeons_30_115
32
465 306 83 79 0.6267134
210 284 44 46 0.52086693
306 272 72 80 0.5059799
576 195 71 72 0.38197157
577 206 47 49 0.2970909
135 173 87 110 0.28367594
637 191 61 71 0.24195784
480 326 56 50 0.24089454
829 230 74 96 0.23289281
95 268 37 39 0.23282064
112 138 162 140 0.19306605
262 -2 233 79 0.17846937
106 156 105 105 0.13556176
83 264 39 35 0.12918933
851 245 99 108 0.12246569
179 275 52 55 0.112424575
854 271 111 125 0.1042152
603 197 78 58 0.07998463
269 273 97 105 0.06916022
165 224 48 47 0.062403888
809 216 149 126 0.05900084
108 172 63 72 0.058841802
285 281 53 62 0.053558886
239 168 125 133 0.04200813
427 195 57 58 0.029481389
385 284 45 57 0.02488913
161 166 64 62 0.024780644
306 249 97 84 0.024035731
301 -2 343 146 0.020372055
196 262 96 99 0.020335693
269 501 101 110 0.020295177
629 207 83 77 0.020025982
