56_Voter_peoplevoting_56_122
82
687 58 44 43 0.7064622
834 60 43 42 0.6775968
555 74 44 41 0.6547154
889 28 56 51 0.5838545
762 34 45 42 0.5726117
935 80 48 51 0.56248456
902 179 72 58 0.53375137
436 43 34 28 0.5335165
653 341 133 89 0.46317557
398 12 35 32 0.45176047
610 46 41 36 0.42829347
903 35 38 34 0.38269004
962 13 30 28 0.37830794
79 62 37 36 0.36463407
529 21 30 23 0.30336452
598 18 25 20 0.27775192
392 13 23 19 0.2756908
474 4 37 30 0.27366892
899 22 48 38 0.2535353
539 62 53 45 0.23857781
481 15 30 28 0.23032764
910 80 53 50 0.20103157
471 114 39 32 0.19743083
240 8 32 24 0.17642538
469 11 29 23 0.16758756
654 0 43 33 0.16658945
285 125 45 37 0.1482034
403 19 19 17 0.14351125
78 68 47 49 0.13292322
21 398 156 172 0.12111928
487 32 32 31 0.117390014
676 3 31 25 0.10957151
204 41 19 20 0.10796752
998 44 31 45 0.10184234
807 9 22 24 0.08836318
167 47 29 31 0.07556132
617 58 29 26 0.07364199
157 67 16 18 0.07007787
673 52 65 61 0.06865701
215 41 25 26 0.06448453
446 2 20 16 0.06304322
23 15 25 22 0.05647277
706 2 26 18 0.055427838
256 17 20 16 0.055147935
312 9 29 22 0.053816274
295 104 56 49 0.05111248
402 4 15 15 0.04928984
808 127 23 24 0.049199913
11 46 16 22 0.049028654
975 117 44 42 0.04847745
80 27 23 21 0.04495248
18 26 22 20 0.04486099
926 94 38 40 0.043748982
347 22 27 25 0.042848773
484 122 15 14 0.040079784
827 85 25 34 0.039514348
777 5 21 20 0.039413862
415 141 16 18 0.0353445
79 47 29 23 0.03526171
323 45 28 26 0.034595046
376 22 21 19 0.033726513
184 14 20 17 0.03300422
92 12 19 15 0.03216595
293 15 31 25 0.030243391
838 73 30 25 0.029972646
300 0 24 18 0.02958383
441 543 157 119 0.029132877
669 33 97 85 0.028824832
144 50 26 22 0.027818814
1002 18 28 23 0.026054816
444 32 15 14 0.025157899
218 45 15 14 0.025015058
577 79 37 40 0.024140412
833 44 40 34 0.023918457
982 312 32 41 0.02313147
251 5 29 24 0.02309738
367 -1 17 13 0.023018738
919 60 81 74 0.02231897
931 183 55 51 0.022008073
414 139 26 27 0.021250788
380 103 31 27 0.02088464
998 61 38 34 0.020314
