56_Voter_peoplevoting_56_819
24
112 426 50 58 0.7937089
752 212 43 43 0.788131
486 442 30 39 0.760192
603 398 44 44 0.7567769
290 349 43 50 0.74607104
645 202 39 40 0.6964576
270 613 63 61 0.6469743
857 225 48 46 0.6173359
614 403 21 37 0.4343301
395 464 31 28 0.40323225
492 452 17 22 0.36295453
403 471 18 20 0.18222618
230 413 38 41 0.09801542
304 364 15 25 0.091292545
403 482 20 25 0.06810625
699 623 90 82 0.06664557
237 420 25 26 0.06261777
381 453 64 74 0.041838538
304 369 11 15 0.041530512
725 649 39 32 0.026573315
847 135 150 127 0.024882553
715 154 128 122 0.021597361
685 599 186 159 0.02146693
125 439 20 25 0.020830125
