56_Voter_peoplevoting_56_663
35
491 298 48 49 0.7507858
825 44 90 94 0.6250678
670 148 35 32 0.5315627
330 211 53 41 0.36317182
325 209 41 34 0.31484765
351 206 41 40 0.22940022
105 225 17 17 0.19020776
314 181 17 15 0.13931589
3 220 11 11 0.12505886
660 141 53 50 0.11779433
94 222 13 12 0.09589152
43 224 21 18 0.09098809
633 166 17 16 0.0869226
466 285 100 88 0.08076326
382 168 18 17 0.08001174
188 201 12 12 0.0771868
208 144 109 88 0.07150594
638 290 26 25 0.063776575
84 224 11 10 0.06324541
317 183 11 10 0.053512644
194 200 11 12 0.05309435
232 181 13 12 0.050538108
642 294 17 17 0.046680897
524 623 38 32 0.03480922
385 582 158 133 0.03472641
838 71 63 58 0.03247673
684 148 32 29 0.032278605
829 65 53 53 0.03183197
259 198 16 16 0.031368155
21 220 11 12 0.027532825
476 597 93 80 0.02637034
644 345 85 73 0.024001082
496 308 26 32 0.023723755
418 619 96 83 0.022520108
318 190 37 32 0.021491218
