56_Voter_peoplevoting_56_528
62
451 182 55 51 0.75882316
903 245 58 55 0.7417176
509 147 48 50 0.7305737
614 133 41 39 0.7195909
316 61 24 24 0.6725619
177 66 24 23 0.63930064
258 68 23 22 0.5935202
483 29 22 22 0.5823332
513 235 50 49 0.55391884
474 23 41 33 0.50604904
539 51 22 21 0.4724885
413 51 20 22 0.4399551
838 99 23 20 0.39544916
927 90 26 26 0.39398393
778 123 31 28 0.36965683
778 117 24 25 0.32078183
691 89 24 26 0.30426508
76 74 26 24 0.28966704
685 91 20 21 0.2598412
666 83 21 19 0.23387554
844 103 12 14 0.21560763
605 63 22 19 0.2006692
896 63 17 15 0.19075033
795 399 28 28 0.1867742
766 101 19 22 0.17910679
614 66 25 25 0.15803067
323 64 15 16 0.13082132
908 68 15 15 0.13024366
433 159 94 93 0.1092811
937 96 12 11 0.09937251
251 62 36 34 0.09635466
896 70 13 14 0.0879952
917 73 19 18 0.086152025
802 404 18 20 0.081268705
582 215 41 43 0.07440044
522 159 24 29 0.0675865
775 376 72 74 0.065348335
668 95 22 18 0.05681469
84 79 11 11 0.056480277
595 60 14 11 0.051109497
981 242 32 53 0.04409211
769 85 11 13 0.041106496
464 48 17 20 0.039942607
769 65 14 13 0.03810356
528 239 52 43 0.03809069
461 193 36 34 0.036845524
618 62 18 16 0.036547273
609 105 55 53 0.033188354
588 234 28 28 0.031311274
830 156 22 23 0.027035244
913 249 32 36 0.026947834
770 97 81 65 0.026302941
955 93 26 33 0.02568473
501 195 54 60 0.025622586
694 86 17 20 0.024667786
608 72 13 11 0.024271857
552 189 121 100 0.02385203
566 269 96 88 0.023362473
464 163 58 52 0.02253545
955 63 16 19 0.022289231
181 68 13 18 0.022105994
790 131 11 14 0.021209672
