56_Voter_peoplevoting_56_344
35
89 55 24 23 0.6601048
800 92 16 16 0.6179184
694 64 27 26 0.5999193
979 69 21 20 0.5434848
184 83 18 17 0.52543885
553 79 17 16 0.51263434
460 83 23 23 0.49901062
641 66 17 18 0.49809155
51 75 25 24 0.46767834
308 54 20 23 0.4613601
889 82 17 17 0.4271161
382 84 21 20 0.40778813
896 85 15 14 0.34063232
218 75 22 20 0.3261305
342 73 23 22 0.32154968
645 71 9 9 0.25429857
910 80 24 24 0.21173093
186 86 10 9 0.20985378
645 66 12 11 0.2039238
374 93 13 11 0.14654332
330 69 17 18 0.12874417
99 65 4 6 0.11490473
879 573 16 14 0.07888863
378 95 7 6 0.06448949
871 570 26 21 0.063729964
315 60 7 11 0.06326629
854 339 15 14 0.051529817
274 78 14 15 0.03749251
815 83 23 21 0.029309783
179 91 19 19 0.02890882
675 404 15 12 0.025068803
808 655 30 25 0.022609193
59 62 8 10 0.020987898
24 514 12 12 0.020412412
706 73 9 11 0.020343745
