56_Voter_peoplevoting_56_228
22
110 79 57 59 0.75323784
593 303 62 58 0.7267906
639 247 32 36 0.67219627
11 209 45 49 0.61911815
793 332 31 30 0.6174963
907 324 46 41 0.6068658
548 275 53 52 0.5916021
459 402 42 36 0.5665726
3 202 80 67 0.29312247
923 331 24 25 0.05363161
992 510 12 11 0.049181107
102 62 96 86 0.04286848
779 325 45 42 0.039237335
268 315 18 16 0.036512665
19 229 32 41 0.035775907
478 302 40 35 0.033366494
237 610 130 110 0.032169707
607 319 25 27 0.030407412
514 230 120 117 0.029522972
540 422 28 25 0.028356565
739 521 115 91 0.025702784
787 315 52 49 0.021203656
