56_Voter_peoplevoting_56_717
21
411 -2 109 106 0.709092
558 64 84 100 0.70225954
824 -6 118 134 0.59948254
256 3 86 80 0.56472033
574 83 52 60 0.17647676
353 105 48 49 0.08554266
16 256 124 164 0.08458356
446 -9 63 92 0.0766916
590 81 30 51 0.06248409
-51 225 263 220 0.05701586
225 191 11 11 0.055893224
158 10 54 45 0.049076986
861 1 72 94 0.044106532
142 7 59 64 0.04357303
192 188 13 14 0.04100879
222 -10 128 113 0.039675895
168 1 61 40 0.03870677
-7 18 39 53 0.024650726
559 76 46 57 0.02180246
840 32 87 79 0.021460425
76 134 126 130 0.020242507
