56_Voter_peoplevoting_56_339
19
534 145 45 43 0.7224863
653 233 34 32 0.7001195
329 308 23 19 0.52206224
921 287 26 22 0.23769914
380 119 39 31 0.1097521
1002 435 21 22 0.064028904
383 140 35 25 0.047489464
354 105 81 59 0.043439217
726 171 18 19 0.038882982
379 304 22 19 0.03794113
294 118 36 31 0.03490332
483 162 24 23 0.031909615
960 375 19 18 0.029340656
7 130 40 39 0.026219508
807 500 89 78 0.024095014
406 -16 84 69 0.023916394
394 123 24 23 0.023748739
102 427 16 12 0.021052288
406 11 193 156 0.020031473
