56_Voter_peoplevoting_56_874
77
966 249 56 75 0.7864934
668 253 26 30 0.6346597
237 398 42 47 0.62874293
589 327 36 45 0.62348396
90 340 30 31 0.61918044
657 246 44 44 0.61519676
440 375 95 100 0.540694
142 352 26 30 0.5403764
36 341 23 26 0.53332114
665 437 114 159 0.5283191
157 426 40 50 0.50196916
144 382 49 47 0.4521913
15 298 16 21 0.44326597
786 310 45 66 0.41830868
154 394 30 38 0.4130576
30 332 35 34 0.40483394
507 276 25 27 0.38018247
188 255 20 20 0.34526834
475 356 86 86 0.3425527
967 222 34 45 0.33463615
565 305 19 23 0.28257084
60 282 22 21 0.26780024
93 345 15 22 0.20985958
529 312 26 24 0.20477244
155 287 21 22 0.19451141
754 278 84 94 0.1857966
334 261 14 12 0.15709314
449 281 16 17 0.14795253
450 253 21 22 0.14378823
408 279 10 11 0.13946892
977 424 55 67 0.13865776
314 391 36 41 0.12787364
27 293 19 20 0.12658544
549 328 18 21 0.123256
533 322 40 39 0.0958341
53 361 24 25 0.09410408
978 220 24 34 0.08404144
504 271 142 111 0.08280256
526 298 58 61 0.08220839
324 251 17 16 0.07447395
130 296 9 9 0.07409887
14 293 13 16 0.07392523
389 276 13 20 0.07238373
935 192 93 81 0.06826285
458 242 22 22 0.06220666
255 250 13 14 0.0550604
489 233 16 16 0.0526933
465 415 40 69 0.049205303
969 386 52 105 0.046682633
597 332 21 29 0.046358924
167 313 13 16 0.045416452
371 258 9 9 0.044766158
211 385 81 77 0.039901685
552 435 233 231 0.039796527
339 280 18 19 0.039026532
391 245 15 17 0.03733465
673 258 13 21 0.03587043
245 242 9 7 0.034191858
366 285 6 7 0.033358052
970 230 22 26 0.031276148
73 586 60 64 0.03034466
531 288 27 33 0.02991134
575 299 40 46 0.02951005
508 226 19 23 0.029314844
302 237 14 12 0.028705148
150 362 7 11 0.028333234
105 292 13 17 0.027905392
238 258 5 6 0.025398174
336 232 11 12 0.025347115
115 312 5 7 0.02473362
535 315 16 19 0.024641493
415 257 7 7 0.02439511
313 349 38 45 0.023398709
854 343 176 166 0.022882836
651 336 57 61 0.020903843
378 345 41 50 0.020373791
497 358 53 53 0.020324457
