56_Voter_peoplevoting_56_410
76
738 473 25 27 0.435878
419 432 24 24 0.42191404
800 453 48 49 0.38442773
924 452 41 38 0.30407426
827 433 16 19 0.29712027
31 416 18 18 0.23054859
262 462 30 32 0.22089915
180 432 21 22 0.21504146
553 447 19 17 0.21416494
619 456 21 22 0.19982037
480 437 12 15 0.19460489
320 62 26 26 0.17720008
29 413 28 28 0.17249396
690 463 19 19 0.16737568
544 443 12 14 0.15441117
966 445 21 23 0.15349147
226 445 18 19 0.15071918
624 465 19 21 0.14440884
823 450 19 19 0.14258431
117 444 21 21 0.14021355
314 441 11 12 0.12955333
173 53 29 31 0.121182896
166 60 21 19 0.1176147
179 441 16 17 0.11233634
482 440 15 15 0.10678274
149 408 29 26 0.106173955
315 66 20 18 0.09964259
848 419 20 23 0.09816693
372 439 9 12 0.09375851
876 455 25 29 0.09214153
43 442 12 17 0.08693554
390 60 37 33 0.0755254
919 456 18 19 0.07017146
201 425 10 11 0.06579918
172 419 13 14 0.06254242
368 423 11 11 0.058112632
844 424 16 15 0.054087646
330 444 12 13 0.053008925
211 73 33 29 0.052782714
254 64 20 19 0.052493636
189 468 19 17 0.04408065
391 68 22 21 0.04293369
155 56 28 30 0.042187173
403 434 14 18 0.041823316
308 446 7 7 0.041272655
693 472 13 16 0.040243708
90 58 20 17 0.039564937
242 67 18 18 0.03949329
108 404 53 42 0.039351866
107 444 12 13 0.038598783
278 445 14 14 0.037054926
892 440 18 19 0.033706326
920 436 26 26 0.032641184
382 424 10 13 0.032324295
269 419 12 14 0.031747475
87 441 13 14 0.031506278
303 424 12 11 0.031332143
410 418 9 11 0.030359877
827 427 12 13 0.02954099
349 421 11 8 0.0283989
526 440 9 10 0.028035942
225 59 31 29 0.027836692
742 426 13 13 0.026675865
531 428 9 10 0.026481032
848 454 34 33 0.02619981
172 39 109 100 0.025460452
245 453 15 16 0.025147693
739 422 22 19 0.024565138
629 447 15 18 0.024266228
119 417 13 15 0.023629777
600 442 15 13 0.022673095
758 476 109 99 0.022352133
157 439 20 17 0.021504859
521 430 9 7 0.021054853
580 240 173 161 0.020865927
732 472 42 48 0.020596744
