56_Voter_peoplevoting_56_21
24
787 263 23 26 0.35699236
784 254 31 39 0.30633962
871 314 47 55 0.15644963
696 310 45 52 0.14472993
657 317 40 42 0.13709795
506 256 51 52 0.09074713
678 310 48 48 0.0859668
492 274 63 70 0.07365372
473 293 45 52 0.07228955
721 294 50 53 0.06704949
422 514 87 99 0.059101447
330 449 236 228 0.05869935
310 294 33 37 0.052763462
798 242 23 32 0.041278526
312 245 30 34 0.03502369
667 295 32 33 0.032410264
598 320 36 41 0.0313682
912 404 19 23 0.028900543
589 420 117 113 0.024448497
661 319 97 90 0.023384541
893 383 55 65 0.023304028
666 410 95 89 0.023088017
880 333 48 62 0.022179661
325 306 14 16 0.020533394
