56_Voter_peoplevoting_56_620
32
132 196 47 57 0.6411059
367 201 23 28 0.504895
284 204 40 42 0.4918793
117 177 72 96 0.45272684
819 144 30 36 0.41588724
443 233 20 19 0.19097562
534 215 15 15 0.1799434
337 233 29 36 0.17216623
291 212 25 28 0.15645142
241 237 28 29 0.14302821
482 233 13 14 0.10056452
499 214 13 14 0.07446816
824 161 28 30 0.063826755
353 253 11 15 0.059931464
371 227 20 25 0.059763953
533 219 10 9 0.05573903
89 190 66 63 0.052479785
350 240 16 20 0.044855036
367 229 18 20 0.040033367
464 233 13 16 0.039377403
125 201 31 46 0.038857214
571 237 10 12 0.033047892
259 345 23 28 0.032381956
831 150 24 33 0.029447235
453 266 18 18 0.026871054
557 229 16 17 0.025387924
429 416 75 77 0.023444299
441 451 91 87 0.022857139
289 191 49 68 0.022566777
243 208 30 34 0.020959115
18 132 167 183 0.020776914
548 213 15 18 0.020440519
