56_Voter_peoplevoting_56_370
30
210 560 132 176 0.7964737
280 360 88 138 0.7061239
393 272 31 60 0.6292552
387 256 49 95 0.5860775
460 345 32 60 0.42010373
72 599 43 76 0.347082
258 321 125 215 0.31093937
467 339 40 68 0.25873682
209 368 26 52 0.25344178
453 343 26 46 0.24827129
404 290 12 27 0.20675156
201 346 44 78 0.19098729
558 332 26 48 0.1546279
451 658 46 70 0.1447429
81 620 25 41 0.095370896
472 674 21 39 0.0645945
388 531 44 72 0.048935577
150 538 94 175 0.048069924
748 410 60 103 0.038076106
170 505 160 284 0.03613095
279 591 74 153 0.035793398
208 370 19 34 0.03465974
579 322 24 51 0.030517822
424 492 61 105 0.029211376
353 382 38 75 0.028425423
586 438 35 56 0.028224094
316 415 52 83 0.023783721
421 759 130 218 0.023734808
208 317 122 225 0.021770319
212 1068 179 281 0.02041468
