56_Voter_peoplevoting_56_350
97
35 363 43 47 0.49704778
-5 318 54 61 0.48050442
334 405 39 32 0.43582878
518 316 30 26 0.3933185
19 345 53 62 0.30657578
386 385 43 38 0.30355018
633 194 17 17 0.27779752
902 307 29 25 0.25200427
343 411 23 22 0.2444082
557 336 30 26 0.19025065
660 360 31 31 0.17404412
886 268 19 19 0.16770038
762 293 18 14 0.16366632
643 350 21 18 0.15079375
831 322 11 11 0.14671211
543 344 32 25 0.13899307
541 561 21 23 0.1338228
190 78 16 13 0.1328321
635 346 27 27 0.12673837
830 304 26 23 0.1246671
701 223 11 11 0.1174851
401 391 24 23 0.11298543
847 295 24 22 0.10940553
896 252 15 15 0.10520602
739 226 13 11 0.100373656
605 168 13 13 0.10004927
100 466 65 60 0.0944756
467 152 9 9 0.085081965
181 73 13 12 0.08270855
720 202 8 8 0.07741917
129 470 55 61 0.07288672
979 307 20 22 0.06647578
849 267 19 15 0.06261294
895 250 12 9 0.061746318
109 57 9 8 0.061730087
828 272 12 10 0.061472572
201 97 12 10 0.06031067
97 446 55 55 0.05884421
729 353 15 16 0.0588352
768 205 21 14 0.057789046
784 230 14 11 0.0555833
821 234 14 12 0.055349685
566 174 8 7 0.051452443
403 491 29 33 0.05105264
544 192 15 14 0.050200388
339 127 7 6 0.049410034
265 111 4 4 0.04891479
657 348 21 23 0.04705838
953 300 29 20 0.046875924
919 246 14 14 0.046802394
455 133 13 9 0.04632323
228 104 8 8 0.04629767
10 35 14 12 0.04569694
306 112 6 5 0.04471309
738 206 13 10 0.044177037
30 473 40 54 0.04404035
760 240 19 19 0.043982826
121 61 7 6 0.041617054
552 315 41 39 0.04055226
423 129 5 5 0.04015344
465 129 11 11 0.039293773
824 243 10 9 0.039007492
252 106 9 10 0.038761187
464 152 5 4 0.038755793
146 435 48 49 0.03808537
852 252 9 6 0.03715927
821 301 18 16 0.035556667
468 390 35 31 0.034752384
675 210 6 5 0.034453686
204 95 10 10 0.033016846
399 147 8 7 0.032491516
696 210 13 15 0.032436796
408 127 8 8 0.032184377
680 359 18 19 0.032092787
483 355 39 40 0.03156068
520 160 10 8 0.03154271
992 306 16 14 0.03141984
889 245 36 30 0.031215137
672 219 8 7 0.030830938
605 180 7 7 0.030357093
47 50 6 6 0.02990876
371 373 53 59 0.02962831
836 254 13 14 0.029477622
263 80 12 11 0.0272356
813 234 16 13 0.025304513
870 258 42 33 0.024605699
914 303 20 18 0.024436379
53 40 12 9 0.023678945
836 316 22 24 0.02296511
637 353 31 35 0.02260544
527 183 7 6 0.022048308
828 319 15 11 0.02176112
499 356 35 28 0.021256668
717 351 17 16 0.020854376
670 182 9 8 0.020684594
996 317 15 15 0.020524438
225 413 27 24 0.020272583
