56_Voter_peoplevoting_56_260
40
473 140 39 39 0.7565598
902 428 44 37 0.7285322
37 311 35 35 0.7206893
687 158 42 40 0.7095512
21 208 40 40 0.70845264
856 217 34 35 0.7084108
273 153 49 45 0.70674044
947 222 26 28 0.65523636
923 315 39 38 0.62890595
-3 417 25 32 0.6211351
839 415 40 39 0.61442703
834 325 36 35 0.5921569
998 427 31 40 0.55628496
49 41 34 36 0.44041076
61 116 38 38 0.41416398
731 201 37 35 0.38245267
994 340 24 26 0.31405628
0 133 28 32 0.2935616
861 223 23 23 0.23823498
822 313 57 50 0.19563264
929 125 30 28 0.18160518
504 96 30 26 0.12016391
914 117 57 48 0.116375245
987 306 24 29 0.10500699
18 115 29 36 0.082237
9 139 14 19 0.07998219
885 313 37 40 0.06554377
735 207 25 19 0.06490333
998 288 21 27 0.06219886
855 426 11 19 0.055467285
48 84 42 44 0.05345565
965 312 33 31 0.047479603
34 220 13 19 0.04041239
874 215 31 39 0.033654675
301 511 46 36 0.03214064
925 328 29 28 0.03201802
42 107 48 52 0.027844151
676 208 24 28 0.025223427
70 143 28 29 0.023503395
61 45 30 28 0.021918885
