56_Voter_peoplevoting_56_441
36
204 249 108 143 0.59193665
988 608 12 15 0.1648062
975 648 13 16 0.13699672
959 495 29 33 0.106652744
21 381 46 57 0.098721914
988 579 9 12 0.095734715
619 546 19 22 0.07310379
957 544 14 17 0.0729263
916 578 14 16 0.054501407
985 610 18 25 0.053832542
902 486 7 9 0.04804683
968 505 23 25 0.04738681
892 476 26 24 0.0448016
973 649 18 23 0.04246371
784 518 12 13 0.041302707
987 446 16 19 0.037458092
794 532 10 9 0.035689052
148 228 195 187 0.03510735
898 580 15 15 0.034578312
716 526 13 13 0.034099884
992 440 14 15 0.032761395
590 475 10 11 0.0327163
702 547 17 17 0.029972732
716 535 10 9 0.027976278
605 545 23 22 0.027301867
7 376 81 80 0.027044142
80 376 45 46 0.026769955
933 601 14 18 0.026510349
974 561 14 15 0.023584839
758 551 13 13 0.023406513
1008 638 11 14 0.023272278
902 500 18 17 0.022855002
592 469 17 19 0.021734497
889 594 8 6 0.020696629
780 579 64 63 0.020551056
824 509 20 19 0.020444343
