56_Voter_peoplevoting_56_268
75
241 278 43 36 0.6854209
388 254 31 30 0.65869534
740 232 27 23 0.61680853
260 230 22 20 0.45077246
652 226 26 24 0.44318995
801 222 32 24 0.41796347
676 193 24 18 0.37038052
858 197 24 22 0.36903942
329 236 25 22 0.34871677
466 221 24 21 0.3383492
678 198 14 10 0.31282225
634 199 14 12 0.28789768
26 181 14 14 0.2774573
412 224 23 24 0.2750824
602 236 31 25 0.27157876
606 248 16 14 0.2645686
515 217 16 15 0.26030055
474 225 25 18 0.25598755
142 222 19 18 0.23436333
727 181 19 15 0.23306155
403 197 26 18 0.21157311
405 228 27 26 0.20521817
960 202 29 27 0.19856381
323 231 25 23 0.17280942
355 206 11 10 0.14980163
25 185 10 9 0.12787281
819 224 28 24 0.12338746
127 226 21 18 0.120765395
300 213 15 12 0.110949315
996 255 28 37 0.10994388
523 218 16 16 0.10707073
563 186 11 8 0.103762306
619 199 16 15 0.100138225
732 186 8 9 0.0995071
520 213 15 13 0.09743051
229 182 17 13 0.09198294
860 239 25 18 0.08592644
121 187 7 6 0.08284497
78 185 9 7 0.07734454
388 259 22 20 0.076909214
969 223 23 24 0.07438829
973 194 42 36 0.068931416
873 229 23 23 0.06767112
343 233 16 16 0.06757102
736 227 40 38 0.062104125
918 202 20 18 0.06209083
389 191 12 12 0.05927271
853 226 22 16 0.058341786
176 186 12 10 0.058006316
380 185 12 8 0.05652388
634 225 25 20 0.056104977
455 198 12 11 0.04667054
233 204 10 9 0.04330505
869 239 22 21 0.043018166
240 189 16 14 0.041016165
445 210 13 11 0.040705074
399 250 23 21 0.040675573
593 214 5 5 0.039987072
559 205 11 8 0.03729866
139 230 10 8 0.037169885
546 196 15 14 0.03407251
573 230 10 8 0.030939134
938 206 18 14 0.030912649
253 238 20 18 0.03009542
949 212 31 24 0.029871816
302 186 15 11 0.028925791
277 187 10 6 0.027450424
719 185 14 9 0.026892295
341 188 11 9 0.026633829
616 242 22 22 0.026327608
485 287 18 18 0.02566698
875 203 21 16 0.02477218
452 218 18 16 0.023423992
368 205 6 5 0.020888167
408 187 16 14 0.020818716
