56_Voter_peoplevoting_56_781
57
357 197 86 64 0.7751084
650 161 30 25 0.67769945
291 118 40 35 0.67641354
678 105 29 23 0.5416803
594 136 34 26 0.49785867
216 140 30 25 0.49522394
103 80 56 55 0.45393327
952 138 20 17 0.43923426
425 119 45 39 0.4338132
382 94 64 67 0.41067582
359 68 106 93 0.38962904
822 130 24 18 0.34523425
330 71 43 34 0.31785822
684 110 17 14 0.31453902
373 84 57 60 0.30232257
16 87 42 35 0.2993491
770 125 36 27 0.29152983
652 120 40 31 0.28238937
889 126 13 10 0.2629248
747 121 28 25 0.2377629
257 82 27 20 0.236704
246 82 29 21 0.21457076
992 121 32 25 0.20951717
764 117 55 45 0.1785973
766 127 22 22 0.14945832
671 129 23 20 0.14729762
97 55 38 32 0.11708658
167 86 44 39 0.112580895
140 67 108 83 0.094914295
271 111 68 52 0.0946527
813 137 23 18 0.094371036
398 104 98 67 0.08785204
968 134 16 13 0.08374723
645 127 22 18 0.080082014
951 134 17 14 0.071765184
20 47 31 26 0.06735835
93 112 44 54 0.06494959
770 135 33 25 0.059330825
340 62 70 57 0.05077176
741 135 28 26 0.045265406
226 84 29 16 0.040263776
697 125 19 14 0.03975918
180 121 34 40 0.03883795
168 81 78 56 0.036217876
267 167 26 25 0.035929967
360 213 43 34 0.035829935
121 76 69 66 0.034710873
103 149 54 51 0.03423176
607 317 12 12 0.03320528
283 173 27 24 0.031240778
853 131 10 7 0.028883858
705 144 10 9 0.026923504
36 51 11 9 0.02678658
532 128 34 33 0.024577785
336 67 27 25 0.022854012
92 31 166 113 0.022102779
404 111 51 51 0.021278847
